              t                   M              a
    1.23833e-21         1.00000e+17    8.00000e-01
    1.23833e-21         9.63323e+16    7.58667e-01
    1.23833e-21         9.28354e+16    7.24663e-01
    1.23833e-21         8.92996e+16    6.95263e-01
    1.23833e-21         8.56214e+16    6.69217e-01
    1.23833e-21         8.17118e+16    6.45838e-01
    1.23833e-21         7.74765e+16    6.24673e-01
    1.23833e-21         7.28235e+16    6.04558e-01
    1.23833e-21         6.76063e+16    5.85444e-01
    1.23833e-21         6.15583e+16    5.67399e-01
    1.23833e-21         5.79178e+16    5.58682e-01
    1.23833e-21         5.38144e+16    5.49716e-01
    1.23833e-21         4.90720e+16    5.40408e-01
    1.23833e-21         4.62271e+16    5.35511e-01
    1.23833e-21         4.30244e+16    5.30412e-01
    1.23833e-21         3.93265e+16    5.25030e-01
    1.23833e-21         3.71131e+16    5.22145e-01
    1.23833e-21         3.46276e+16    5.19115e-01
    1.23833e-21         3.17722e+16    5.15898e-01
    1.23833e-21         3.00762e+16    5.14165e-01
    1.23833e-21         2.81834e+16    5.12341e-01
    1.23833e-21         2.60277e+16    5.10404e-01
    1.23833e-21         2.35000e+16    5.08318e-01
    1.23833e-21         2.19496e+16    5.07172e-01
    1.23833e-21         2.01722e+16    5.05948e-01
    1.23833e-21         1.91200e+16    5.05283e-01
    1.23833e-21         1.79488e+16    5.04582e-01
    1.23833e-21         1.66197e+16    5.03835e-01
    1.23833e-21         1.50696e+16    5.03029e-01
    1.23833e-21         1.41268e+16    5.02585e-01
    1.23833e-21         1.30539e+16    5.02111e-01
    1.23833e-21         1.17975e+16    5.01598e-01
    1.23833e-21         1.10283e+16    5.01314e-01
    1.23833e-21         1.01481e+16    5.01010e-01
    1.23833e-21         9.62830e+15    5.00845e-01
    1.23833e-21         9.05089e+15    5.00670e-01
    1.23833e-21         8.39745e+15    5.00484e-01
    1.23833e-21         7.63835e+15    5.00282e-01
    1.23833e-21         7.17961e+15    5.00172e-01
    1.23833e-21         6.66038e+15    5.00054e-01
    1.23833e-21         6.05703e+15    4.99926e-01
    1.23833e-21         5.69226e+15    4.99855e-01
    1.23833e-21         5.27924e+15    4.99778e-01
    1.23833e-21         4.79906e+15    4.99694e-01
    1.23833e-21         4.50852e+15    4.99646e-01
    1.23833e-21         4.17932e+15    4.99595e-01
    1.23833e-21         3.79622e+15    4.99539e-01
    1.23833e-21         3.56406e+15    4.99507e-01
    1.23833e-21         3.30066e+15    4.99473e-01
    1.23833e-21         2.99355e+15    4.99435e-01
    1.23833e-21         2.80686e+15    4.99413e-01
    1.23833e-21         2.59453e+15    4.99390e-01
    1.23833e-21         2.34601e+15    4.99365e-01
    1.23833e-21         2.19403e+15    4.99350e-01
    1.23833e-21         2.02026e+15    4.99335e-01
    1.23833e-21         1.91779e+15    4.99326e-01
    1.23833e-21         1.80408e+15    4.99317e-01
    1.23833e-21         1.67558e+15    4.99307e-01
    1.23833e-21         1.52661e+15    4.99296e-01
    1.23833e-21         1.43688e+15    4.99290e-01
    1.23833e-21         1.33560e+15    4.99283e-01
    1.23833e-21         1.21837e+15    4.99276e-01
    1.23833e-21         1.14793e+15    4.99272e-01
    1.23833e-21         1.06859e+15    4.99267e-01
    1.23833e-21         9.77020e+14    4.99262e-01
    1.23833e-21         9.22252e+14    4.99260e-01
    1.23833e-21         8.60787e+14    4.99257e-01
    1.23833e-21         7.90230e+14    4.99254e-01
    1.23833e-21         7.48371e+14    4.99252e-01
    1.23833e-21         7.01698e+14    4.99250e-01
    1.23833e-21         6.48610e+14    4.99248e-01
    1.23833e-21         5.86475e+14    4.99246e-01
    1.23833e-21         5.48476e+14    4.99245e-01
    1.23833e-21         5.05030e+14    4.99243e-01
    1.23833e-21         4.79408e+14    4.99242e-01
    1.23833e-21         4.50975e+14    4.99242e-01
    1.23833e-21         4.18843e+14    4.99241e-01
    1.23833e-21         3.81592e+14    4.99240e-01
    1.23833e-21         3.59152e+14    4.99239e-01
    1.23833e-21         3.33821e+14    4.99239e-01
    1.23833e-21         3.04500e+14    4.99238e-01
    1.23833e-21         2.86880e+14    4.99238e-01
    1.23833e-21         2.67029e+14    4.99237e-01
    1.23833e-21         2.44117e+14    4.99237e-01
    1.23833e-21         2.30410e+14    4.99237e-01
    1.23833e-21         2.15023e+14    4.99236e-01
    1.23833e-21         1.97355e+14    4.99236e-01
    1.23833e-21         1.86869e+14    4.99236e-01
    1.23833e-21         1.75173e+14    4.99236e-01
    1.23833e-21         1.61862e+14    4.99236e-01
    1.23833e-21         1.46273e+14    4.99235e-01
    1.23833e-21         1.36728e+14    4.99235e-01
    1.23833e-21         1.25805e+14    4.99235e-01
    1.23833e-21         1.19353e+14    4.99235e-01
    1.23833e-21         1.12185e+14    4.99235e-01
    1.23833e-21         1.04072e+14    4.99235e-01
    1.23833e-21         9.46446e+13    4.99235e-01
    1.23833e-21         8.89451e+13    4.99235e-01
    1.23833e-21         8.24917e+13    4.99235e-01
    1.23833e-21         7.49892e+13    4.99235e-01
    1.23833e-21         7.04497e+13    4.99235e-01
    1.23833e-21         6.53064e+13    4.99235e-01
    1.23833e-21         5.93211e+13    4.99235e-01
    1.23833e-21         5.56940e+13    4.99235e-01
    1.23833e-21         5.15792e+13    4.99235e-01
    1.23833e-21         4.67816e+13    4.99235e-01
    1.23833e-21         4.38656e+13    4.99234e-01
    1.23833e-21         4.05490e+13    4.99234e-01
    1.23833e-21         3.66677e+13    4.99234e-01
    1.23833e-21         3.42945e+13    4.99234e-01
    1.23833e-21         3.15814e+13    4.99234e-01
    1.23833e-21         2.99818e+13    4.99234e-01
    1.23833e-21         2.82069e+13    4.99234e-01
    1.23833e-21         2.62017e+13    4.99234e-01
    1.23833e-21         2.38777e+13    4.99234e-01
    1.23833e-21         2.24786e+13    4.99234e-01
    1.23833e-21         2.08998e+13    4.99234e-01
    1.23833e-21         1.90736e+13    4.99234e-01
    1.23833e-21         1.79772e+13    4.99234e-01
    1.23833e-21         1.67430e+13    4.99234e-01
    1.23833e-21         1.53202e+13    4.99234e-01
    1.23833e-21         1.44705e+13    4.99234e-01
    1.23833e-21         1.35181e+13    4.99234e-01
    1.23833e-21         1.24267e+13    4.99234e-01
    1.23833e-21         1.17810e+13    4.99234e-01
    1.23833e-21         1.10626e+13    4.99234e-01
    1.23833e-21         1.02478e+13    4.99234e-01
    1.23833e-21         9.29826e+12    4.99234e-01
    1.23833e-21         8.72159e+12    4.99234e-01
    1.23833e-21         8.06615e+12    4.99234e-01
    1.23833e-21         7.29985e+12    4.99234e-01
    1.23833e-21         6.83203e+12    4.99234e-01
    1.23833e-21         6.29796e+12    4.99234e-01
    1.23833e-21         5.66947e+12    4.99234e-01
    1.23833e-21         5.28169e+12    4.99234e-01
    1.23833e-21         4.83487e+12    4.99234e-01
    1.23833e-21         4.56827e+12    4.99234e-01
    1.23833e-21         4.26963e+12    4.99234e-01
    1.23833e-21         3.92776e+12    4.99234e-01
    1.23833e-21         3.72578e+12    4.99234e-01
    1.23833e-21         3.50130e+12    4.99234e-01
    1.23833e-21         3.24711e+12    4.99234e-01
    1.23833e-21         2.95157e+12    4.99234e-01
    1.23833e-21         2.77273e+12    4.99234e-01
    1.23833e-21         2.57007e+12    4.99234e-01
    1.23833e-21         2.33419e+12    4.99234e-01
    1.23833e-21         2.19121e+12    4.99234e-01
    1.23833e-21         2.02896e+12    4.99234e-01
    1.23833e-21         1.83973e+12    4.99234e-01
    1.23833e-21         1.72464e+12    4.99234e-01
    1.23833e-21         1.59369e+12    4.99234e-01
    1.23833e-21         1.44033e+12    4.99234e-01
    1.23833e-21         1.34645e+12    4.99234e-01
    1.23833e-21         1.23902e+12    4.99234e-01
    1.23833e-21         1.17559e+12    4.99234e-01
    1.23833e-21         1.10513e+12    4.99234e-01
    1.23833e-21         1.02540e+12    4.99234e-01
    1.23833e-21         9.32788e+11    4.99234e-01
    1.23833e-21         8.76830e+11    4.99234e-01
    1.23833e-21         8.13501e+11    4.99234e-01
    1.23833e-21         7.39929e+11    4.99234e-01
    1.23833e-21         6.95463e+11    4.99234e-01
    1.23833e-21         6.45130e+11    4.99234e-01
    1.23833e-21         5.86637e+11    4.99234e-01
    1.23833e-21         5.51268e+11    4.99234e-01
    1.23833e-21         5.11214e+11    4.99234e-01
    1.23833e-21         4.64637e+11    4.99234e-01
    1.23833e-21         4.36446e+11    4.99234e-01
    1.23833e-21         4.04495e+11    4.99234e-01
    1.23833e-21         3.67298e+11    4.99234e-01
    1.23833e-21         3.44741e+11    4.99234e-01
    1.23833e-21         3.19136e+11    4.99234e-01
    1.23833e-21         2.89258e+11    4.99234e-01
    1.23833e-21         2.71073e+11    4.99234e-01
    1.23833e-21         2.50366e+11    4.99234e-01
    1.23833e-21         2.26093e+11    4.99234e-01
    1.23833e-21         2.11211e+11    4.99234e-01
    1.23833e-21         1.94157e+11    4.99234e-01
    1.23833e-21         1.84066e+11    4.99234e-01
    1.23833e-21         1.72839e+11    4.99234e-01
    1.23833e-21         1.60106e+11    4.99234e-01
    1.23833e-21         1.45267e+11    4.99234e-01
    1.23833e-21         1.36254e+11    4.99234e-01
    1.23833e-21         1.26010e+11    4.99234e-01
    1.23833e-21         1.14032e+11    4.99234e-01
    1.23833e-21         1.06719e+11    4.99234e-01
    1.23833e-21         9.83688e+10    4.99234e-01
    1.23833e-21         8.85412e+10    4.99234e-01
    1.23833e-21         8.24761e+10    4.99234e-01
    1.23833e-21         7.54862e+10    4.99234e-01
    1.23833e-21         7.13140e+10    4.99234e-01
    1.23833e-21         6.66393e+10    4.99234e-01
    1.23833e-21         6.12858e+10    4.99234e-01
    1.23833e-21         5.81209e+10    4.99234e-01
    1.23833e-21         5.46021e+10    4.99234e-01
    1.23833e-21         5.06150e+10    4.99234e-01
    1.23833e-21         4.59751e+10    4.99234e-01
    1.23833e-21         4.31632e+10    4.99234e-01
    1.23833e-21         3.99730e+10    4.99234e-01
    1.23833e-21         3.62533e+10    4.99234e-01
    1.23833e-21         3.39922e+10    4.99234e-01
    1.23833e-21         3.14204e+10    4.99234e-01
    1.23833e-21         2.84102e+10    4.99234e-01
    1.23833e-21         2.65693e+10    4.99234e-01
    1.23833e-21         2.44645e+10    4.99234e-01
    1.23833e-21         2.32232e+10    4.99234e-01
    1.23833e-21         2.18456e+10    4.99234e-01
    1.23833e-21         2.02888e+10    4.99234e-01
    1.23833e-21         1.84840e+10    4.99234e-01
    1.23833e-21         1.73968e+10    4.99234e-01
    1.23833e-21         1.61694e+10    4.99234e-01
    1.23833e-21         1.47486e+10    4.99234e-01
    1.23833e-21         1.38947e+10    4.99234e-01
    1.23833e-21         1.29327e+10    4.99234e-01
    1.23833e-21         1.18222e+10    4.99234e-01
    1.23833e-21         1.11577e+10    4.99234e-01
    1.23833e-21         1.04118e+10    4.99234e-01
    1.23833e-21         9.55512e+09    4.99234e-01
    1.23833e-21         9.04654e+09    4.99234e-01
    1.23833e-21         8.47917e+09    4.99234e-01
    1.23833e-21         7.83333e+09    4.99234e-01
    1.23833e-21         7.07661e+09    4.99234e-01
    1.23833e-21         6.61300e+09    4.99234e-01
    1.23833e-21         6.08211e+09    4.99234e-01
    1.23833e-21         5.76831e+09    4.99234e-01
    1.23833e-21         5.41943e+09    4.99234e-01
    1.23833e-21         5.02419e+09    4.99234e-01
    1.23833e-21         4.56431e+09    4.99234e-01
    1.23833e-21         4.28571e+09    4.99234e-01
    1.23833e-21         3.96970e+09    4.99234e-01
    1.23833e-21         3.60138e+09    4.99234e-01
    1.23833e-21         3.37763e+09    4.99234e-01
    1.23833e-21         3.12324e+09    4.99234e-01
    1.23833e-21         2.82573e+09    4.99234e-01
    1.23833e-21         2.64401e+09    4.99234e-01
    1.23833e-21         2.43644e+09    4.99234e-01
    1.23833e-21         2.31422e+09    4.99234e-01
    1.23833e-21         2.17875e+09    4.99234e-01
    1.23833e-21         2.02592e+09    4.99234e-01
    1.23833e-21         1.84915e+09    4.99234e-01
    1.23833e-21         1.74305e+09    4.99234e-01
    1.23833e-21         1.62366e+09    4.99234e-01
    1.23833e-21         1.48605e+09    4.99234e-01
    1.23833e-21         1.40392e+09    4.99234e-01
    1.23833e-21         1.31189e+09    4.99234e-01
    1.23833e-21         1.20650e+09    4.99234e-01
    1.23833e-21         1.14420e+09    4.99234e-01
    1.23833e-21         1.07493e+09    4.99234e-01
    1.23833e-21         9.96441e+08    4.99234e-01
    1.23833e-21         9.05102e+08    4.99234e-01
    1.23833e-21         8.49750e+08    4.99234e-01
    1.23833e-21         7.86951e+08    4.99234e-01
    1.23833e-21         7.13730e+08    4.99234e-01
    1.23833e-21         6.69223e+08    4.99234e-01
    1.23833e-21         6.18598e+08    4.99234e-01
    1.23833e-21         5.59349e+08    4.99234e-01
    1.23833e-21         5.23116e+08    4.99234e-01
    1.23833e-21         4.81690e+08    4.99234e-01
    1.23833e-21         4.57261e+08    4.99234e-01
    1.23833e-21         4.30152e+08    4.99234e-01
    1.23833e-21         3.99519e+08    4.99234e-01
    1.23833e-21         3.64007e+08    4.99234e-01
    1.23833e-21         3.42618e+08    4.99234e-01
    1.23833e-21         3.18476e+08    4.99234e-01
    1.23833e-21         2.90533e+08    4.99234e-01
    1.23833e-21         2.73746e+08    4.99234e-01
    1.23833e-21         2.54836e+08    4.99234e-01
    1.23833e-21         2.33016e+08    4.99234e-01
    1.23833e-21         2.19967e+08    4.99234e-01
    1.23833e-21         2.05324e+08    4.99234e-01
    1.23833e-21         1.88517e+08    4.99234e-01
    1.23833e-21         1.78549e+08    4.99234e-01
    1.23833e-21         1.67437e+08    4.99234e-01
    1.23833e-21         1.54801e+08    4.99234e-01
    1.23833e-21         1.40017e+08    4.99234e-01
    1.23833e-21         1.30982e+08    4.99234e-01
    1.23833e-21         1.20658e+08    4.99234e-01
    1.23833e-21         1.14574e+08    4.99234e-01
    1.23833e-21         1.07827e+08    4.99234e-01
    1.23833e-21         1.00210e+08    4.99234e-01
    1.23833e-21         9.13908e+07    4.99234e-01
    1.23833e-21         8.60889e+07    4.99234e-01
    1.23833e-21         8.01140e+07    4.99234e-01
    1.23833e-21         7.32145e+07    4.99234e-01
    1.23833e-21         6.90840e+07    4.99234e-01
    1.23833e-21         6.44448e+07    4.99234e-01
    1.23833e-21         5.91136e+07    4.99234e-01
    1.23833e-21         5.59455e+07    4.99234e-01
    1.23833e-21         5.24084e+07    4.99234e-01
    1.23833e-21         4.83778e+07    4.99234e-01
    1.23833e-21         4.36477e+07    4.99234e-01
    1.23833e-21         4.07422e+07    4.99234e-01
    1.23833e-21         3.74075e+07    4.99234e-01
    1.23833e-21         3.54296e+07    4.99234e-01
    1.23833e-21         3.32248e+07    4.99234e-01
    1.23833e-21         3.07176e+07    4.99234e-01
    1.23833e-21         2.77845e+07    4.99234e-01
    1.23833e-21         2.59919e+07    4.99234e-01
    1.23833e-21         2.39435e+07    4.99234e-01
    1.23833e-21         2.27366e+07    4.99234e-01
    1.23833e-21         2.13982e+07    4.99234e-01
    1.23833e-21         1.98871e+07    4.99234e-01
    1.23833e-21         1.81376e+07    4.99234e-01
    1.23833e-21         1.70860e+07    4.99234e-01
    1.23833e-21         1.59009e+07    4.99234e-01
    1.23833e-21         1.45326e+07    4.99234e-01
    1.23833e-21         1.37136e+07    4.99234e-01
    1.23833e-21         1.27938e+07    4.99234e-01
    1.23833e-21         1.17370e+07    4.99234e-01
    1.23833e-21         1.11092e+07    4.99234e-01
    1.23833e-21         1.04084e+07    4.99234e-01
    1.23833e-21         9.61005e+06    4.99234e-01
    1.23833e-21         8.67354e+06    4.99234e-01
    1.23833e-21         8.09871e+06    4.99234e-01
    1.23833e-21         7.43939e+06    4.99234e-01
    1.23833e-21         7.04870e+06    4.99234e-01
    1.23833e-21         6.61351e+06    4.99234e-01
    1.23833e-21         6.11916e+06    4.99234e-01
    1.23833e-21         5.54171e+06    4.99234e-01
    1.23833e-21         5.18967e+06    4.99234e-01
    1.23833e-21         4.78826e+06    4.99234e-01
    1.23833e-21         4.31672e+06    4.99234e-01
    1.23833e-21         4.02663e+06    4.99234e-01
    1.23833e-21         3.69324e+06    4.99234e-01
    1.23833e-21         3.49509e+06    4.99234e-01
    1.23833e-21         3.27383e+06    4.99234e-01
    1.23833e-21         3.02166e+06    4.99234e-01
    1.23833e-21         2.72564e+06    4.99234e-01
    1.23833e-21         2.54374e+06    4.99234e-01
    1.23833e-21         2.33489e+06    4.99234e-01
    1.23833e-21         2.21094e+06    4.99234e-01
    1.23833e-21         2.07272e+06    4.99234e-01
    1.23833e-21         1.91544e+06    4.99234e-01
    1.23833e-21         1.73127e+06    4.99234e-01
    1.23833e-21         1.61855e+06    4.99234e-01
    1.23833e-21         1.48959e+06    4.99234e-01
    1.23833e-21         1.41346e+06    4.99234e-01
    1.23833e-21         1.32890e+06    4.99234e-01
    1.23833e-21         1.23325e+06    4.99234e-01
    1.23833e-21         1.12218e+06    4.99234e-01
    1.23833e-21         1.05511e+06    4.99234e-01
    1.23833e-21         9.79242e+05    4.99234e-01
    1.23833e-21         8.91161e+05    4.99234e-01
    1.23833e-21         8.37985e+05    4.99234e-01
    1.23833e-21         7.77846e+05    4.99234e-01
    1.23833e-21         7.08048e+05    4.99234e-01
    1.23833e-21         6.65929e+05    4.99234e-01
    1.23833e-21         6.18314e+05    4.99234e-01
    1.23833e-21         5.63083e+05    4.99234e-01
    1.23833e-21         5.29784e+05    4.99234e-01
    1.23833e-21         4.92168e+05    4.99234e-01
    1.23833e-21         4.48583e+05    4.99234e-01
    1.23833e-21         4.22349e+05    4.99234e-01
    1.23833e-21         3.92756e+05    4.99234e-01
    1.23833e-21         3.58535e+05    4.99234e-01
    1.23833e-21         3.38002e+05    4.99234e-01
    1.23833e-21         3.14898e+05    4.99234e-01
    1.23833e-21         2.88281e+05    4.99234e-01
    1.23833e-21         2.72401e+05    4.99234e-01
    1.23833e-21         2.54615e+05    4.99234e-01
    1.23833e-21         2.34259e+05    4.99234e-01
    1.23833e-21         2.22234e+05    4.99234e-01
    1.23833e-21         2.08874e+05    4.99234e-01
    1.23833e-21         1.93749e+05    4.99234e-01
    1.23833e-21         1.76171e+05    4.99234e-01
    1.23833e-21         1.65540e+05    4.99234e-01
    1.23833e-21         1.53501e+05    4.99234e-01
    1.23833e-21         1.39499e+05    4.99234e-01
    1.23833e-21         1.31021e+05    4.99234e-01
    1.23833e-21         1.21412e+05    4.99234e-01
    1.23833e-21         1.10221e+05    4.99234e-01
    1.23833e-21         1.03431e+05    4.99234e-01
    1.23833e-21         9.57213e+04    4.99234e-01
    1.23833e-21         8.67192e+04    4.99234e-01
    1.23833e-21         8.12352e+04    4.99234e-01
    1.23833e-21         7.49857e+04    4.99234e-01
    1.23833e-21         6.76511e+04    4.99234e-01
    1.23833e-21         6.31455e+04    4.99234e-01
    1.23833e-21         5.79741e+04    4.99234e-01
    1.23833e-21         5.49064e+04    4.99234e-01
    1.23833e-21         5.14864e+04    4.99234e-01
    1.23833e-21         4.75970e+04    4.99234e-01
    1.23833e-21         4.30460e+04    4.99234e-01
    1.23833e-21         4.02639e+04    4.99234e-01
    1.23833e-21         3.70840e+04    4.99234e-01
    1.23833e-21         3.52097e+04    4.99234e-01
    1.23833e-21         3.31305e+04    4.99234e-01
    1.23833e-21         3.07822e+04    4.99234e-01
    1.23833e-21         2.80620e+04    4.99234e-01
    1.23833e-21         2.64254e+04    4.99234e-01
    1.23833e-21         2.45798e+04    4.99234e-01
    1.23833e-21         2.24466e+04    4.99234e-01
    1.23833e-21         2.11676e+04    4.99234e-01
    1.23833e-21         1.97295e+04    4.99234e-01
    1.23833e-21         1.80740e+04    4.99234e-01
    1.23833e-21         1.70877e+04    4.99234e-01
    1.23833e-21         1.59843e+04    4.99234e-01
    1.23833e-21         1.47232e+04    4.99234e-01
    1.23833e-21         1.39800e+04    4.99234e-01
    1.23833e-21         1.31558e+04    4.99234e-01
    1.23833e-21         1.22250e+04    4.99234e-01
    1.23833e-21         1.11470e+04    4.99234e-01
    1.23833e-21         1.04988e+04    4.99234e-01
    1.23833e-21         9.76800e+03    4.99234e-01
    1.23833e-21         8.92379e+03    4.99234e-01
    1.23833e-21         8.41804e+03    4.99234e-01
    1.23833e-21         7.84970e+03    4.99234e-01
    1.23833e-21         7.19608e+03    4.99234e-01
    1.23833e-21         6.80721e+03    4.99234e-01
    1.23833e-21         6.37264e+03    4.99234e-01
    1.23833e-21         5.87677e+03    4.99234e-01
    1.23833e-21         5.29370e+03    4.99234e-01
    1.23833e-21         4.93441e+03    4.99234e-01
    1.23833e-21         4.52088e+03    4.99234e-01
    1.23833e-21         4.27456e+03    4.99234e-01
    1.23833e-21         3.99904e+03    4.99234e-01
    1.23833e-21         3.68425e+03    4.99234e-01
    1.23833e-21         3.49880e+03    4.99234e-01
    1.23833e-21         3.29318e+03    4.99234e-01
    1.23833e-21         3.06108e+03    4.99234e-01
    1.23833e-21         2.79244e+03    4.99234e-01
    1.23833e-21         2.63104e+03    4.99234e-01
    1.23833e-21         2.44922e+03    4.99234e-01
    1.23833e-21         2.23942e+03    4.99234e-01
    1.23833e-21         2.11393e+03    4.99234e-01
    1.23833e-21         1.97311e+03    4.99234e-01
    1.23833e-21         1.81147e+03    4.99234e-01
    1.23833e-21         1.71559e+03    4.99234e-01
    1.23833e-21         1.60868e+03    4.99234e-01
    1.23833e-21         1.48710e+03    4.99234e-01
    1.23833e-21         1.34482e+03    4.99234e-01
    1.23833e-21         1.25783e+03    4.99234e-01
    1.23833e-21         1.15839e+03    4.99234e-01
    1.23833e-21         1.09977e+03    4.99234e-01
    1.23833e-21         1.03473e+03    4.99234e-01
    1.23833e-21         9.61266e+02    4.99234e-01
    1.23833e-21         8.76138e+02    4.99234e-01
    1.23833e-21         8.24901e+02    4.99234e-01
    1.23833e-21         7.67101e+02    4.99234e-01
    1.23833e-21         7.00262e+02    4.99234e-01
    1.23833e-21         6.60159e+02    4.99234e-01
    1.23833e-21         6.15035e+02    4.99234e-01
    1.23833e-21         5.63048e+02    4.99234e-01
    1.23833e-21         5.32032e+02    4.99234e-01
    1.23833e-21         4.97295e+02    4.99234e-01
    1.23833e-21         4.57535e+02    4.99234e-01
    1.23833e-21         4.34050e+02    4.99234e-01
    1.23833e-21         4.07955e+02    4.99234e-01
    1.23833e-21         3.78414e+02    4.99234e-01
    1.23833e-21         3.44082e+02    4.99234e-01
    1.23833e-21         3.23319e+02    4.99234e-01
    1.23833e-21         2.99804e+02    4.99234e-01
    1.23833e-21         2.72455e+02    4.99234e-01
    1.23833e-21         2.55898e+02    4.99234e-01
    1.23833e-21         2.37128e+02    4.99234e-01
    1.23833e-21         2.15270e+02    4.99234e-01
    1.23833e-21         2.02009e+02    4.99234e-01
    1.23833e-21         1.86949e+02    4.99234e-01
    1.23833e-21         1.69366e+02    4.99234e-01
    1.23833e-21         1.58654e+02    4.99234e-01
    1.23833e-21         1.46447e+02    4.99234e-01
    1.23833e-21         1.32120e+02    4.99234e-01
    1.23833e-21         1.23318e+02    4.99234e-01
    1.23833e-21         1.13216e+02    4.99234e-01
    1.23833e-21         1.07223e+02    4.99234e-01
    1.23833e-21         1.00541e+02    4.99234e-01
    1.23833e-21         9.29415e+01    4.99234e-01
    1.23833e-21         8.40486e+01    4.99234e-01
    1.23833e-21         7.86115e+01    4.99234e-01
    1.23833e-21         7.23962e+01    4.99234e-01
    1.23833e-21         6.87321e+01    4.99234e-01
    1.23833e-21         6.46669e+01    4.99234e-01
    1.23833e-21         6.00746e+01    4.99234e-01
    1.23833e-21         5.47532e+01    4.99234e-01
    1.23833e-21         5.15503e+01    4.99234e-01
    1.23833e-21         4.79369e+01    4.99234e-01
    1.23833e-21         4.37584e+01    4.99234e-01
    1.23833e-21         4.12510e+01    4.99234e-01
    1.23833e-21         3.84295e+01    4.99234e-01
    1.23833e-21         3.51786e+01    4.99234e-01
    1.23833e-21         3.32388e+01    4.99234e-01
    1.23833e-21         3.10660e+01    4.99234e-01
    1.23833e-21         2.85786e+01    4.99234e-01
    1.23833e-21         2.71090e+01    4.99234e-01
    1.23833e-21         2.54758e+01    4.99234e-01
    1.23833e-21         2.36264e+01    4.99234e-01
    1.23833e-21         2.14761e+01    4.99234e-01
    1.23833e-21         2.01750e+01    4.99234e-01
    1.23833e-21         1.87005e+01    4.99234e-01
    1.23833e-21         1.69844e+01    4.99234e-01
    1.23833e-21         1.59442e+01    4.99234e-01
    1.23833e-21         1.47639e+01    4.99234e-01
    1.23833e-21         1.33872e+01    4.99234e-01
    1.23833e-21         1.25500e+01    4.99234e-01
    1.23833e-21         1.15975e+01    4.99234e-01
    1.23833e-21         1.04820e+01    4.99234e-01
    1.23833e-21         9.79921e+00    4.99234e-01
    1.23833e-21         9.01798e+00    4.99234e-01
    1.23833e-21         8.55676e+00    4.99234e-01
    1.23833e-21         8.04447e+00    4.99234e-01
    1.23833e-21         7.46486e+00    4.99234e-01
    1.23833e-21         6.79175e+00    4.99234e-01
    1.23833e-21         6.38517e+00    4.99234e-01
    1.23833e-21         5.92518e+00    4.99234e-01
    1.23833e-21         5.39098e+00    4.99234e-01
    1.23833e-21         5.06833e+00    4.99234e-01
    1.23833e-21         4.70329e+00    4.99234e-01
    1.23833e-21         4.27939e+00    4.99234e-01
    1.23833e-21         4.02337e+00    4.99234e-01
    1.23833e-21         3.73372e+00    4.99234e-01
    1.23833e-21         3.39740e+00    4.99234e-01
    1.23833e-21         3.19430e+00    4.99234e-01
    1.23833e-21         2.96454e+00    4.99234e-01
    1.23833e-21         2.69780e+00    4.99234e-01
    1.23833e-21         2.53675e+00    4.99234e-01
    1.23833e-21         2.35460e+00    4.99234e-01
    1.23833e-21         2.14318e+00    4.99234e-01
    1.23833e-21         2.01558e+00    4.99234e-01
    1.23833e-21         1.87132e+00    4.99234e-01
    1.23833e-21         1.70396e+00    4.99234e-01
    1.23833e-21         1.60304e+00    4.99234e-01
    1.23833e-21         1.48900e+00    4.99234e-01
    1.23833e-21         1.35683e+00    4.99234e-01
    1.23833e-21         1.27725e+00    4.99234e-01
    1.23833e-21         1.18744e+00    4.99234e-01
    1.23833e-21         1.08352e+00    4.99234e-01
    1.23833e-21         1.02112e+00    4.99234e-01
    1.23833e-21         9.50862e-01    4.99234e-01
    1.23833e-21         8.69836e-01    4.99234e-01
    1.23833e-21         8.21424e-01    4.99234e-01
    1.23833e-21         7.67136e-01    4.99234e-01
    1.23833e-21         7.04894e-01    4.99234e-01
    1.23833e-21         6.68034e-01    4.99234e-01
    1.23833e-21         6.26995e-01    4.99234e-01
    1.23833e-21         5.80407e-01    4.99234e-01
    1.23833e-21         5.26040e-01    4.99234e-01
    1.23833e-21         4.92947e-01    4.99234e-01
    1.23833e-21         4.55262e-01    4.99234e-01
    1.23833e-21         4.11079e-01    4.99234e-01
    1.23833e-21         3.83984e-01    4.99234e-01
    1.23833e-21         3.52930e-01    4.99234e-01
    1.23833e-21         3.34551e-01    4.99234e-01
    1.23833e-21         3.14097e-01    4.99234e-01
    1.23833e-21         2.90892e-01    4.99234e-01
    1.23833e-21         2.63836e-01    4.99234e-01
    1.23833e-21         2.47392e-01    4.99234e-01
    1.23833e-21         2.28689e-01    4.99234e-01
    1.23833e-21         2.06802e-01    4.99234e-01
    1.23833e-21         1.93420e-01    4.99234e-01
    1.23833e-21         1.78121e-01    4.99234e-01
    1.23833e-21         1.69101e-01    4.99234e-01
    1.23833e-21         1.59094e-01    4.99234e-01
    1.23833e-21         1.47788e-01    4.99234e-01
    1.23833e-21         1.34686e-01    4.99234e-01
    1.23833e-21         1.26798e-01    4.99234e-01
    1.23833e-21         1.17898e-01    4.99234e-01
    1.23833e-21         1.07605e-01    4.99234e-01
    1.23833e-21         1.01426e-01    4.99234e-01
    1.23833e-21         9.44713e-02    4.99234e-01
    1.23833e-21         8.64553e-02    4.99234e-01
    1.23833e-21         8.16695e-02    4.99234e-01
    1.23833e-21         7.63065e-02    4.99234e-01
    1.23833e-21         7.01631e-02    4.99234e-01
    1.23833e-21         6.65300e-02    4.99234e-01
    1.23833e-21         6.24892e-02    4.99234e-01
    1.23833e-21         5.79089e-02    4.99234e-01
    1.23833e-21         5.25754e-02    4.99234e-01
    1.23833e-21         4.93402e-02    4.99234e-01
    1.23833e-21         4.56668e-02    4.99234e-01
    1.23833e-21         4.13786e-02    4.99234e-01
    1.23833e-21         3.87671e-02    4.99234e-01
    1.23833e-21         3.57919e-02    4.99234e-01
    1.23833e-21         3.23015e-02    4.99234e-01
    1.23833e-21         3.01588e-02    4.99234e-01
    1.23833e-21         2.77008e-02    4.99234e-01
    1.23833e-21         2.62440e-02    4.99234e-01
    1.23833e-21         2.46210e-02    4.99234e-01
    1.23833e-21         2.27770e-02    4.99234e-01
    1.23833e-21         2.06223e-02    4.99234e-01
    1.23833e-21         1.93081e-02    4.99234e-01
    1.23833e-21         1.78088e-02    4.99234e-01
    1.23833e-21         1.60465e-02    4.99234e-01
    1.23833e-21         1.49612e-02    4.99234e-01
    1.23833e-21         1.37127e-02    4.99234e-01
    1.23833e-21         1.29696e-02    4.99234e-01
    1.23833e-21         1.21389e-02    4.99234e-01
    1.23833e-21         1.11906e-02    4.99234e-01
    1.23833e-21         1.00748e-02    4.99234e-01
    1.23833e-21         9.38651e-03    4.99234e-01
    1.23833e-21         8.59355e-03    4.99234e-01
    1.23833e-21         8.12052e-03    4.99234e-01
    1.23833e-21         7.59078e-03    4.99234e-01
    1.23833e-21         6.98452e-03    4.99234e-01
    1.23833e-21         6.62648e-03    4.99234e-01
    1.23833e-21         6.22871e-03    4.99234e-01
    1.23833e-21         5.77851e-03    4.99234e-01
    1.23833e-21         5.25542e-03    4.99234e-01
    1.23833e-21         4.93923e-03    4.99234e-01
    1.23833e-21         4.58125e-03    4.99234e-01
    1.23833e-21         4.16515e-03    4.99234e-01
    1.23833e-21         3.91345e-03    4.99234e-01
    1.23833e-21         3.62834e-03    4.99234e-01
    1.23833e-21         3.29665e-03    4.99234e-01
    1.23833e-21         3.09576e-03    4.99234e-01
    1.23833e-21         2.86795e-03    4.99234e-01
    1.23833e-21         2.60250e-03    4.99234e-01
    1.23833e-21         2.44133e-03    4.99234e-01
    1.23833e-21         2.25817e-03    4.99234e-01
    1.23833e-21         2.04409e-03    4.99234e-01
    1.23833e-21         1.91346e-03    4.99234e-01
    1.23833e-21         1.76438e-03    4.99234e-01
    1.23833e-21         1.58905e-03    4.99234e-01
    1.23833e-21         1.48097e-03    4.99234e-01
    1.23833e-21         1.35654e-03    4.99234e-01
    1.23833e-21         1.28238e-03    4.99234e-01
    1.23833e-21         1.19941e-03    4.99234e-01
    1.23833e-21         1.10455e-03    4.99234e-01
    1.23833e-21         1.04863e-03    4.99234e-01
    1.23833e-21         9.86584e-04    4.99234e-01
    1.23833e-21         9.16489e-04    4.99234e-01
    1.23833e-21         8.35260e-04    4.99234e-01
    1.23833e-21         7.86363e-04    4.99234e-01
    1.23833e-21         7.31195e-04    4.99234e-01
    1.23833e-21         6.67388e-04    4.99234e-01
    1.23833e-21         6.29093e-04    4.99234e-01
    1.23833e-21         5.85994e-04    4.99234e-01
    1.23833e-21         5.36321e-04    4.99234e-01
    1.23833e-21         5.06672e-04    4.99234e-01
    1.23833e-21         4.73450e-04    4.99234e-01
    1.23833e-21         4.35403e-04    4.99234e-01
    1.23833e-21         4.12910e-04    4.99234e-01
    1.23833e-21         3.87899e-04    4.99234e-01
    1.23833e-21         3.59558e-04    4.99234e-01
    1.23833e-21         3.26574e-04    4.99234e-01
    1.23833e-21         3.06583e-04    4.99234e-01
    1.23833e-21         2.83899e-04    4.99234e-01
    1.23833e-21         2.57446e-04    4.99234e-01
    1.23833e-21         2.41361e-04    4.99234e-01
    1.23833e-21         2.23061e-04    4.99234e-01
    1.23833e-21         2.01636e-04    4.99234e-01
    1.23833e-21         1.88525e-04    4.99234e-01
    1.23833e-21         1.73528e-04    4.99234e-01
    1.23833e-21         1.64677e-04    4.99234e-01
    1.23833e-21         1.54849e-04    4.99234e-01
    1.23833e-21         1.43734e-04    4.99234e-01
    1.23833e-21         1.30834e-04    4.99234e-01
    1.23833e-21         1.23049e-04    4.99234e-01
    1.23833e-21         1.14248e-04    4.99234e-01
    1.23833e-21         1.04039e-04    4.99234e-01
    1.23833e-21         9.78834e-05    4.99234e-01
    1.23833e-21         9.09293e-05    4.99234e-01
    1.23833e-21         8.28708e-05    4.99234e-01
    1.23833e-21         7.80199e-05    4.99234e-01
    1.23833e-21         7.25469e-05    4.99234e-01
    1.23833e-21         6.62171e-05    4.99234e-01
    1.23833e-21         6.24182e-05    4.99234e-01
    1.23833e-21         5.81427e-05    4.99234e-01
    1.23833e-21         5.32154e-05    4.99234e-01
    1.23833e-21         5.02744e-05    4.99234e-01
    1.23833e-21         4.69792e-05    4.99234e-01
    1.23833e-21         4.32056e-05    4.99234e-01
    1.23833e-21         4.09748e-05    4.99234e-01
    1.23833e-21         3.84945e-05    4.99234e-01
    1.23833e-21         3.56843e-05    4.99234e-01
    1.23833e-21         3.24140e-05    4.99234e-01
    1.23833e-21         3.04322e-05    4.99234e-01
    1.23833e-21         2.81840e-05    4.99234e-01
    1.23833e-21         2.55627e-05    4.99234e-01
    1.23833e-21         2.39695e-05    4.99234e-01


