              t                   M              a
    1.23833e-21         1.00000e+17    8.00000e-01
    2.47665e-21         1.00000e+17    8.00000e-01
    4.95331e-21         1.00000e+17    8.00000e-01
    9.90662e-21         1.00000e+17    8.00000e-01
    1.98132e-20         1.00000e+17    8.00000e-01
    3.96265e-20         1.00000e+17    8.00000e-01
    7.92530e-20         1.00000e+17    8.00000e-01
    1.58506e-19         1.00000e+17    8.00000e-01
    3.17012e-19         1.00000e+17    8.00000e-01
    6.34024e-19         1.00000e+17    8.00000e-01
    1.26805e-18         1.00000e+17    8.00000e-01
    2.53609e-18         1.00000e+17    8.00000e-01
    5.07219e-18         1.00000e+17    8.00000e-01
    1.01444e-17         1.00000e+17    8.00000e-01
    2.02888e-17         1.00000e+17    8.00000e-01
    4.05775e-17         1.00000e+17    8.00000e-01
    8.11550e-17         1.00000e+17    8.00000e-01
    1.62310e-16         1.00000e+17    8.00000e-01
    3.24620e-16         1.00000e+17    8.00000e-01
    6.49240e-16         1.00000e+17    8.00000e-01
    1.29848e-15         1.00000e+17    8.00000e-01
    2.59696e-15         1.00000e+17    8.00000e-01
    5.19392e-15         1.00000e+17    8.00000e-01
    1.03878e-14         1.00000e+17    8.00000e-01
    2.07757e-14         1.00000e+17    8.00000e-01
    4.15514e-14         1.00000e+17    8.00000e-01
    8.31027e-14         1.00000e+17    8.00000e-01
    1.66205e-13         1.00000e+17    8.00000e-01
    3.32411e-13         1.00000e+17    8.00000e-01
    6.64822e-13         1.00000e+17    8.00000e-01
    1.32964e-12         1.00000e+17    8.00000e-01
    2.65929e-12         1.00000e+17    8.00000e-01
    5.31858e-12         1.00000e+17    8.00000e-01
    1.06372e-11         1.00000e+17    8.00000e-01
    2.12743e-11         1.00000e+17    8.00000e-01
    4.25486e-11         1.00000e+17    8.00000e-01
    8.50972e-11         1.00000e+17    8.00000e-01
    1.70194e-10         1.00000e+17    8.00000e-01
    3.40389e-10         1.00000e+17    8.00000e-01
    6.80778e-10         1.00000e+17    8.00000e-01
    1.36156e-09         1.00000e+17    8.00000e-01
    2.72311e-09         1.00000e+17    8.00000e-01
    5.44622e-09         1.00000e+17    8.00000e-01
    1.08924e-08         1.00000e+17    8.00000e-01
    2.17849e-08         1.00000e+17    8.00000e-01
    4.35698e-08         1.00000e+17    8.00000e-01
    8.71395e-08         1.00000e+17    8.00000e-01
    1.74279e-07         1.00000e+17    8.00000e-01
    3.48558e-07         1.00000e+17    8.00000e-01
    6.97116e-07         1.00000e+17    8.00000e-01
    1.39423e-06         1.00000e+17    8.00000e-01
    2.78847e-06         1.00000e+17    8.00000e-01
    5.57693e-06         1.00000e+17    8.00000e-01
    1.11539e-05         1.00000e+17    8.00000e-01
    2.23077e-05         1.00000e+17    8.00000e-01
    4.46154e-05         1.00000e+17    8.00000e-01
    8.92309e-05         1.00000e+17    8.00000e-01
    1.78462e-04         1.00000e+17    8.00000e-01
    3.56924e-04         1.00000e+17    8.00000e-01
    7.13847e-04         1.00000e+17    8.00000e-01
    1.42769e-03         1.00000e+17    8.00000e-01
    2.85539e-03         1.00000e+17    8.00000e-01
    5.71078e-03         1.00000e+17    8.00000e-01
    1.14216e-02         1.00000e+17    8.00000e-01
    2.28431e-02         1.00000e+17    8.00000e-01
    4.56862e-02         1.00000e+17    8.00000e-01
    9.13724e-02         1.00000e+17    8.00000e-01
    1.82745e-01         1.00000e+17    8.00000e-01
    3.65490e-01         1.00000e+17    8.00000e-01
    7.30979e-01         1.00000e+17    8.00000e-01
    1.46196e+00         1.00000e+17    8.00000e-01
    2.92392e+00         1.00000e+17    8.00000e-01
    5.84784e+00         1.00000e+17    8.00000e-01
    1.16957e+01         1.00000e+17    8.00000e-01
    2.33913e+01         1.00000e+17    8.00000e-01
    4.67827e+01         1.00000e+17    8.00000e-01
    9.35654e+01         1.00000e+17    8.00000e-01
    1.87131e+02         1.00000e+17    8.00000e-01
    3.74261e+02         1.00000e+17    8.00000e-01
    7.48523e+02         1.00000e+17    8.00000e-01
    1.49705e+03         1.00000e+17    8.00000e-01
    2.99409e+03         1.00000e+17    8.00000e-01
    5.98818e+03         1.00000e+17    8.00000e-01
    1.19764e+04         1.00000e+17    8.00000e-01
    2.39527e+04         1.00000e+17    8.00000e-01
    4.79055e+04         1.00000e+17    8.00000e-01
    9.58109e+04         1.00000e+17    8.00000e-01
    1.91622e+05         1.00000e+17    8.00000e-01
    3.83244e+05         1.00000e+17    8.00000e-01
    7.66488e+05         1.00000e+17    8.00000e-01
    1.53298e+06         1.00000e+17    8.00000e-01
    3.06595e+06         1.00000e+17    8.00000e-01
    6.13190e+06         1.00000e+17    8.00000e-01
    1.22638e+07         1.00000e+17    8.00000e-01
    2.45276e+07         1.00000e+17    7.99999e-01
    4.90552e+07         9.99999e+16    7.99999e-01
    9.81104e+07         9.99998e+16    7.99998e-01
    1.96221e+08         9.99996e+16    7.99996e-01
    3.92442e+08         9.99993e+16    7.99992e-01
    7.84883e+08         9.99986e+16    7.99984e-01
    1.56977e+09         9.99972e+16    7.99968e-01
    3.13953e+09         9.99943e+16    7.99936e-01
    6.27907e+09         9.99886e+16    7.99872e-01
    1.25581e+10         9.99772e+16    7.99743e-01
    2.51163e+10         9.99544e+16    7.99487e-01
    5.02325e+10         9.99089e+16    7.98974e-01
    1.00465e+11         9.98179e+16    7.97951e-01
    2.00930e+11         9.96363e+16    7.95917e-01
    4.01860e+11         9.92749e+16    7.91889e-01
    8.03720e+11         9.85587e+16    7.83998e-01
    1.60744e+12         9.71368e+16    7.68738e-01
    2.41116e+12         9.57304e+16    7.54469e-01
    3.21488e+12         9.43378e+16    7.41142e-01
    4.01860e+12         9.29358e+16    7.28482e-01
    4.82232e+12         9.15226e+16    7.16461e-01
    5.62604e+12         9.00946e+16    7.05038e-01
    6.42976e+12         8.86404e+16    6.94090e-01
    7.23348e+12         8.71571e+16    6.83602e-01
    8.03720e+12         8.56420e+16    6.73557e-01
    8.84092e+12         8.40834e+16    6.63881e-01
    9.64465e+12         8.24755e+16    6.54548e-01
    1.04484e+13         8.08132e+16    6.45549e-01
    1.12521e+13         7.90907e+16    6.36873e-01
    1.20558e+13         7.73015e+16    6.28350e-01
    1.28595e+13         7.54378e+16    6.19973e-01
    1.36632e+13         7.34906e+16    6.11738e-01
    1.44670e+13         7.14488e+16    6.03638e-01
    1.52707e+13         6.92925e+16    5.95683e-01
    1.60744e+13         6.70009e+16    5.87874e-01
    1.68781e+13         6.45506e+16    5.80202e-01
    1.76818e+13         6.19118e+16    5.72660e-01
    1.84856e+13         5.90442e+16    5.65239e-01
    1.92893e+13         5.58972e+16    5.57661e-01
    2.00930e+13         5.23926e+16    5.49877e-01
    2.08967e+13         4.84113e+16    5.41822e-01
    2.17005e+13         4.37577e+16    5.33397e-01
    2.21023e+13         4.09133e+16    5.28910e-01
    2.25042e+13         3.76592e+16    5.24184e-01
    2.27051e+13         3.57385e+16    5.21660e-01
    2.29060e+13         3.36056e+16    5.19020e-01
    2.31070e+13         3.11933e+16    5.16233e-01
    2.33079e+13         2.83931e+16    5.13258e-01
    2.34084e+13         2.67030e+16    5.11641e-01
    2.35088e+13         2.47922e+16    5.09929e-01
    2.36093e+13         2.25754e+16    5.08092e-01
    2.36595e+13         2.12385e+16    5.07090e-01
    2.37098e+13         1.97279e+16    5.06026e-01
    2.37600e+13         1.79772e+16    5.04882e-01
    2.37851e+13         1.69230e+16    5.04256e-01
    2.38102e+13         1.57333e+16    5.03591e-01
    2.38353e+13         1.43568e+16    5.02876e-01
    2.38479e+13         1.35303e+16    5.02485e-01
    2.38605e+13         1.25997e+16    5.02069e-01
    2.38730e+13         1.15265e+16    5.01621e-01
    2.38793e+13         1.08853e+16    5.01377e-01
    2.38856e+13         1.01664e+16    5.01117e-01
    2.38918e+13         9.34222e+15    5.00839e-01
    2.38950e+13         8.85419e+15    5.00687e-01
    2.38981e+13         8.31088e+15    5.00527e-01
    2.39013e+13         7.69420e+15    5.00356e-01
    2.39044e+13         6.97472e+15    5.00170e-01
    2.39060e+13         6.53692e+15    5.00068e-01
    2.39075e+13         6.03852e+15    4.99958e-01
    2.39091e+13         5.45445e+15    4.99839e-01
    2.39099e+13         5.09652e+15    4.99771e-01
    2.39107e+13         4.68654e+15    4.99698e-01
    2.39111e+13         4.44411e+15    4.99657e-01
    2.39115e+13         4.17452e+15    4.99613e-01
    2.39119e+13         3.86898e+15    4.99566e-01
    2.39123e+13         3.51327e+15    4.99514e-01
    2.39124e+13         3.29758e+15    4.99485e-01
    2.39126e+13         3.05275e+15    4.99453e-01
    2.39128e+13         2.76707e+15    4.99418e-01
    2.39129e+13         2.59322e+15    4.99398e-01
    2.39130e+13         2.39527e+15    4.99377e-01
    2.39131e+13         2.16325e+15    4.99353e-01
    2.39132e+13         2.02102e+15    4.99340e-01
    2.39132e+13         1.85806e+15    4.99326e-01
    2.39133e+13         1.76167e+15    4.99318e-01
    2.39133e+13         1.65443e+15    4.99309e-01
    2.39133e+13         1.53285e+15    4.99300e-01
    2.39133e+13         1.39121e+15    4.99289e-01
    2.39133e+13         1.30524e+15    4.99283e-01
    2.39134e+13         1.20757e+15    4.99277e-01
    2.39134e+13         1.09346e+15    4.99270e-01
    2.39134e+13         1.02388e+15    4.99266e-01
    2.39134e+13         9.44511e+14    4.99262e-01
    2.39134e+13         8.51249e+14    4.99258e-01
    2.39134e+13         7.93841e+14    4.99255e-01
    2.39134e+13         7.27829e+14    4.99252e-01
    2.39134e+13         6.88565e+14    4.99250e-01
    2.39134e+13         6.44695e+14    4.99249e-01
    2.39134e+13         5.94651e+14    4.99247e-01
    2.39134e+13         5.35830e+14    4.99245e-01
    2.39134e+13         4.99608e+14    4.99243e-01
    2.39134e+13         4.57943e+14    4.99242e-01
    2.39134e+13         4.33147e+14    4.99241e-01
    2.39134e+13         4.05431e+14    4.99241e-01
    2.39134e+13         3.73796e+14    4.99240e-01
    2.39134e+13         3.36581e+14    4.99239e-01
    2.39134e+13         3.13630e+14    4.99238e-01
    2.39134e+13         2.87198e+14    4.99238e-01
    2.39134e+13         2.71437e+14    4.99237e-01
    2.39134e+13         2.53793e+14    4.99237e-01
    2.39134e+13         2.33610e+14    4.99237e-01
    2.39134e+13         2.21700e+14    4.99237e-01
    2.39134e+13         2.08476e+14    4.99236e-01
    2.39134e+13         1.93520e+14    4.99236e-01
    2.39134e+13         1.76164e+14    4.99236e-01
    2.39134e+13         1.65691e+14    4.99236e-01
    2.39134e+13         1.53853e+14    4.99236e-01
    2.39134e+13         1.40124e+14    4.99235e-01
    2.39134e+13         1.31848e+14    4.99235e-01
    2.39134e+13         1.22500e+14    4.99235e-01
    2.39134e+13         1.11671e+14    4.99235e-01
    2.39134e+13         1.05156e+14    4.99235e-01
    2.39134e+13         9.78081e+13    4.99235e-01
    2.39134e+13         8.93149e+13    4.99235e-01
    2.39134e+13         8.42223e+13    4.99235e-01
    2.39134e+13         7.84952e+13    4.99235e-01
    2.39134e+13         7.19019e+13    4.99235e-01
    2.39134e+13         6.79729e+13    4.99235e-01
    2.39134e+13         6.35766e+13    4.99235e-01
    2.39134e+13         5.85512e+13    4.99235e-01
    2.39134e+13         5.55888e+13    4.99235e-01
    2.39134e+13         5.23021e+13    4.99235e-01
    2.39134e+13         4.85894e+13    4.99235e-01
    2.39134e+13         4.42876e+13    4.99234e-01
    2.39134e+13         4.16986e+13    4.99234e-01
    2.39134e+13         3.87781e+13    4.99234e-01
    2.39134e+13         3.54012e+13    4.99234e-01
    2.39134e+13         3.33752e+13    4.99234e-01
    2.39134e+13         3.10958e+13    4.99234e-01
    2.39134e+13         2.84699e+13    4.99234e-01
    2.39134e+13         2.69037e+13    4.99234e-01
    2.39134e+13         2.51497e+13    4.99234e-01
    2.39134e+13         2.31426e+13    4.99234e-01
    2.39134e+13         2.19574e+13    4.99234e-01
    2.39134e+13         2.06409e+13    4.99234e-01
    2.39134e+13         1.91510e+13    4.99234e-01
    2.39134e+13         1.74202e+13    4.99234e-01
    2.39134e+13         1.63744e+13    4.99234e-01
    2.39134e+13         1.51907e+13    4.99234e-01
    2.39134e+13         1.38153e+13    4.99234e-01
    2.39134e+13         1.29838e+13    4.99234e-01
    2.39134e+13         1.20425e+13    4.99234e-01
    2.39134e+13         1.09483e+13    4.99234e-01
    2.39134e+13         1.02863e+13    4.99234e-01
    2.39134e+13         9.53640e+12    4.99234e-01
    2.39134e+13         8.66393e+12    4.99234e-01
    2.39134e+13         8.13542e+12    4.99234e-01
    2.39134e+13         7.53600e+12    4.99234e-01
    2.39134e+13         6.83743e+12    4.99234e-01
    2.39134e+13         6.41313e+12    4.99234e-01
    2.39134e+13         5.93083e+12    4.99234e-01
    2.39134e+13         5.36689e+12    4.99234e-01
    2.39134e+13         5.02256e+12    4.99234e-01
    2.39134e+13         4.62939e+12    4.99234e-01
    2.39134e+13         4.16660e+12    4.99234e-01
    2.39134e+13         3.88095e+12    4.99234e-01
    2.39134e+13         3.55170e+12    4.99234e-01
    2.39134e+13         3.35514e+12    4.99234e-01
    2.39134e+13         3.13488e+12    4.99234e-01
    2.39134e+13         2.88257e+12    4.99234e-01
    2.39134e+13         2.73337e+12    4.99234e-01
    2.39134e+13         2.56743e+12    4.99234e-01
    2.39134e+13         2.37935e+12    4.99234e-01
    2.39134e+13         2.16036e+12    4.99234e-01
    2.39134e+13         2.02754e+12    4.99234e-01
    2.39134e+13         1.87675e+12    4.99234e-01
    2.39134e+13         1.70076e+12    4.99234e-01
    2.39134e+13         1.59361e+12    4.99234e-01
    2.39134e+13         1.47157e+12    4.99234e-01
    2.39134e+13         1.32844e+12    4.99234e-01
    2.39134e+13         1.24063e+12    4.99234e-01
    2.39134e+13         1.13994e+12    4.99234e-01
    2.39134e+13         1.08031e+12    4.99234e-01
    2.39134e+13         1.01392e+12    4.99234e-01
    2.39134e+13         9.38546e+11    4.99234e-01
    2.39134e+13         8.50582e+11    4.99234e-01
    2.39134e+13         7.97032e+11    4.99234e-01
    2.39134e+13         7.36045e+11    4.99234e-01
    2.39134e+13         6.64533e+11    4.99234e-01
    2.39134e+13         6.20667e+11    4.99234e-01
    2.39134e+13         5.70381e+11    4.99234e-01
    2.39134e+13         5.40610e+11    4.99234e-01
    2.39134e+13         5.07469e+11    4.99234e-01
    2.39134e+13         4.69859e+11    4.99234e-01
    2.39134e+13         4.25986e+11    4.99234e-01
    2.39134e+13         3.99299e+11    4.99234e-01
    2.39134e+13         3.68925e+11    4.99234e-01
    2.39134e+13         3.33343e+11    4.99234e-01
    2.39134e+13         3.11552e+11    4.99234e-01
    2.39134e+13         2.86605e+11    4.99234e-01
    2.39134e+13         2.71866e+11    4.99234e-01
    2.39134e+13         2.55485e+11    4.99234e-01
    2.39134e+13         2.36937e+11    4.99234e-01
    2.39134e+13         2.15371e+11    4.99234e-01
    2.39134e+13         2.02320e+11    4.99234e-01
    2.39134e+13         1.87531e+11    4.99234e-01
    2.39134e+13         1.70318e+11    4.99234e-01
    2.39134e+13         1.59884e+11    4.99234e-01
    2.39134e+13         1.48044e+11    4.99234e-01
    2.39134e+13         1.34233e+11    4.99234e-01
    2.39134e+13         1.25834e+11    4.99234e-01
    2.39134e+13         1.16277e+11    4.99234e-01
    2.39134e+13         1.05083e+11    4.99234e-01
    2.39134e+13         9.82308e+10    4.99234e-01
    2.39134e+13         9.03888e+10    4.99234e-01
    2.39134e+13         8.57580e+10    4.99234e-01
    2.39134e+13         8.06135e+10    4.99234e-01
    2.39134e+13         7.47915e+10    4.99234e-01
    2.39134e+13         6.80278e+10    4.99234e-01
    2.39134e+13         6.39400e+10    4.99234e-01
    2.39134e+13         5.93128e+10    4.99234e-01
    2.39134e+13         5.39356e+10    4.99234e-01
    2.39134e+13         5.06841e+10    4.99234e-01
    2.39134e+13         4.70021e+10    4.99234e-01
    2.39134e+13         4.27206e+10    4.99234e-01
    2.39134e+13         4.01293e+10    4.99234e-01
    2.39134e+13         3.71924e+10    4.99234e-01
    2.39134e+13         3.37735e+10    4.99234e-01
    2.39134e+13         3.17004e+10    4.99234e-01
    2.39134e+13         2.93473e+10    4.99234e-01
    2.39134e+13         2.66018e+10    4.99234e-01
    2.39134e+13         2.49310e+10    4.99234e-01
    2.39134e+13         2.30288e+10    4.99234e-01
    2.39134e+13         2.07993e+10    4.99234e-01
    2.39134e+13         1.94328e+10    4.99234e-01
    2.39134e+13         1.78674e+10    4.99234e-01
    2.39134e+13         1.69415e+10    4.99234e-01
    2.39134e+13         1.59117e+10    4.99234e-01
    2.39134e+13         1.47442e+10    4.99234e-01
    2.39134e+13         1.33845e+10    4.99234e-01
    2.39134e+13         1.25595e+10    4.99234e-01
    2.39134e+13         1.16226e+10    4.99234e-01
    2.39134e+13         1.05285e+10    4.99234e-01
    2.39134e+13         9.86190e+09    4.99234e-01
    2.39134e+13         9.10211e+09    4.99234e-01
    2.39134e+13         8.21017e+09    4.99234e-01
    2.39134e+13         7.66203e+09    4.99234e-01
    2.39134e+13         7.03267e+09    4.99234e-01
    2.39134e+13         6.65915e+09    4.99234e-01
    2.39134e+13         6.24254e+09    4.99234e-01
    2.39134e+13         5.76848e+09    4.99234e-01
    2.39134e+13         5.21330e+09    4.99234e-01
    2.39134e+13         4.87343e+09    4.99234e-01
    2.39134e+13         4.48452e+09    4.99234e-01
    2.39134e+13         4.25487e+09    4.99234e-01
    2.39134e+13         3.99975e+09    4.99234e-01
    2.39134e+13         3.71106e+09    4.99234e-01
    2.39134e+13         3.37571e+09    4.99234e-01
    2.39134e+13         3.17306e+09    4.99234e-01
    2.39134e+13         2.94371e+09    4.99234e-01
    2.39134e+13         2.67722e+09    4.99234e-01
    2.39134e+13         2.51613e+09    4.99234e-01
    2.39134e+13         2.33375e+09    4.99234e-01
    2.39134e+13         2.12175e+09    4.99234e-01
    2.39134e+13         1.99351e+09    4.99234e-01
    2.39134e+13         1.84824e+09    4.99234e-01
    2.39134e+13         1.67924e+09    4.99234e-01
    2.39134e+13         1.57688e+09    4.99234e-01
    2.39134e+13         1.46079e+09    4.99234e-01
    2.39134e+13         1.32552e+09    4.99234e-01
    2.39134e+13         1.24337e+09    4.99234e-01
    2.39134e+13         1.15002e+09    4.99234e-01
    2.39134e+13         1.04089e+09    4.99234e-01
    2.39134e+13         9.74284e+08    4.99234e-01
    2.39134e+13         8.98260e+08    4.99234e-01
    2.39134e+13         8.08824e+08    4.99234e-01
    2.39134e+13         7.53669e+08    4.99234e-01
    2.39134e+13         6.90147e+08    4.99234e-01
    2.39134e+13         6.52270e+08    4.99234e-01
    2.39134e+13         6.09866e+08    4.99234e-01
    2.39134e+13         5.61360e+08    4.99234e-01
    2.39134e+13         5.32735e+08    4.99234e-01
    2.39134e+13         5.00951e+08    4.99234e-01
    2.39134e+13         4.65007e+08    4.99234e-01
    2.39134e+13         4.23290e+08    4.99234e-01
    2.39134e+13         3.98117e+08    4.99234e-01
    2.39134e+13         3.69661e+08    4.99234e-01
    2.39134e+13         3.36655e+08    4.99234e-01
    2.39134e+13         3.16758e+08    4.99234e-01
    2.39134e+13         2.94282e+08    4.99234e-01
    2.39134e+13         2.68242e+08    4.99234e-01
    2.39134e+13         2.52571e+08    4.99234e-01
    2.39134e+13         2.34896e+08    4.99234e-01
    2.39134e+13         2.14460e+08    4.99234e-01
    2.39134e+13         2.02202e+08    4.99234e-01
    2.39134e+13         1.88413e+08    4.99234e-01
    2.39134e+13         1.72531e+08    4.99234e-01
    2.39134e+13         1.63061e+08    4.99234e-01
    2.39134e+13         1.52460e+08    4.99234e-01
    2.39134e+13         1.40332e+08    4.99234e-01
    2.39134e+13         1.33175e+08    4.99234e-01
    2.39134e+13         1.25228e+08    4.99234e-01
    2.39134e+13         1.16241e+08    4.99234e-01
    2.39134e+13         1.05810e+08    4.99234e-01
    2.39134e+13         9.95149e+07    4.99234e-01
    2.39134e+13         9.23987e+07    4.99234e-01
    2.39134e+13         8.41443e+07    4.99234e-01
    2.39134e+13         7.91676e+07    4.99234e-01
    2.39134e+13         7.35456e+07    4.99234e-01
    2.39134e+13         6.70312e+07    4.99234e-01
    2.39134e+13         6.31101e+07    4.99234e-01
    2.39134e+13         5.86866e+07    4.99234e-01
    2.39134e+13         5.35712e+07    4.99234e-01
    2.39134e+13         5.05017e+07    4.99234e-01
    2.39134e+13         4.70478e+07    4.99234e-01
    2.39134e+13         4.30680e+07    4.99234e-01
    2.39134e+13         4.06935e+07    4.99234e-01
    2.39134e+13         3.80336e+07    4.99234e-01
    2.39134e+13         3.49888e+07    4.99234e-01
    2.39134e+13         3.31899e+07    4.99234e-01
    2.39134e+13         3.11907e+07    4.99234e-01
    2.39134e+13         2.89270e+07    4.99234e-01
    2.39134e+13         2.62951e+07    4.99234e-01
    2.39134e+13         2.47026e+07    4.99234e-01
    2.39134e+13         2.28981e+07    4.99234e-01
    2.39134e+13         2.07980e+07    4.99234e-01
    2.39134e+13         1.95252e+07    4.99234e-01
    2.39134e+13         1.80810e+07    4.99234e-01
    2.39134e+13         1.63969e+07    4.99234e-01
    2.39134e+13         1.53730e+07    4.99234e-01
    2.39134e+13         1.42082e+07    4.99234e-01
    2.39134e+13         1.28446e+07    4.99234e-01
    2.39134e+13         1.20103e+07    4.99234e-01
    2.39134e+13         1.10561e+07    4.99234e-01
    2.39134e+13         1.04931e+07    4.99234e-01
    2.39134e+13         9.86801e+06    4.99234e-01
    2.39134e+13         9.16127e+06    4.99234e-01
    2.39134e+13         8.34128e+06    4.99234e-01
    2.39134e+13         7.84671e+06    4.99234e-01
    2.39134e+13         7.28784e+06    4.99234e-01
    2.39134e+13         6.63997e+06    4.99234e-01
    2.39134e+13         6.24973e+06    4.99234e-01
    2.39134e+13         5.80924e+06    4.99234e-01
    2.39134e+13         5.29941e+06    4.99234e-01
    2.39134e+13         4.99309e+06    4.99234e-01
    2.39134e+13         4.64804e+06    4.99234e-01
    2.39134e+13         4.24985e+06    4.99234e-01
    2.39134e+13         4.01170e+06    4.99234e-01
    2.39134e+13         3.74443e+06    4.99234e-01
    2.39134e+13         3.43765e+06    4.99234e-01
    2.39134e+13         3.25566e+06    4.99234e-01
    2.39134e+13         3.05276e+06    4.99234e-01
    2.39134e+13         2.82198e+06    4.99234e-01
    2.39134e+13         2.55192e+06    4.99234e-01
    2.39134e+13         2.38680e+06    4.99234e-01
    2.39134e+13         2.19804e+06    4.99234e-01
    2.39134e+13         2.08676e+06    4.99234e-01
    2.39134e+13         1.96328e+06    4.99234e-01
    2.39134e+13         1.82379e+06    4.99234e-01
    2.39134e+13         1.66215e+06    4.99234e-01
    2.39134e+13         1.56484e+06    4.99234e-01
    2.39134e+13         1.45506e+06    4.99234e-01
    2.39134e+13         1.32809e+06    4.99234e-01
    2.39134e+13         1.25188e+06    4.99234e-01
    2.39134e+13         1.16611e+06    4.99234e-01
    2.39134e+13         1.06726e+06    4.99234e-01
    2.39134e+13         1.00826e+06    4.99234e-01
    2.39134e+13         9.42148e+05    4.99234e-01
    2.39134e+13         8.66433e+05    4.99234e-01
    2.39134e+13         8.21670e+05    4.99234e-01
    2.39134e+13         7.71897e+05    4.99234e-01
    2.39134e+13         7.15498e+05    4.99234e-01
    2.39134e+13         6.49857e+05    4.99234e-01
    2.39134e+13         6.10071e+05    4.99234e-01
    2.39134e+13         5.64928e+05    4.99234e-01
    2.39134e+13         5.12280e+05    4.99234e-01
    2.39134e+13         4.80268e+05    4.99234e-01
    2.39134e+13         4.43847e+05    4.99234e-01
    2.39134e+13         4.01202e+05    4.99234e-01
    2.39134e+13         3.75106e+05    4.99234e-01
    2.39134e+13         3.45253e+05    4.99234e-01
    2.39134e+13         3.27633e+05    4.99234e-01
    2.39134e+13         3.08068e+05    4.99234e-01
    2.39134e+13         2.85938e+05    4.99234e-01
    2.39134e+13         2.60250e+05    4.99234e-01
    2.39134e+13         2.44746e+05    4.99234e-01
    2.39134e+13         2.27215e+05    4.99234e-01
    2.39134e+13         2.06874e+05    4.99234e-01
    2.39134e+13         1.94605e+05    4.99234e-01
    2.39134e+13         1.80741e+05    4.99234e-01
    2.39134e+13         1.64668e+05    4.99234e-01
    2.39134e+13         1.54986e+05    4.99234e-01
    2.39134e+13         1.44056e+05    4.99234e-01
    2.39134e+13         1.31406e+05    4.99234e-01
    2.39134e+13         1.23804e+05    4.99234e-01
    2.39134e+13         1.15240e+05    4.99234e-01
    2.39134e+13         1.05355e+05    4.99234e-01
    2.39134e+13         9.94423e+04    4.99234e-01
    2.39134e+13         9.28052e+04    4.99234e-01
    2.39134e+13         8.51849e+04    4.99234e-01
    2.39134e+13         8.06625e+04    4.99234e-01
    2.39134e+13         7.56188e+04    4.99234e-01
    2.39134e+13         6.98799e+04    4.99234e-01
    2.39134e+13         6.31597e+04    4.99234e-01
    2.39134e+13         5.90465e+04    4.99234e-01
    2.39134e+13         5.43403e+04    4.99234e-01
    2.39134e+13         5.15619e+04    4.99234e-01
    2.39134e+13         4.84761e+04    4.99234e-01
    2.39134e+13         4.49849e+04    4.99234e-01
    2.39134e+13         4.09308e+04    4.99234e-01
    2.39134e+13         3.84823e+04    4.99234e-01
    2.39134e+13         3.57123e+04    4.99234e-01
    2.39134e+13         3.24960e+04    4.99234e-01
    2.39134e+13         3.05537e+04    4.99234e-01
    2.39134e+13         2.83567e+04    4.99234e-01
    2.39134e+13         2.58060e+04    4.99234e-01
    2.39134e+13         2.42660e+04    4.99234e-01
    2.39134e+13         2.25245e+04    4.99234e-01
    2.39134e+13         2.05032e+04    4.99234e-01
    2.39134e+13         1.92834e+04    4.99234e-01
    2.39134e+13         1.79045e+04    4.99234e-01
    2.39134e+13         1.63050e+04    4.99234e-01
    2.39134e+13         1.53406e+04    4.99234e-01
    2.39134e+13         1.42512e+04    4.99234e-01
    2.39134e+13         1.29889e+04    4.99234e-01
    2.39134e+13         1.22291e+04    4.99234e-01
    2.39134e+13         1.13719e+04    4.99234e-01
    2.39134e+13         1.03807e+04    4.99234e-01
    2.39134e+13         9.78586e+03    4.99234e-01
    2.39134e+13         9.11656e+03    4.99234e-01
    2.39134e+13         8.34537e+03    4.99234e-01
    2.39134e+13         7.88522e+03    4.99234e-01
    2.39134e+13         7.36980e+03    4.99234e-01
    2.39134e+13         6.77977e+03    4.99234e-01
    2.39134e+13         6.43116e+03    4.99234e-01
    2.39134e+13         6.04375e+03    4.99234e-01
    2.39134e+13         5.60507e+03    4.99234e-01
    2.39134e+13         5.09503e+03    4.99234e-01
    2.39134e+13         4.78641e+03    4.99234e-01
    2.39134e+13         4.43669e+03    4.99234e-01
    2.39134e+13         4.02968e+03    4.99234e-01
    2.39134e+13         3.78298e+03    4.99234e-01
    2.39134e+13         3.50307e+03    4.99234e-01
    2.39134e+13         3.17663e+03    4.99234e-01
    2.39134e+13         2.97814e+03    4.99234e-01
    2.39134e+13         2.75231e+03    4.99234e-01
    2.39134e+13         2.48790e+03    4.99234e-01
    2.39134e+13         2.32610e+03    4.99234e-01
    2.39134e+13         2.14101e+03    4.99234e-01
    2.39134e+13         2.03178e+03    4.99234e-01
    2.39134e+13         1.91048e+03    4.99234e-01
    2.39134e+13         1.77328e+03    4.99234e-01
    2.39134e+13         1.61404e+03    4.99234e-01
    2.39134e+13         1.51794e+03    4.99234e-01
    2.39134e+13         1.40928e+03    4.99234e-01
    2.39134e+13         1.28322e+03    4.99234e-01
    2.39134e+13         1.20719e+03    4.99234e-01
    2.39134e+13         1.12129e+03    4.99234e-01
    2.39134e+13         1.02172e+03    4.99234e-01
    2.39134e+13         9.61766e+02    4.99234e-01
    2.39134e+13         8.94099e+02    4.99234e-01
    2.39134e+13         8.15801e+02    4.99234e-01
    2.39134e+13         7.68777e+02    4.99234e-01
    2.39134e+13         7.15824e+02    4.99234e-01
    2.39134e+13         6.54747e+02    4.99234e-01
    2.39134e+13         6.18246e+02    4.99234e-01
    2.39134e+13         5.77307e+02    4.99234e-01
    2.39134e+13         5.30355e+02    4.99234e-01
    2.39134e+13         5.02539e+02    4.99234e-01
    2.39134e+13         4.71559e+02    4.99234e-01
    2.39134e+13         4.36374e+02    4.99234e-01
    2.39134e+13         3.95286e+02    4.99234e-01
    2.39134e+13         3.70249e+02    4.99234e-01
    2.39134e+13         3.41712e+02    4.99234e-01
    2.39134e+13         3.08209e+02    4.99234e-01
    2.39134e+13         2.87618e+02    4.99234e-01
    2.39134e+13         2.63974e+02    4.99234e-01
    2.39134e+13         2.49938e+02    4.99234e-01
    2.39134e+13         2.34283e+02    4.99234e-01
    2.39134e+13         2.16465e+02    4.99234e-01
    2.39134e+13         1.95593e+02    4.99234e-01
    2.39134e+13         1.82810e+02    4.99234e-01
    2.39134e+13         1.68178e+02    4.99234e-01
    2.39134e+13         1.59534e+02    4.99234e-01
    2.39134e+13         1.49927e+02    4.99234e-01
    2.39134e+13         1.39050e+02    4.99234e-01
    2.39134e+13         1.26404e+02    4.99234e-01
    2.39134e+13         1.18753e+02    4.99234e-01
    2.39134e+13         1.10084e+02    4.99234e-01
    2.39134e+13         9.99964e+01    4.99234e-01
    2.39134e+13         9.38835e+01    4.99234e-01
    2.39134e+13         8.69485e+01    4.99234e-01
    2.39134e+13         7.88633e+01    4.99234e-01
    2.39134e+13         7.39492e+01    4.99234e-01
    2.39134e+13         6.83604e+01    4.99234e-01
    2.39134e+13         6.18203e+01    4.99234e-01
    2.39134e+13         5.78218e+01    4.99234e-01
    2.39134e+13         5.32512e+01    4.99234e-01
    2.39134e+13         5.05567e+01    4.99234e-01
    2.39134e+13         4.75674e+01    4.99234e-01
    2.39134e+13         4.41906e+01    4.99234e-01
    2.39134e+13         4.02779e+01    4.99234e-01
    2.39134e+13         3.79230e+01    4.99234e-01
    2.39134e+13         3.52666e+01    4.99234e-01
    2.39134e+13         3.21950e+01    4.99234e-01
    2.39134e+13         3.03521e+01    4.99234e-01
    2.39134e+13         2.82787e+01    4.99234e-01
    2.39134e+13         2.58901e+01    4.99234e-01
    2.39134e+13         2.44652e+01    4.99234e-01
    2.39134e+13         2.28695e+01    4.99234e-01
    2.39134e+13         2.10434e+01    4.99234e-01
    2.39134e+13         1.99650e+01    4.99234e-01
    2.39134e+13         1.87670e+01    4.99234e-01
    2.39134e+13         1.74111e+01    4.99234e-01
    2.39134e+13         1.58358e+01    4.99234e-01
    2.39134e+13         1.48837e+01    4.99234e-01
    2.39134e+13         1.38058e+01    4.99234e-01
    2.39134e+13         1.25531e+01    4.99234e-01
    2.39134e+13         1.17955e+01    4.99234e-01
    2.39134e+13         1.09375e+01    4.99234e-01
    2.39134e+13         9.93949e+00    4.99234e-01
    2.39134e+13         9.33528e+00    4.99234e-01
    2.39134e+13         8.65032e+00    4.99234e-01
    2.39134e+13         7.85259e+00    4.99234e-01
    2.39134e+13         7.36857e+00    4.99234e-01
    2.39134e+13         6.81888e+00    4.99234e-01
    2.39134e+13         6.17698e+00    4.99234e-01
    2.39134e+13         5.78586e+00    4.99234e-01
    2.39134e+13         5.34008e+00    4.99234e-01
    2.39134e+13         4.81676e+00    4.99234e-01
    2.39134e+13         4.49516e+00    4.99234e-01
    2.39134e+13         4.12589e+00    4.99234e-01
    2.39134e+13         3.90673e+00    4.99234e-01
    2.39134e+13         3.66229e+00    4.99234e-01
    2.39134e+13         3.38413e+00    4.99234e-01
    2.39134e+13         3.05837e+00    4.99234e-01
    2.39134e+13         2.85894e+00    4.99234e-01
    2.39134e+13         2.63071e+00    4.99234e-01
    2.39134e+13         2.49595e+00    4.99234e-01
    2.39134e+13         2.34623e+00    4.99234e-01
    2.39134e+13         2.17680e+00    4.99234e-01
    2.39134e+13         1.97996e+00    4.99234e-01
    2.39134e+13         1.86100e+00    4.99234e-01
    2.39134e+13         1.72635e+00    4.99234e-01
    2.39134e+13         1.56987e+00    4.99234e-01
    2.39134e+13         1.47526e+00    4.99234e-01
    2.39134e+13         1.36812e+00    4.99234e-01
    2.39134e+13         1.24354e+00    4.99234e-01
    2.39134e+13         1.16815e+00    4.99234e-01
    2.39134e+13         1.08271e+00    4.99234e-01
    2.39134e+13         9.83256e-01    4.99234e-01
    2.39134e+13         9.22960e-01    4.99234e-01
    2.39134e+13         8.54529e-01    4.99234e-01
    2.39134e+13         7.74699e-01    4.99234e-01
    2.39134e+13         7.26133e-01    4.99234e-01
    2.39134e+13         6.70855e-01    4.99234e-01
    2.39134e+13         6.06091e-01    4.99234e-01
    2.39134e+13         5.66419e-01    4.99234e-01
    2.39134e+13         5.20995e-01    4.99234e-01
    2.39134e+13         4.94150e-01    4.99234e-01
    2.39134e+13         4.64309e-01    4.99234e-01
    2.39134e+13         4.30509e-01    4.99234e-01
    2.39134e+13         3.91194e-01    4.99234e-01
    2.39134e+13         3.67386e-01    4.99234e-01
    2.39134e+13         3.40393e-01    4.99234e-01
    2.39134e+13         3.08949e-01    4.99234e-01
    2.39134e+13         2.89864e-01    4.99234e-01
    2.39134e+13         2.68183e-01    4.99234e-01
    2.39134e+13         2.42854e-01    4.99234e-01
    2.39134e+13         2.27410e-01    4.99234e-01
    2.39134e+13         2.09798e-01    4.99234e-01
    2.39134e+13         1.89104e-01    4.99234e-01
    2.39134e+13         1.76369e-01    4.99234e-01
    2.39134e+13         1.61728e-01    4.99234e-01
    2.39134e+13         1.53023e-01    4.99234e-01
    2.39134e+13         1.43298e-01    4.99234e-01
    2.39134e+13         1.32209e-01    4.99234e-01
    2.39134e+13         1.19182e-01    4.99234e-01
    2.39134e+13         1.11166e-01    4.99234e-01
    2.39134e+13         1.01953e-01    4.99234e-01
    2.39134e+13         9.64763e-02    4.99234e-01
    2.39134e+13         9.03602e-02    4.99234e-01
    2.39134e+13         8.33880e-02    4.99234e-01
    2.39134e+13         7.52013e-02    4.99234e-01
    2.39134e+13         7.01681e-02    4.99234e-01
    2.39134e+13         6.43870e-02    4.99234e-01
    2.39134e+13         6.09541e-02    4.99234e-01
    2.39134e+13         5.71237e-02    4.99234e-01
    2.39134e+13         5.27622e-02    4.99234e-01
    2.39134e+13         4.76500e-02    4.99234e-01
    2.39134e+13         4.45159e-02    4.99234e-01
    2.39134e+13         4.09251e-02    4.99234e-01
    2.39134e+13         3.88007e-02    4.99234e-01
    2.39134e+13         3.64374e-02    4.99234e-01
    2.39134e+13         3.37576e-02    4.99234e-01
    2.39134e+13         3.06355e-02    4.99234e-01
    2.39134e+13         2.87400e-02    4.99234e-01
    2.39134e+13         2.65862e-02    4.99234e-01
    2.39134e+13         2.40694e-02    4.99234e-01
    2.39134e+13         2.25340e-02    4.99234e-01
    2.39134e+13         2.07823e-02    4.99234e-01
    2.39134e+13         1.87228e-02    4.99234e-01
    2.39134e+13         1.74541e-02    4.99234e-01
    2.39134e+13         1.59942e-02    4.99234e-01
    2.39134e+13         1.51249e-02    4.99234e-01
    2.39134e+13         1.41529e-02    4.99234e-01
    2.39134e+13         1.30427e-02    4.99234e-01
    2.39134e+13         1.23891e-02    4.99234e-01
    2.39134e+13         1.16647e-02    4.99234e-01
    2.39134e+13         1.08476e-02    4.99234e-01
    2.39134e+13         9.90269e-03    4.99234e-01
    2.39134e+13         9.33578e-03    4.99234e-01
    2.39134e+13         8.69793e-03    4.99234e-01
    2.39134e+13         7.96310e-03    4.99234e-01
    2.39134e+13         7.52475e-03    4.99234e-01
    2.39134e+13         7.03383e-03    4.99234e-01
    2.39134e+13         6.47200e-03    4.99234e-01
    2.39134e+13         6.14019e-03    4.99234e-01
    2.39134e+13         5.77156e-03    4.99234e-01
    2.39134e+13         5.35433e-03    4.99234e-01
    2.39134e+13         4.86955e-03    4.99234e-01
    2.39134e+13         4.57649e-03    4.99234e-01
    2.39134e+13         4.24470e-03    4.99234e-01
    2.39134e+13         3.85901e-03    4.99234e-01
    2.39134e+13         3.62569e-03    4.99234e-01
    2.39134e+13         3.36138e-03    4.99234e-01
    2.39134e+13         3.05387e-03    4.99234e-01
    2.39134e+13         2.86759e-03    4.99234e-01
    2.39134e+13         2.65632e-03    4.99234e-01
    2.39134e+13         2.41010e-03    4.99234e-01
    2.39134e+13         2.26056e-03    4.99234e-01
    2.39134e+13         2.09058e-03    4.99234e-01
    2.39134e+13         1.89183e-03    4.99234e-01
    2.39134e+13         1.77047e-03    4.99234e-01
    2.39134e+13         1.63192e-03    4.99234e-01
    2.39134e+13         1.46883e-03    4.99234e-01
    2.39134e+13         1.36817e-03    4.99234e-01
    2.39134e+13         1.25216e-03    4.99234e-01
    2.39134e+13         1.18291e-03    4.99234e-01
    2.39134e+13         1.10532e-03    4.99234e-01
    2.39134e+13         1.01644e-03    4.99234e-01
    2.39134e+13         9.63894e-04    4.99234e-01
    2.39134e+13         9.05461e-04    4.99234e-01
    2.39134e+13         8.39242e-04    4.99234e-01
    2.39134e+13         7.62162e-04    4.99234e-01
    2.39134e+13         7.15432e-04    4.99234e-01
    2.39134e+13         6.62398e-04    4.99234e-01
    2.39134e+13         6.00532e-04    4.99234e-01
    2.39134e+13         5.62897e-04    4.99234e-01
    2.39134e+13         5.20062e-04    4.99234e-01
    2.39134e+13         4.69880e-04    4.99234e-01
    2.39134e+13         4.39143e-04    4.99234e-01
    2.39134e+13         4.03953e-04    4.99234e-01
    2.39134e+13         3.83159e-04    4.99234e-01
    2.39134e+13         3.60047e-04    4.99234e-01
    2.39134e+13         3.33872e-04    4.99234e-01
    2.39134e+13         3.03433e-04    4.99234e-01
    2.39134e+13         2.85006e-04    4.99234e-01
    2.39134e+13         2.64120e-04    4.99234e-01
    2.39134e+13         2.39800e-04    4.99234e-01
    2.39134e+13         2.25048e-04    4.99234e-01
    2.39134e+13         2.08299e-04    4.99234e-01
    2.39134e+13         1.88748e-04    4.99234e-01
    2.39134e+13         1.76843e-04    4.99234e-01
    2.39134e+13         1.63280e-04    4.99234e-01
    2.39134e+13         1.47372e-04    4.99234e-01
    2.39134e+13         1.37607e-04    4.99234e-01
    2.39134e+13         1.26407e-04    4.99234e-01
    2.39134e+13         1.19771e-04    4.99234e-01
    2.39134e+13         1.12380e-04    4.99234e-01
    2.39134e+13         1.03984e-04    4.99234e-01
    2.39134e+13         9.41771e-05    4.99234e-01
    2.39134e+13         8.81995e-05    4.99234e-01
    2.39134e+13         8.13842e-05    4.99234e-01
    2.39134e+13         7.33795e-05    4.99234e-01
    2.39134e+13         6.84564e-05    4.99234e-01
    2.39134e+13         6.27997e-05    4.99234e-01
    2.39134e+13         5.94389e-05    4.99234e-01
    2.39134e+13         5.56873e-05    4.99234e-01
    2.39134e+13         5.14132e-05    4.99234e-01
    2.39134e+13         4.63989e-05    4.99234e-01
    2.39134e+13         4.33206e-05    4.99234e-01
    2.39134e+13         3.97892e-05    4.99234e-01
    2.39134e+13         3.76962e-05    4.99234e-01
    2.39134e+13         3.53643e-05    4.99234e-01
    2.39134e+13         3.27148e-05    4.99234e-01
    2.39134e+13         2.96187e-05    4.99234e-01
    2.39134e+13         2.77301e-05    4.99234e-01
    2.39134e+13         2.55755e-05    4.99234e-01


