              t                   M              a
    1.23833e-21         1.00000e+17    8.00000e-01
    2.47665e-21         1.00000e+17    8.00000e-01
    4.95331e-21         1.00000e+17    8.00000e-01
    9.90662e-21         1.00000e+17    8.00000e-01
    1.98132e-20         1.00000e+17    8.00000e-01
    3.96265e-20         1.00000e+17    8.00000e-01
    7.92530e-20         1.00000e+17    8.00000e-01
    1.58506e-19         1.00000e+17    8.00000e-01
    3.17012e-19         1.00000e+17    8.00000e-01
    6.34024e-19         1.00000e+17    8.00000e-01
    1.26805e-18         1.00000e+17    8.00000e-01
    2.53609e-18         1.00000e+17    8.00000e-01
    5.07219e-18         1.00000e+17    8.00000e-01
    1.01444e-17         1.00000e+17    8.00000e-01
    2.02888e-17         1.00000e+17    8.00000e-01
    4.05775e-17         1.00000e+17    8.00000e-01
    8.11550e-17         1.00000e+17    8.00000e-01
    1.62310e-16         1.00000e+17    8.00000e-01
    3.24620e-16         1.00000e+17    8.00000e-01
    6.49240e-16         1.00000e+17    8.00000e-01
    1.29848e-15         1.00000e+17    8.00000e-01
    2.59696e-15         1.00000e+17    8.00000e-01
    5.19392e-15         1.00000e+17    8.00000e-01
    1.03878e-14         1.00000e+17    8.00000e-01
    2.07757e-14         1.00000e+17    8.00000e-01
    4.15514e-14         1.00000e+17    8.00000e-01
    8.31027e-14         1.00000e+17    8.00000e-01
    1.66205e-13         1.00000e+17    8.00000e-01
    3.32411e-13         1.00000e+17    8.00000e-01
    6.64822e-13         1.00000e+17    8.00000e-01
    1.32964e-12         1.00000e+17    8.00000e-01
    2.65929e-12         1.00000e+17    8.00000e-01
    5.31858e-12         1.00000e+17    8.00000e-01
    1.06372e-11         1.00000e+17    8.00000e-01
    2.12743e-11         1.00000e+17    8.00000e-01
    4.25486e-11         1.00000e+17    8.00000e-01
    8.50972e-11         1.00000e+17    8.00000e-01
    1.70194e-10         1.00000e+17    8.00000e-01
    3.40389e-10         1.00000e+17    8.00000e-01
    6.80778e-10         1.00000e+17    8.00000e-01
    1.36156e-09         1.00000e+17    8.00000e-01
    2.72311e-09         1.00000e+17    8.00000e-01
    5.44622e-09         1.00000e+17    8.00000e-01
    1.08924e-08         1.00000e+17    8.00000e-01
    2.17849e-08         1.00000e+17    8.00000e-01
    4.35698e-08         1.00000e+17    8.00000e-01
    8.71395e-08         1.00000e+17    8.00000e-01
    1.74279e-07         1.00000e+17    8.00000e-01
    3.48558e-07         1.00000e+17    8.00000e-01
    6.97116e-07         1.00000e+17    8.00000e-01
    1.39423e-06         1.00000e+17    8.00000e-01
    2.78847e-06         1.00000e+17    8.00000e-01
    5.57693e-06         1.00000e+17    8.00000e-01
    1.11539e-05         1.00000e+17    8.00000e-01
    2.23077e-05         1.00000e+17    8.00000e-01
    4.46154e-05         1.00000e+17    8.00000e-01
    8.92309e-05         1.00000e+17    8.00000e-01
    1.78462e-04         1.00000e+17    8.00000e-01
    3.56924e-04         1.00000e+17    8.00000e-01
    7.13847e-04         1.00000e+17    8.00000e-01
    1.42769e-03         1.00000e+17    8.00000e-01
    2.85539e-03         1.00000e+17    8.00000e-01
    5.71078e-03         1.00000e+17    8.00000e-01
    1.14216e-02         1.00000e+17    8.00000e-01
    2.28431e-02         1.00000e+17    8.00000e-01
    4.56862e-02         1.00000e+17    8.00000e-01
    9.13724e-02         1.00000e+17    8.00000e-01
    1.82745e-01         1.00000e+17    8.00000e-01
    3.65490e-01         9.99999e+16    7.99999e-01
    7.30979e-01         9.99999e+16    7.99998e-01
    1.46196e+00         9.99997e+16    7.99997e-01
    2.92392e+00         9.99995e+16    7.99994e-01
    5.84784e+00         9.99989e+16    7.99988e-01
    1.16957e+01         9.99979e+16    7.99976e-01
    2.33913e+01         9.99958e+16    7.99952e-01
    4.67827e+01         9.99916e+16    7.99903e-01
    9.35654e+01         9.99831e+16    7.99807e-01
    1.87131e+02         9.99663e+16    7.99613e-01
    3.74261e+02         9.99326e+16    7.99227e-01
    7.48523e+02         9.98653e+16    7.98456e-01
    1.49705e+03         9.97310e+16    7.96920e-01
    2.99409e+03         9.94633e+16    7.93872e-01
    5.98818e+03         9.89317e+16    7.87868e-01
    1.19764e+04         9.78787e+16    7.76187e-01
    1.79646e+04         9.68353e+16    7.65068e-01
    2.39527e+04         9.58008e+16    7.54491e-01
    2.99409e+04         9.47745e+16    7.44437e-01
    3.59291e+04         9.37432e+16    7.34763e-01
    4.19173e+04         9.27068e+16    7.25452e-01
    4.79055e+04         9.16643e+16    7.16495e-01
    5.38937e+04         9.06143e+16    7.07862e-01
    5.98818e+04         8.95502e+16    6.99503e-01
    6.58700e+04         8.84710e+16    6.91409e-01
    7.18582e+04         8.73755e+16    6.83575e-01
    7.78464e+04         8.62626e+16    6.75994e-01
    8.38346e+04         8.51274e+16    6.68617e-01
    8.98228e+04         8.39661e+16    6.61442e-01
    9.58109e+04         8.27771e+16    6.54464e-01
    1.01799e+05         8.15580e+16    6.47678e-01
    1.07787e+05         8.03068e+16    6.41080e-01
    1.13775e+05         7.90215e+16    6.34594e-01
    1.19764e+05         7.76987e+16    6.28200e-01
    1.25752e+05         7.63352e+16    6.21896e-01
    1.31740e+05         7.49273e+16    6.15679e-01
    1.37728e+05         7.34708e+16    6.09548e-01
    1.43716e+05         7.19610e+16    6.03501e-01
    1.49705e+05         7.03874e+16    5.97544e-01
    1.55693e+05         6.87425e+16    5.91678e-01
    1.61681e+05         6.70177e+16    5.85899e-01
    1.67669e+05         6.52026e+16    5.80206e-01
    1.73657e+05         6.32851e+16    5.74589e-01
    1.79646e+05         6.12496e+16    5.69046e-01
    1.85634e+05         5.90780e+16    5.63485e-01
    1.91622e+05         5.67461e+16    5.57849e-01
    1.97610e+05         5.42210e+16    5.52120e-01
    2.03598e+05         5.14580e+16    5.46273e-01
    2.09586e+05         4.83936e+16    5.40275e-01
    2.15575e+05         4.49328e+16    5.34074e-01
    2.21563e+05         4.09205e+16    5.27600e-01
    2.24557e+05         3.85000e+16    5.24162e-01
    2.27551e+05         3.57648e+16    5.20558e-01
    2.30545e+05         3.25942e+16    5.16748e-01
    2.32042e+05         3.06847e+16    5.14702e-01
    2.33539e+05         2.85299e+16    5.12547e-01
    2.35036e+05         2.60368e+16    5.10253e-01
    2.35785e+05         2.45398e+16    5.09013e-01
    2.36533e+05         2.28544e+16    5.07705e-01
    2.37282e+05         2.09111e+16    5.06308e-01
    2.37656e+05         1.97504e+16    5.05551e-01
    2.38030e+05         1.84491e+16    5.04752e-01
    2.38405e+05         1.69577e+16    5.03899e-01
    2.38592e+05         1.60751e+16    5.03437e-01
    2.38779e+05         1.50928e+16    5.02950e-01
    2.38966e+05         1.39784e+16    5.02432e-01
    2.39153e+05         1.26792e+16    5.01874e-01
    2.39247e+05         1.18897e+16    5.01567e-01
    2.39340e+05         1.09918e+16    5.01240e-01
    2.39434e+05         9.94120e+15    5.00887e-01
    2.39481e+05         9.29899e+15    5.00692e-01
    2.39527e+05         8.56500e+15    5.00484e-01
    2.39551e+05         8.13241e+15    5.00371e-01
    2.39574e+05         7.65257e+15    5.00251e-01
    2.39598e+05         7.11066e+15    5.00124e-01
    2.39621e+05         6.48300e+15    4.99987e-01
    2.39633e+05         6.10547e+15    4.99912e-01
    2.39644e+05         5.67979e+15    4.99832e-01
    2.39656e+05         5.18791e+15    4.99743e-01
    2.39662e+05         4.89312e+15    4.99694e-01
    2.39668e+05         4.56174e+15    4.99641e-01
    2.39674e+05         4.18046e+15    4.99583e-01
    2.39676e+05         3.95346e+15    4.99551e-01
    2.39679e+05         3.69964e+15    4.99516e-01
    2.39682e+05         3.40980e+15    4.99478e-01
    2.39684e+05         3.23920e+15    4.99457e-01
    2.39685e+05         3.05015e+15    4.99435e-01
    2.39687e+05         2.83693e+15    4.99411e-01
    2.39688e+05         2.59047e+15    4.99385e-01
    2.39689e+05         2.44267e+15    4.99370e-01
    2.39690e+05         2.27645e+15    4.99355e-01
    2.39690e+05         2.08507e+15    4.99337e-01
    2.39691e+05         1.97100e+15    4.99328e-01
    2.39691e+05         1.84335e+15    4.99318e-01
    2.39691e+05         1.69741e+15    4.99306e-01
    2.39692e+05         1.61135e+15    4.99300e-01
    2.39692e+05         1.51585e+15    4.99293e-01
    2.39692e+05         1.40795e+15    4.99286e-01
    2.39692e+05         1.28286e+15    4.99278e-01
    2.39692e+05         1.20753e+15    4.99274e-01
    2.39692e+05         1.12251e+15    4.99269e-01
    2.39692e+05         1.02412e+15    4.99264e-01
    2.39693e+05         9.65014e+14    4.99261e-01
    2.39693e+05         8.98449e+14    4.99258e-01
    2.39693e+05         8.21656e+14    4.99255e-01
    2.39693e+05         7.75747e+14    4.99253e-01
    2.39693e+05         7.24244e+14    4.99251e-01
    2.39693e+05         6.65154e+14    4.99248e-01
    2.39693e+05         6.30127e+14    4.99247e-01
    2.39693e+05         5.91098e+14    4.99246e-01
    2.39693e+05         5.46744e+14    4.99244e-01
    2.39693e+05         4.94902e+14    4.99243e-01
    2.39693e+05         4.63267e+14    4.99242e-01
    2.39693e+05         4.27162e+14    4.99241e-01
    2.39693e+05         3.84697e+14    4.99240e-01
    2.39693e+05         3.58518e+14    4.99239e-01
    2.39693e+05         3.28377e+14    4.99238e-01
    2.39693e+05         3.10412e+14    4.99238e-01
    2.39693e+05         2.90308e+14    4.99238e-01
    2.39693e+05         2.67324e+14    4.99237e-01
    2.39693e+05         2.53770e+14    4.99237e-01
    2.39693e+05         2.38730e+14    4.99237e-01
    2.39693e+05         2.21735e+14    4.99236e-01
    2.39693e+05         2.02036e+14    4.99236e-01
    2.39693e+05         1.90171e+14    4.99236e-01
    2.39693e+05         1.76781e+14    4.99236e-01
    2.39693e+05         1.61284e+14    4.99236e-01
    2.39693e+05         1.51976e+14    4.99235e-01
    2.39693e+05         1.41492e+14    4.99235e-01
    2.39693e+05         1.29397e+14    4.99235e-01
    2.39693e+05         1.22166e+14    4.99235e-01
    2.39693e+05         1.14053e+14    4.99235e-01
    2.39693e+05         1.04746e+14    4.99235e-01
    2.39693e+05         9.92288e+13    4.99235e-01
    2.39693e+05         9.30807e+13    4.99235e-01
    2.39693e+05         8.60938e+13    4.99235e-01
    2.39693e+05         7.79267e+13    4.99235e-01
    2.39693e+05         7.29424e+13    4.99235e-01
    2.39693e+05         6.72536e+13    4.99235e-01
    2.39693e+05         6.05617e+13    4.99235e-01
    2.39693e+05         5.64355e+13    4.99235e-01
    2.39693e+05         5.16838e+13    4.99235e-01
    2.39693e+05         4.88511e+13    4.99235e-01
    2.39693e+05         4.56803e+13    4.99234e-01
    2.39693e+05         4.20540e+13    4.99234e-01
    2.39693e+05         3.99146e+13    4.99234e-01
    2.39693e+05         3.75399e+13    4.99234e-01
    2.39693e+05         3.48551e+13    4.99234e-01
    2.39693e+05         3.17408e+13    4.99234e-01
    2.39693e+05         2.98632e+13    4.99234e-01
    2.39693e+05         2.77419e+13    4.99234e-01
    2.39693e+05         2.52839e+13    4.99234e-01
    2.39693e+05         2.38043e+13    4.99234e-01
    2.39693e+05         2.21351e+13    4.99234e-01
    2.39693e+05         2.02046e+13    4.99234e-01
    2.39693e+05         1.90461e+13    4.99234e-01
    2.39693e+05         1.77423e+13    4.99234e-01
    2.39693e+05         1.62400e+13    4.99234e-01
    2.39693e+05         1.53434e+13    4.99234e-01
    2.39693e+05         1.43389e+13    4.99234e-01
    2.39693e+05         1.31888e+13    4.99234e-01
    2.39693e+05         1.25091e+13    4.99234e-01
    2.39693e+05         1.17535e+13    4.99234e-01
    2.39693e+05         1.08977e+13    4.99234e-01
    2.39693e+05         9.90209e+12    4.99234e-01
    2.39693e+05         9.29918e+12    4.99234e-01
    2.39693e+05         8.61555e+12    4.99234e-01
    2.39693e+05         7.81913e+12    4.99234e-01
    2.39693e+05         7.33566e+12    4.99234e-01
    2.39693e+05         6.78637e+12    4.99234e-01
    2.39693e+05         6.14457e+12    4.99234e-01
    2.39693e+05         5.75313e+12    4.99234e-01
    2.39693e+05         5.30661e+12    4.99234e-01
    2.39693e+05         4.78178e+12    4.99234e-01
    2.39693e+05         4.45860e+12    4.99234e-01
    2.39693e+05         4.08688e+12    4.99234e-01
    2.39693e+05         3.86567e+12    4.99234e-01
    2.39693e+05         3.61842e+12    4.99234e-01
    2.39693e+05         3.33622e+12    4.99234e-01
    2.39693e+05         3.00426e+12    4.99234e-01
    2.39693e+05         2.79958e+12    4.99234e-01
    2.39693e+05         2.56387e+12    4.99234e-01
    2.39693e+05         2.42335e+12    4.99234e-01
    2.39693e+05         2.26606e+12    4.99234e-01
    2.39693e+05         2.08618e+12    4.99234e-01
    2.39693e+05         1.98006e+12    4.99234e-01
    2.39693e+05         1.86226e+12    4.99234e-01
    2.39693e+05         1.72909e+12    4.99234e-01
    2.39693e+05         1.57461e+12    4.99234e-01
    2.39693e+05         1.48147e+12    4.99234e-01
    2.39693e+05         1.37626e+12    4.99234e-01
    2.39693e+05         1.25434e+12    4.99234e-01
    2.39693e+05         1.18096e+12    4.99234e-01
    2.39693e+05         1.09817e+12    4.99234e-01
    2.39693e+05         1.00242e+12    4.99234e-01
    2.39693e+05         9.44972e+11    4.99234e-01
    2.39693e+05         8.80322e+11    4.99234e-01
    2.39693e+05         8.05827e+11    4.99234e-01
    2.39693e+05         7.61375e+11    4.99234e-01
    2.39693e+05         7.11580e+11    4.99234e-01
    2.39693e+05         6.54573e+11    4.99234e-01
    2.39693e+05         6.20888e+11    4.99234e-01
    2.39693e+05         5.83449e+11    4.99234e-01
    2.39693e+05         5.41051e+11    4.99234e-01
    2.39693e+05         4.91749e+11    4.99234e-01
    2.39693e+05         4.61906e+11    4.99234e-01
    2.39693e+05         4.28083e+11    4.99234e-01
    2.39693e+05         3.88704e+11    4.99234e-01
    2.39693e+05         3.64823e+11    4.99234e-01
    2.39693e+05         3.37714e+11    4.99234e-01
    2.39693e+05         3.06077e+11    4.99234e-01
    2.39693e+05         2.86820e+11    4.99234e-01
    2.39693e+05         2.64889e+11    4.99234e-01
    2.39693e+05         2.39178e+11    4.99234e-01
    2.39693e+05         2.23409e+11    4.99234e-01
    2.39693e+05         2.05337e+11    4.99234e-01
    2.39693e+05         1.94639e+11    4.99234e-01
    2.39693e+05         1.82734e+11    4.99234e-01
    2.39693e+05         1.69227e+11    4.99234e-01
    2.39693e+05         1.53478e+11    4.99234e-01
    2.39693e+05         1.43904e+11    4.99234e-01
    2.39693e+05         1.33014e+11    4.99234e-01
    2.39693e+05         1.20268e+11    4.99234e-01
    2.39693e+05         1.12473e+11    4.99234e-01
    2.39693e+05         1.03560e+11    4.99234e-01
    2.39693e+05         9.83029e+10    4.99234e-01
    2.39693e+05         9.24688e+10    4.99234e-01
    2.39693e+05         8.58752e+10    4.99234e-01
    2.39693e+05         7.82303e+10    4.99234e-01
    2.39693e+05         7.36242e+10    4.99234e-01
    2.39693e+05         6.84238e+10    4.99234e-01
    2.39693e+05         6.24029e+10    4.99234e-01
    2.39693e+05         5.87834e+10    4.99234e-01
    2.39693e+05         5.47046e+10    4.99234e-01
    2.39693e+05         4.99948e+10    4.99234e-01
    2.39693e+05         4.71753e+10    4.99234e-01
    2.39693e+05         4.40087e+10    4.99234e-01
    2.39693e+05         4.03701e+10    4.99234e-01
    2.39693e+05         3.82080e+10    4.99234e-01
    2.39693e+05         3.57943e+10    4.99234e-01
    2.39693e+05         3.30441e+10    4.99234e-01
    2.39693e+05         2.98171e+10    4.99234e-01
    2.39693e+05         2.78354e+10    4.99234e-01
    2.39693e+05         2.55616e+10    4.99234e-01
    2.39693e+05         2.42134e+10    4.99234e-01
    2.39693e+05         2.27109e+10    4.99234e-01
    2.39693e+05         2.10030e+10    4.99234e-01
    2.39693e+05         1.90060e+10    4.99234e-01
    2.39693e+05         1.77867e+10    4.99234e-01
    2.39693e+05         1.63945e+10    4.99234e-01
    2.39693e+05         1.47558e+10    4.99234e-01
    2.39693e+05         1.37443e+10    4.99234e-01
    2.39693e+05         1.25785e+10    4.99234e-01
    2.39693e+05         1.18825e+10    4.99234e-01
    2.39693e+05         1.11027e+10    4.99234e-01
    2.39693e+05         1.02094e+10    4.99234e-01
    2.39693e+05         9.68120e+09    4.99234e-01
    2.39693e+05         9.09377e+09    4.99234e-01
    2.39693e+05         8.42801e+09    4.99234e-01
    2.39693e+05         7.65290e+09    4.99234e-01
    2.39693e+05         7.18287e+09    4.99234e-01
    2.39693e+05         6.64931e+09    4.99234e-01
    2.39693e+05         6.02669e+09    4.99234e-01
    2.39693e+05         5.64773e+09    4.99234e-01
    2.39693e+05         5.21621e+09    4.99234e-01
    2.39693e+05         4.71034e+09    4.99234e-01
    2.39693e+05         4.40016e+09    4.99234e-01
    2.39693e+05         4.04470e+09    4.99234e-01
    2.39693e+05         3.83437e+09    4.99234e-01
    2.39693e+05         3.60032e+09    4.99234e-01
    2.39693e+05         3.33485e+09    4.99234e-01
    2.39693e+05         3.02544e+09    4.99234e-01
    2.39693e+05         2.83748e+09    4.99234e-01
    2.39693e+05         2.62378e+09    4.99234e-01
    2.39693e+05         2.37386e+09    4.99234e-01
    2.39693e+05         2.22120e+09    4.99234e-01
    2.39693e+05         2.04684e+09    4.99234e-01
    2.39693e+05         1.94417e+09    4.99234e-01
    2.39693e+05         1.83037e+09    4.99234e-01
    2.39693e+05         1.70199e+09    4.99234e-01
    2.39693e+05         1.55350e+09    4.99234e-01
    2.39693e+05         1.46438e+09    4.99234e-01
    2.39693e+05         1.36409e+09    4.99234e-01
    2.39693e+05         1.24852e+09    4.99234e-01
    2.39693e+05         1.17953e+09    4.99234e-01
    2.39693e+05         1.10224e+09    4.99234e-01
    2.39693e+05         1.01373e+09    4.99234e-01
    2.39693e+05         9.61413e+08    4.99234e-01
    2.39693e+05         9.03244e+08    4.99234e-01
    2.39693e+05         8.37342e+08    4.99234e-01
    2.39693e+05         7.60658e+08    4.99234e-01
    2.39693e+05         7.14196e+08    4.99234e-01
    2.39693e+05         6.61492e+08    4.99234e-01
    2.39693e+05         6.00054e+08    4.99234e-01
    2.39693e+05         5.62724e+08    4.99234e-01
    2.39693e+05         5.20275e+08    4.99234e-01
    2.39693e+05         4.70618e+08    4.99234e-01
    2.39693e+05         4.40273e+08    4.99234e-01
    2.39693e+05         4.05602e+08    4.99234e-01
    2.39693e+05         3.85175e+08    4.99234e-01
    2.39693e+05         3.62525e+08    4.99234e-01
    2.39693e+05         3.36956e+08    4.99234e-01
    2.39693e+05         3.07360e+08    4.99234e-01
    2.39693e+05         2.89574e+08    4.99234e-01
    2.39693e+05         2.69537e+08    4.99234e-01
    2.39693e+05         2.46409e+08    4.99234e-01
    2.39693e+05         2.32573e+08    4.99234e-01
    2.39693e+05         2.17042e+08    4.99234e-01
    2.39693e+05         1.99208e+08    4.99234e-01
    2.39693e+05         1.88623e+08    4.99234e-01
    2.39693e+05         1.76817e+08    4.99234e-01
    2.39693e+05         1.63382e+08    4.99234e-01
    2.39693e+05         1.47646e+08    4.99234e-01
    2.39693e+05         1.38011e+08    4.99234e-01
    2.39693e+05         1.26985e+08    4.99234e-01
    2.39693e+05         1.20473e+08    4.99234e-01
    2.39693e+05         1.13237e+08    4.99234e-01
    2.39693e+05         1.05048e+08    4.99234e-01
    2.39693e+05         9.55314e+07    4.99234e-01
    2.39693e+05         8.97781e+07    4.99234e-01
    2.39693e+05         8.32638e+07    4.99234e-01
    2.39693e+05         7.56903e+07    4.99234e-01
    2.39693e+05         7.11078e+07    4.99234e-01
    2.39693e+05         6.59157e+07    4.99234e-01
    2.39693e+05         5.98734e+07    4.99234e-01
    2.39693e+05         5.62117e+07    4.99234e-01
    2.39693e+05         5.20574e+07    4.99234e-01
    2.39693e+05         4.72136e+07    4.99234e-01
    2.39693e+05         4.42693e+07    4.99234e-01
    2.39693e+05         4.09203e+07    4.99234e-01
    2.39693e+05         3.70007e+07    4.99234e-01
    2.39693e+05         3.46037e+07    4.99234e-01
    2.39693e+05         3.18631e+07    4.99234e-01
    2.39693e+05         3.02470e+07    4.99234e-01
    2.39693e+05         2.84535e+07    4.99234e-01
    2.39693e+05         2.64268e+07    4.99234e-01
    2.39693e+05         2.40774e+07    4.99234e-01
    2.39693e+05         2.26622e+07    4.99234e-01
    2.39693e+05         2.10647e+07    4.99234e-01
    2.39693e+05         1.92158e+07    4.99234e-01
    2.39693e+05         1.81049e+07    4.99234e-01
    2.39693e+05         1.68535e+07    4.99234e-01
    2.39693e+05         1.54093e+07    4.99234e-01
    2.39693e+05         1.45455e+07    4.99234e-01
    2.39693e+05         1.35761e+07    4.99234e-01
    2.39693e+05         1.24633e+07    4.99234e-01
    2.39693e+05         1.18030e+07    4.99234e-01
    2.39693e+05         1.10669e+07    4.99234e-01
    2.39693e+05         1.02296e+07    4.99234e-01
    2.39693e+05         9.24963e+06    4.99234e-01
    2.39693e+05         8.65030e+06    4.99234e-01
    2.39693e+05         7.96506e+06    4.99234e-01
    2.39693e+05         7.56095e+06    4.99234e-01
    2.39693e+05         7.11248e+06    4.99234e-01
    2.39693e+05         6.60568e+06    4.99234e-01
    2.39693e+05         6.01813e+06    4.99234e-01
    2.39693e+05         5.66420e+06    4.99234e-01
    2.39693e+05         5.26464e+06    4.99234e-01
    2.39693e+05         4.80214e+06    4.99234e-01
    2.39693e+05         4.52420e+06    4.99234e-01
    2.39693e+05         4.21107e+06    4.99234e-01
    2.39693e+05         3.84963e+06    4.99234e-01
    2.39693e+05         3.63338e+06    4.99234e-01
    2.39693e+05         3.39063e+06    4.99234e-01
    2.39693e+05         3.11187e+06    4.99234e-01
    2.39693e+05         2.94640e+06    4.99234e-01
    2.39693e+05         2.76182e+06    4.99234e-01
    2.39693e+05         2.55175e+06    4.99234e-01
    2.39693e+05         2.30566e+06    4.99234e-01
    2.39693e+05         2.15495e+06    4.99234e-01
    2.39693e+05         1.98243e+06    4.99234e-01
    2.39693e+05         1.88050e+06    4.99234e-01
    2.39693e+05         1.76722e+06    4.99234e-01
    2.39693e+05         1.63895e+06    4.99234e-01
    2.39693e+05         1.48982e+06    4.99234e-01
    2.39693e+05         1.39958e+06    4.99234e-01
    2.39693e+05         1.29732e+06    4.99234e-01
    2.39693e+05         1.17832e+06    4.99234e-01
    2.39693e+05         1.10619e+06    4.99234e-01
    2.39693e+05         1.02434e+06    4.99234e-01
    2.39693e+05         9.28900e+05    4.99234e-01
    2.39693e+05         8.70867e+05    4.99234e-01
    2.39693e+05         8.04842e+05    4.99234e-01
    2.39693e+05         7.27541e+05    4.99234e-01
    2.39693e+05         6.80241e+05    4.99234e-01
    2.39693e+05         6.26133e+05    4.99234e-01
    2.39693e+05         5.94202e+05    4.99234e-01
    2.39693e+05         5.58747e+05    4.99234e-01
    2.39693e+05         5.18649e+05    4.99234e-01
    2.39693e+05         4.72112e+05    4.99234e-01
    2.39693e+05         4.44030e+05    4.99234e-01
    2.39693e+05         4.12283e+05    4.99234e-01
    2.39693e+05         3.75459e+05    4.99234e-01
    2.39693e+05         3.53259e+05    4.99234e-01
    2.39693e+05         3.28180e+05    4.99234e-01
    2.39693e+05         2.99122e+05    4.99234e-01
    2.39693e+05         2.81634e+05    4.99234e-01
    2.39693e+05         2.61905e+05    4.99234e-01
    2.39693e+05         2.39093e+05    4.99234e-01
    2.39693e+05         2.25406e+05    4.99234e-01
    2.39693e+05         2.10007e+05    4.99234e-01
    2.39693e+05         1.92267e+05    4.99234e-01
    2.39693e+05         1.81684e+05    4.99234e-01
    2.39693e+05         1.69833e+05    4.99234e-01
    2.39693e+05         1.56270e+05    4.99234e-01
    2.39693e+05         1.48260e+05    4.99234e-01
    2.39693e+05         1.39361e+05    4.99234e-01
    2.39693e+05         1.29290e+05    4.99234e-01
    2.39693e+05         1.17589e+05    4.99234e-01
    2.39693e+05         1.10515e+05    4.99234e-01
    2.39693e+05         1.02508e+05    4.99234e-01
    2.39693e+05         9.32007e+04    4.99234e-01
    2.39693e+05         8.75711e+04    4.99234e-01
    2.39693e+05         8.11945e+04    4.99234e-01
    2.39693e+05         7.37771e+04    4.99234e-01
    2.39693e+05         6.92851e+04    4.99234e-01
    2.39693e+05         6.41918e+04    4.99234e-01
    2.39693e+05         5.82582e+04    4.99234e-01
    2.39693e+05         5.46562e+04    4.99234e-01
    2.39693e+05         5.05639e+04    4.99234e-01
    2.39693e+05         4.57823e+04    4.99234e-01
    2.39693e+05         4.28661e+04    4.99234e-01
    2.39693e+05         3.95396e+04    4.99234e-01
    2.39693e+05         3.56298e+04    4.99234e-01
    2.39693e+05         3.32223e+04    4.99234e-01
    2.39693e+05         3.04532e+04    4.99234e-01
    2.39693e+05         2.88055e+04    4.99234e-01
    2.39693e+05         2.69638e+04    4.99234e-01
    2.39693e+05         2.48620e+04    4.99234e-01
    2.39693e+05         2.23898e+04    4.99234e-01
    2.39693e+05         2.08656e+04    4.99234e-01
    2.39693e+05         1.91106e+04    4.99234e-01
    2.39693e+05         1.80646e+04    4.99234e-01
    2.39693e+05         1.68939e+04    4.99234e-01
    2.39693e+05         1.55553e+04    4.99234e-01
    2.39693e+05         1.47659e+04    4.99234e-01
    2.39693e+05         1.38898e+04    4.99234e-01
    2.39693e+05         1.28997e+04    4.99234e-01
    2.39693e+05         1.17518e+04    4.99234e-01
    2.39693e+05         1.10602e+04    4.99234e-01
    2.39693e+05         1.02795e+04    4.99234e-01
    2.39693e+05         9.37565e+03    4.99234e-01
    2.39693e+05         8.83239e+03    4.99234e-01
    2.39693e+05         8.22025e+03    4.99234e-01
    2.39693e+05         7.51354e+03    4.99234e-01
    2.39693e+05         7.09059e+03    4.99234e-01
    2.39693e+05         6.61568e+03    4.99234e-01
    2.39693e+05         6.07014e+03    4.99234e-01
    2.39693e+05         5.74613e+03    4.99234e-01
    2.39693e+05         5.38455e+03    4.99234e-01
    2.39693e+05         4.97279e+03    4.99234e-01
    2.39693e+05         4.49001e+03    4.99234e-01
    2.39693e+05         4.19392e+03    4.99234e-01
    2.39693e+05         3.85454e+03    4.99234e-01
    2.39693e+05         3.65366e+03    4.99234e-01
    2.39693e+05         3.43008e+03    4.99234e-01
    2.39693e+05         3.17640e+03    4.99234e-01
    2.39693e+05         2.88058e+03    4.99234e-01
    2.39693e+05         2.70074e+03    4.99234e-01
    2.39693e+05         2.49614e+03    4.99234e-01
    2.39693e+05         2.25664e+03    4.99234e-01
    2.39693e+05         2.11011e+03    4.99234e-01
    2.39693e+05         1.94253e+03    4.99234e-01
    2.39693e+05         1.84366e+03    4.99234e-01
    2.39693e+05         1.73391e+03    4.99234e-01
    2.39693e+05         1.60981e+03    4.99234e-01
    2.39693e+05         1.46585e+03    4.99234e-01
    2.39693e+05         1.37904e+03    4.99234e-01
    2.39693e+05         1.28095e+03    4.99234e-01
    2.39693e+05         1.16726e+03    4.99234e-01
    2.39693e+05         1.09881e+03    4.99234e-01
    2.39693e+05         1.02156e+03    4.99234e-01
    2.39693e+05         9.32183e+02    4.99234e-01
    2.39693e+05         8.78516e+02    4.99234e-01
    2.39693e+05         8.18092e+02    4.99234e-01
    2.39693e+05         7.48412e+02    4.99234e-01
    2.39693e+05         7.06783e+02    4.99234e-01
    2.39693e+05         6.60105e+02    4.99234e-01
    2.39693e+05         6.06593e+02    4.99234e-01
    2.39693e+05         5.74908e+02    4.99234e-01
    2.39693e+05         5.39634e+02    4.99234e-01
    2.39693e+05         4.99598e+02    4.99234e-01
    2.39693e+05         4.52888e+02    4.99234e-01
    2.39693e+05         4.24467e+02    4.99234e-01
    2.39693e+05         3.92113e+02    4.99234e-01
    2.39693e+05         3.54199e+02    4.99234e-01
    2.39693e+05         3.30966e+02    4.99234e-01
    2.39693e+05         3.04357e+02    4.99234e-01
    2.39693e+05         2.88625e+02    4.99234e-01
    2.39693e+05         2.71131e+02    4.99234e-01
    2.39693e+05         2.51307e+02    4.99234e-01
    2.39693e+05         2.28231e+02    4.99234e-01
    2.39693e+05         2.14242e+02    4.99234e-01
    2.39693e+05         1.98367e+02    4.99234e-01
    2.39693e+05         1.79849e+02    4.99234e-01
    2.39693e+05         1.68586e+02    4.99234e-01
    2.39693e+05         1.55766e+02    4.99234e-01
    2.39693e+05         1.40750e+02    4.99234e-01
    2.39693e+05         1.31555e+02    4.99234e-01
    2.39693e+05         1.21029e+02    4.99234e-01
    2.39693e+05         1.14811e+02    4.99234e-01
    2.39693e+05         1.07901e+02    4.99234e-01
    2.39693e+05         1.00078e+02    4.99234e-01
    2.39693e+05         9.09839e+01    4.99234e-01
    2.39693e+05         8.54824e+01    4.99234e-01
    2.39693e+05         7.92499e+01    4.99234e-01
    2.39693e+05         7.19987e+01    4.99234e-01
    2.39693e+05         6.76060e+01    4.99234e-01
    2.39693e+05         6.26240e+01    4.99234e-01
    2.39693e+05         5.68177e+01    4.99234e-01
    2.39693e+05         5.32909e+01    4.99234e-01
    2.39693e+05         4.92818e+01    4.99234e-01
    2.39693e+05         4.45939e+01    4.99234e-01
    2.39693e+05         4.17312e+01    4.99234e-01
    2.39693e+05         3.84624e+01    4.99234e-01
    2.39693e+05         3.65383e+01    4.99234e-01
    2.39693e+05         3.44063e+01    4.99234e-01
    2.39693e+05         3.20018e+01    4.99234e-01
    2.39693e+05         2.92225e+01    4.99234e-01
    2.39693e+05         2.75559e+01    4.99234e-01
    2.39693e+05         2.56817e+01    4.99234e-01
    2.39693e+05         2.35239e+01    4.99234e-01
    2.39693e+05         2.22380e+01    4.99234e-01
    2.39693e+05         2.07990e+01    4.99234e-01
    2.39693e+05         1.91541e+01    4.99234e-01
    2.39693e+05         1.81843e+01    4.99234e-01
    2.39693e+05         1.71083e+01    4.99234e-01
    2.39693e+05         1.58928e+01    4.99234e-01
    2.39693e+05         1.44841e+01    4.99234e-01
    2.39693e+05         1.36361e+01    4.99234e-01
    2.39693e+05         1.26794e+01    4.99234e-01
    2.39693e+05         1.15729e+01    4.99234e-01
    2.39693e+05         1.09087e+01    4.99234e-01
    2.39693e+05         1.01612e+01    4.99234e-01
    2.39693e+05         9.29976e+00    4.99234e-01
    2.39693e+05         8.78552e+00    4.99234e-01
    2.39693e+05         8.20932e+00    4.99234e-01
    2.39693e+05         7.54939e+00    4.99234e-01
    2.39693e+05         7.15922e+00    4.99234e-01
    2.39693e+05         6.72536e+00    4.99234e-01
    2.39693e+05         6.23372e+00    4.99234e-01
    2.39693e+05         5.66147e+00    4.99234e-01
    2.39693e+05         5.31458e+00    4.99234e-01
    2.39693e+05         4.92093e+00    4.99234e-01
    2.39693e+05         4.46178e+00    4.99234e-01
    2.39693e+05         4.18252e+00    4.99234e-01
    2.39693e+05         3.86473e+00    4.99234e-01
    2.39693e+05         3.49252e+00    4.99234e-01
    2.39693e+05         3.26464e+00    4.99234e-01
    2.39693e+05         3.00383e+00    4.99234e-01
    2.39693e+05         2.84980e+00    4.99234e-01
    2.39693e+05         2.67867e+00    4.99234e-01
    2.39693e+05         2.48497e+00    4.99234e-01
    2.39693e+05         2.25990e+00    4.99234e-01
    2.39693e+05         2.12383e+00    4.99234e-01
    2.39693e+05         1.96977e+00    4.99234e-01
    2.39693e+05         1.79067e+00    4.99234e-01
    2.39693e+05         1.68231e+00    4.99234e-01
    2.39693e+05         1.55955e+00    4.99234e-01
    2.39693e+05         1.41669e+00    4.99234e-01
    2.39693e+05         1.33013e+00    4.99234e-01
    2.39693e+05         1.23193e+00    4.99234e-01
    2.39693e+05         1.11746e+00    4.99234e-01
    2.39693e+05         1.04790e+00    4.99234e-01
    2.39693e+05         9.68797e-01    4.99234e-01
    2.39693e+05         8.76247e-01    4.99234e-01
    2.39693e+05         8.19681e-01    4.99234e-01
    2.39693e+05         7.55038e-01    4.99234e-01
    2.39693e+05         7.16945e-01    4.99234e-01
    2.39693e+05         6.74697e-01    4.99234e-01
    2.39693e+05         6.26992e-01    4.99234e-01
    2.39693e+05         5.71752e-01    4.99234e-01
    2.39693e+05         5.38537e-01    4.99234e-01
    2.39693e+05         5.01099e-01    4.99234e-01
    2.39693e+05         4.57857e-01    4.99234e-01
    2.39693e+05         4.31959e-01    4.99234e-01
    2.39693e+05         4.02863e-01    4.99234e-01
    2.39693e+05         3.69412e-01    4.99234e-01
    2.39693e+05         3.49521e-01    4.99234e-01
    2.39693e+05         3.27301e-01    4.99234e-01
    2.39693e+05         3.01962e-01    4.99234e-01
    2.39693e+05         2.72191e-01    4.99234e-01
    2.39693e+05         2.53872e-01    4.99234e-01
    2.39693e+05         2.32813e-01    4.99234e-01
    2.39693e+05         2.20293e-01    4.99234e-01
    2.39693e+05         2.06309e-01    4.99234e-01
    2.39693e+05         1.90365e-01    4.99234e-01
    2.39693e+05         1.71639e-01    4.99234e-01
    2.39693e+05         1.60121e-01    4.99234e-01
    2.39693e+05         1.46886e-01    4.99234e-01
    2.39693e+05         1.39023e-01    4.99234e-01
    2.39693e+05         1.30245e-01    4.99234e-01
    2.39693e+05         1.20244e-01    4.99234e-01
    2.39693e+05         1.08510e-01    4.99234e-01
    2.39693e+05         1.01306e-01    4.99234e-01
    2.39693e+05         9.30400e-02    4.99234e-01
    2.39693e+05         8.81402e-02    4.99234e-01
    2.39693e+05         8.26806e-02    4.99234e-01
    2.39693e+05         7.64762e-02    4.99234e-01
    2.39693e+05         6.92242e-02    4.99234e-01
    2.39693e+05         6.47987e-02    4.99234e-01
    2.39693e+05         5.97480e-02    4.99234e-01
    2.39693e+05         5.38074e-02    4.99234e-01
    2.39693e+05         5.01450e-02    4.99234e-01
    2.39693e+05         4.59281e-02    4.99234e-01
    2.39693e+05         4.34147e-02    4.99234e-01
    2.39693e+05         4.06019e-02    4.99234e-01
    2.39693e+05         3.73858e-02    4.99234e-01
    2.39693e+05         3.54892e-02    4.99234e-01
    2.39693e+05         3.33844e-02    4.99234e-01
    2.39693e+05         3.10059e-02    4.99234e-01
    2.39693e+05         2.82485e-02    4.99234e-01
    2.39693e+05         2.65875e-02    4.99234e-01
    2.39693e+05         2.47125e-02    4.99234e-01
    2.39693e+05         2.25422e-02    4.99234e-01
    2.39693e+05         2.12380e-02    4.99234e-01
    2.39693e+05         1.97687e-02    4.99234e-01
    2.39693e+05         1.80729e-02    4.99234e-01
    2.39693e+05         1.70584e-02    4.99234e-01
    2.39693e+05         1.59197e-02    4.99234e-01
    2.39693e+05         1.46122e-02    4.99234e-01
    2.39693e+05         1.38363e-02    4.99234e-01
    2.39693e+05         1.29708e-02    4.99234e-01
    2.39693e+05         1.19861e-02    4.99234e-01
    2.39693e+05         1.08328e-02    4.99234e-01
    2.39693e+05         1.01269e-02    4.99234e-01
    2.39693e+05         9.31916e-03    4.99234e-01
    2.39693e+05         8.84223e-03    4.99234e-01
    2.39693e+05         8.31246e-03    4.99234e-01
    2.39693e+05         7.71301e-03    4.99234e-01
    2.39693e+05         7.01677e-03    4.99234e-01
    2.39693e+05         6.59613e-03    4.99234e-01
    2.39693e+05         6.12014e-03    4.99234e-01
    2.39693e+05         5.56723e-03    4.99234e-01
    2.39693e+05         5.23313e-03    4.99234e-01
    2.39693e+05         4.85501e-03    4.99234e-01
    2.39693e+05         4.41570e-03    4.99234e-01
    2.39693e+05         4.15017e-03    4.99234e-01
    2.39693e+05         3.84957e-03    4.99234e-01
    2.39693e+05         3.50019e-03    4.99234e-01
    2.39693e+05         3.28889e-03    4.99234e-01
    2.39693e+05         3.04956e-03    4.99234e-01
    2.39693e+05         2.77119e-03    4.99234e-01
    2.39693e+05         2.60264e-03    4.99234e-01
    2.39693e+05         2.41156e-03    4.99234e-01
    2.39693e+05         2.18899e-03    4.99234e-01
    2.39693e+05         2.05392e-03    4.99234e-01
    2.39693e+05         1.90051e-03    4.99234e-01
    2.39693e+05         1.72133e-03    4.99234e-01
    2.39693e+05         1.61212e-03    4.99234e-01
    2.39693e+05         1.48761e-03    4.99234e-01
    2.39693e+05         1.34138e-03    4.99234e-01
    2.39693e+05         1.25146e-03    4.99234e-01
    2.39693e+05         1.14815e-03    4.99234e-01
    2.39693e+05         1.08678e-03    4.99234e-01
    2.39693e+05         1.01829e-03    4.99234e-01
    2.39693e+05         9.40267e-04    4.99234e-01
    2.39693e+05         8.48764e-04    4.99234e-01
    2.39693e+05         7.92616e-04    4.99234e-01
    2.39693e+05         7.28231e-04    4.99234e-01
    2.39693e+05         6.90094e-04    4.99234e-01
    2.39693e+05         6.47626e-04    4.99234e-01
    2.39693e+05         5.99405e-04    4.99234e-01
    2.39693e+05         5.43114e-04    4.99234e-01
    2.39693e+05         5.08832e-04    4.99234e-01
    2.39693e+05         4.69775e-04    4.99234e-01
    2.39693e+05         4.23954e-04    4.99234e-01
    2.39693e+05         3.95823e-04    4.99234e-01
    2.39693e+05         3.63551e-04    4.99234e-01
    2.39693e+05         3.44424e-04    4.99234e-01
    2.39693e+05         3.23113e-04    4.99234e-01
    2.39693e+05         2.98898e-04    4.99234e-01
    2.39693e+05         2.70601e-04    4.99234e-01
    2.39693e+05         2.53338e-04    4.99234e-01
    2.39693e+05         2.33643e-04    4.99234e-01
    2.39693e+05         2.10488e-04    4.99234e-01
    2.39693e+05         1.96223e-04    4.99234e-01
    2.39693e+05         1.79808e-04    4.99234e-01
    2.39693e+05         1.70034e-04    4.99234e-01
    2.39693e+05         1.59103e-04    4.99234e-01
    2.39693e+05         1.46620e-04    4.99234e-01
    2.39693e+05         1.39270e-04    4.99234e-01
    2.39693e+05         1.31124e-04    4.99234e-01
    2.39693e+05         1.21934e-04    4.99234e-01
    2.39693e+05         1.11307e-04    4.99234e-01
    2.39693e+05         1.04930e-04    4.99234e-01
    2.39693e+05         9.77545e-05    4.99234e-01
    2.39693e+05         8.94871e-05    4.99234e-01
    2.39693e+05         8.45543e-05    4.99234e-01
    2.39693e+05         7.90293e-05    4.99234e-01
    2.39693e+05         7.27047e-05    4.99234e-01
    2.39693e+05         6.89682e-05    4.99234e-01
    2.39693e+05         6.48160e-05    4.99234e-01
    2.39693e+05         6.01147e-05    4.99234e-01
    2.39693e+05         5.46494e-05    4.99234e-01
    2.39693e+05         5.13428e-05    4.99234e-01
    2.39693e+05         4.75966e-05    4.99234e-01
    2.39693e+05         4.32375e-05    4.99234e-01
    2.39693e+05         4.05963e-05    4.99234e-01
    2.39693e+05         3.76002e-05    4.99234e-01
    2.39693e+05         3.41077e-05    4.99234e-01
    2.39693e+05         3.19855e-05    4.99234e-01
    2.39693e+05         2.95724e-05    4.99234e-01
    2.39693e+05         2.67493e-05    4.99234e-01
    2.39693e+05         2.50242e-05    4.99234e-01


