              t                   M              a
    1.23833e-21         1.00000e+17    8.00000e-01
    2.47665e-21         1.00000e+17    8.00000e-01
    4.95331e-21         1.00000e+17    8.00000e-01
    9.90662e-21         1.00000e+17    8.00000e-01
    1.98132e-20         1.00000e+17    8.00000e-01
    3.96265e-20         1.00000e+17    8.00000e-01
    7.92530e-20         1.00000e+17    8.00000e-01
    1.58506e-19         1.00000e+17    8.00000e-01
    3.17012e-19         1.00000e+17    8.00000e-01
    6.34024e-19         1.00000e+17    8.00000e-01
    1.26805e-18         1.00000e+17    8.00000e-01
    2.53609e-18         1.00000e+17    8.00000e-01
    5.07219e-18         1.00000e+17    8.00000e-01
    1.01444e-17         1.00000e+17    8.00000e-01
    2.02888e-17         1.00000e+17    8.00000e-01
    4.05775e-17         1.00000e+17    8.00000e-01
    8.11550e-17         1.00000e+17    8.00000e-01
    1.62310e-16         1.00000e+17    8.00000e-01
    3.24620e-16         1.00000e+17    8.00000e-01
    6.49240e-16         1.00000e+17    8.00000e-01
    1.29848e-15         1.00000e+17    8.00000e-01
    2.59696e-15         1.00000e+17    8.00000e-01
    5.19392e-15         1.00000e+17    8.00000e-01
    1.03878e-14         1.00000e+17    8.00000e-01
    2.07757e-14         1.00000e+17    8.00000e-01
    4.15514e-14         1.00000e+17    8.00000e-01
    8.31027e-14         1.00000e+17    8.00000e-01
    1.66205e-13         1.00000e+17    8.00000e-01
    3.32411e-13         1.00000e+17    8.00000e-01
    6.64822e-13         1.00000e+17    8.00000e-01
    1.32964e-12         1.00000e+17    8.00000e-01
    2.65929e-12         1.00000e+17    8.00000e-01
    5.31858e-12         1.00000e+17    8.00000e-01
    1.06372e-11         1.00000e+17    8.00000e-01
    2.12743e-11         1.00000e+17    8.00000e-01
    4.25486e-11         1.00000e+17    8.00000e-01
    8.50972e-11         1.00000e+17    8.00000e-01
    1.70194e-10         1.00000e+17    8.00000e-01
    3.40389e-10         1.00000e+17    8.00000e-01
    6.80778e-10         1.00000e+17    8.00000e-01
    1.36156e-09         1.00000e+17    8.00000e-01
    2.72311e-09         1.00000e+17    8.00000e-01
    5.44622e-09         1.00000e+17    8.00000e-01
    1.08924e-08         1.00000e+17    8.00000e-01
    2.17849e-08         1.00000e+17    8.00000e-01
    4.35698e-08         1.00000e+17    8.00000e-01
    8.71395e-08         1.00000e+17    8.00000e-01
    1.74279e-07         1.00000e+17    8.00000e-01
    3.48558e-07         1.00000e+17    8.00000e-01
    6.97116e-07         1.00000e+17    8.00000e-01
    1.39423e-06         1.00000e+17    8.00000e-01
    2.78847e-06         1.00000e+17    8.00000e-01
    5.57693e-06         1.00000e+17    8.00000e-01
    1.11539e-05         1.00000e+17    8.00000e-01
    2.23077e-05         1.00000e+17    8.00000e-01
    4.46154e-05         1.00000e+17    8.00000e-01
    8.92309e-05         1.00000e+17    8.00000e-01
    1.78462e-04         1.00000e+17    8.00000e-01
    3.56924e-04         1.00000e+17    8.00000e-01
    7.13847e-04         1.00000e+17    8.00000e-01
    1.42769e-03         1.00000e+17    8.00000e-01
    2.85539e-03         1.00000e+17    8.00000e-01
    5.71078e-03         1.00000e+17    8.00000e-01
    1.14216e-02         1.00000e+17    8.00000e-01
    2.28431e-02         1.00000e+17    8.00000e-01
    4.56862e-02         1.00000e+17    8.00000e-01
    9.13724e-02         1.00000e+17    8.00000e-01
    1.82745e-01         1.00000e+17    8.00000e-01
    3.65490e-01         1.00000e+17    8.00000e-01
    7.30979e-01         1.00000e+17    8.00000e-01
    1.46196e+00         1.00000e+17    8.00000e-01
    2.92392e+00         1.00000e+17    8.00000e-01
    5.84784e+00         1.00000e+17    8.00000e-01
    1.16957e+01         1.00000e+17    8.00000e-01
    2.33913e+01         1.00000e+17    8.00000e-01
    4.67827e+01         1.00000e+17    8.00000e-01
    9.35654e+01         1.00000e+17    8.00000e-01
    1.87131e+02         1.00000e+17    8.00000e-01
    3.74261e+02         1.00000e+17    8.00000e-01
    7.48523e+02         1.00000e+17    8.00000e-01
    1.49705e+03         1.00000e+17    8.00000e-01
    2.99409e+03         1.00000e+17    8.00000e-01
    5.98818e+03         1.00000e+17    8.00000e-01
    1.19764e+04         1.00000e+17    8.00000e-01
    2.39527e+04         1.00000e+17    8.00000e-01
    4.79055e+04         9.99999e+16    7.99999e-01
    9.58109e+04         9.99998e+16    7.99998e-01
    1.91622e+05         9.99997e+16    7.99996e-01
    3.83244e+05         9.99993e+16    7.99992e-01
    7.66488e+05         9.99986e+16    7.99984e-01
    1.53298e+06         9.99972e+16    7.99968e-01
    3.06595e+06         9.99945e+16    7.99937e-01
    6.13190e+06         9.99890e+16    7.99873e-01
    1.22638e+07         9.99779e+16    7.99747e-01
    2.45276e+07         9.99558e+16    7.99493e-01
    4.90552e+07         9.99117e+16    7.98987e-01
    9.81104e+07         9.98235e+16    7.97978e-01
    1.96221e+08         9.96477e+16    7.95970e-01
    3.92442e+08         9.92975e+16    7.91993e-01
    7.84883e+08         9.86039e+16    7.84200e-01
    1.56977e+09         9.72277e+16    7.69118e-01
    2.35465e+09         9.58678e+16    7.54999e-01
    3.13953e+09         9.45225e+16    7.41795e-01
    3.92442e+09         9.31699e+16    7.29254e-01
    4.70930e+09         9.18079e+16    7.17337e-01
    5.49418e+09         9.04346e+16    7.06003e-01
    6.27907e+09         8.90373e+16    6.95142e-01
    7.06395e+09         8.76136e+16    6.84738e-01
    7.84883e+09         8.61608e+16    6.74777e-01
    8.63372e+09         8.46703e+16    6.65178e-01
    9.41860e+09         8.31346e+16    6.55927e-01
    1.02035e+10         8.15493e+16    6.47012e-01
    1.09884e+10         7.99096e+16    6.38423e-01
    1.17732e+10         7.82107e+16    6.30010e-01
    1.25581e+10         7.64451e+16    6.21754e-01
    1.33430e+10         7.46053e+16    6.13652e-01
    1.41279e+10         7.26819e+16    6.05700e-01
    1.49128e+10         7.06603e+16    5.97899e-01
    1.56977e+10         6.85210e+16    5.90259e-01
    1.64825e+10         6.62456e+16    5.82774e-01
    1.72674e+10         6.38109e+16    5.75435e-01
    1.80523e+10         6.11869e+16    5.68231e-01
    1.88372e+10         5.83352e+16    5.61015e-01
    1.96221e+10         5.52019e+16    5.53674e-01
    2.04070e+10         5.17072e+16    5.46167e-01
    2.11918e+10         4.77293e+16    5.38436e-01
    2.19767e+10         4.30680e+16    5.30377e-01
    2.23692e+10         4.02047e+16    5.26107e-01
    2.27616e+10         3.69180e+16    5.21612e-01
    2.29578e+10         3.49681e+16    5.19221e-01
    2.31541e+10         3.27942e+16    5.16725e-01
    2.33503e+10         3.03219e+16    5.14094e-01
    2.35465e+10         2.74294e+16    5.11285e-01
    2.36446e+10         2.56617e+16    5.09759e-01
    2.37427e+10         2.36417e+16    5.08141e-01
    2.37918e+10         2.24516e+16    5.07270e-01
    2.38408e+10         2.11319e+16    5.06355e-01
    2.38899e+10         1.96421e+16    5.05386e-01
    2.39389e+10         1.79177e+16    5.04349e-01
    2.39635e+10         1.68814e+16    5.03784e-01
    2.39880e+10         1.57140e+16    5.03186e-01
    2.40125e+10         1.43666e+16    5.02545e-01
    2.40248e+10         1.35605e+16    5.02196e-01
    2.40370e+10         1.26558e+16    5.01825e-01
    2.40493e+10         1.16171e+16    5.01429e-01
    2.40554e+10         1.10008e+16    5.01214e-01
    2.40616e+10         1.03134e+16    5.00986e-01
    2.40677e+10         9.53126e+15    5.00742e-01
    2.40738e+10         8.61553e+15    5.00479e-01
    2.40769e+10         8.05515e+15    5.00334e-01
    2.40800e+10         7.41409e+15    5.00179e-01
    2.40815e+10         7.03573e+15    5.00094e-01
    2.40830e+10         6.61558e+15    5.00005e-01
    2.40846e+10         6.14037e+15    4.99910e-01
    2.40861e+10         5.58875e+15    4.99807e-01
    2.40869e+10         5.25580e+15    4.99748e-01
    2.40876e+10         4.87933e+15    4.99686e-01
    2.40884e+10         4.44253e+15    4.99616e-01
    2.40888e+10         4.17907e+15    4.99578e-01
    2.40892e+10         3.88133e+15    4.99536e-01
    2.40896e+10         3.53617e+15    4.99490e-01
    2.40897e+10         3.32825e+15    4.99465e-01
    2.40899e+10         3.09354e+15    4.99437e-01
    2.40901e+10         2.82187e+15    4.99407e-01
    2.40902e+10         2.65862e+15    4.99390e-01
    2.40903e+10         2.47470e+15    4.99371e-01
    2.40904e+10         2.26243e+15    4.99351e-01
    2.40905e+10         2.13545e+15    4.99340e-01
    2.40905e+10         1.99291e+15    4.99328e-01
    2.40906e+10         1.82926e+15    4.99315e-01
    2.40906e+10         1.73213e+15    4.99308e-01
    2.40906e+10         1.62381e+15    4.99300e-01
    2.40906e+10         1.50056e+15    4.99291e-01
    2.40907e+10         1.35622e+15    4.99282e-01
    2.40907e+10         1.26788e+15    4.99277e-01
    2.40907e+10         1.16679e+15    4.99271e-01
    2.40907e+10         1.10711e+15    4.99268e-01
    2.40907e+10         1.04082e+15    4.99264e-01
    2.40907e+10         9.65821e+14    4.99261e-01
    2.40907e+10         8.78720e+14    4.99257e-01
    2.40907e+10         8.26107e+14    4.99254e-01
    2.40907e+10         7.66580e+14    4.99252e-01
    2.40907e+10         6.97449e+14    4.99249e-01
    2.40907e+10         6.55692e+14    4.99248e-01
    2.40907e+10         6.08446e+14    4.99246e-01
    2.40907e+10         5.53579e+14    4.99244e-01
    2.40907e+10         5.20438e+14    4.99243e-01
    2.40907e+10         4.82941e+14    4.99242e-01
    2.40907e+10         4.39396e+14    4.99241e-01
    2.40907e+10         4.13094e+14    4.99240e-01
    2.40907e+10         3.83336e+14    4.99240e-01
    2.40907e+10         3.48779e+14    4.99239e-01
    2.40907e+10         3.27907e+14    4.99238e-01
    2.40907e+10         3.04293e+14    4.99238e-01
    2.40907e+10         2.76872e+14    4.99237e-01
    2.40907e+10         2.60311e+14    4.99237e-01
    2.40907e+10         2.41576e+14    4.99237e-01
    2.40907e+10         2.19822e+14    4.99236e-01
    2.40907e+10         2.06686e+14    4.99236e-01
    2.40907e+10         1.91827e+14    4.99236e-01
    2.40907e+10         1.74577e+14    4.99236e-01
    2.40907e+10         1.64163e+14    4.99236e-01
    2.40907e+10         1.52386e+14    4.99235e-01
    2.40907e+10         1.38719e+14    4.99235e-01
    2.40907e+10         1.30472e+14    4.99235e-01
    2.40907e+10         1.21150e+14    4.99235e-01
    2.40907e+10         1.10338e+14    4.99235e-01
    2.40907e+10         1.03821e+14    4.99235e-01
    2.40907e+10         9.64596e+13    4.99235e-01
    2.40907e+10         8.79320e+13    4.99235e-01
    2.40907e+10         8.28011e+13    4.99235e-01
    2.40907e+10         7.70146e+13    4.99235e-01
    2.40907e+10         7.03259e+13    4.99235e-01
    2.40907e+10         6.63151e+13    4.99235e-01
    2.40907e+10         6.18045e+13    4.99235e-01
    2.40907e+10         5.66115e+13    4.99235e-01
    2.40907e+10         5.35167e+13    4.99235e-01
    2.40907e+10         5.00538e+13    4.99235e-01
    2.40907e+10         4.60950e+13    4.99234e-01
    2.40907e+10         4.37611e+13    4.99234e-01
    2.40907e+10         4.11716e+13    4.99234e-01
    2.40907e+10         3.82460e+13    4.99234e-01
    2.40907e+10         3.48558e+13    4.99234e-01
    2.40907e+10         3.28149e+13    4.99234e-01
    2.40907e+10         3.05123e+13    4.99234e-01
    2.40907e+10         2.78490e+13    4.99234e-01
    2.40907e+10         2.62504e+13    4.99234e-01
    2.40907e+10         2.44513e+13    4.99234e-01
    2.40907e+10         2.23777e+13    4.99234e-01
    2.40907e+10         2.11398e+13    4.99234e-01
    2.40907e+10         1.97527e+13    4.99234e-01
    2.40907e+10         1.81639e+13    4.99234e-01
    2.40907e+10         1.72245e+13    4.99234e-01
    2.40907e+10         1.61798e+13    4.99234e-01
    2.40907e+10         1.49959e+13    4.99234e-01
    2.40907e+10         1.36176e+13    4.99234e-01
    2.40907e+10         1.27819e+13    4.99234e-01
    2.40907e+10         1.18333e+13    4.99234e-01
    2.40907e+10         1.07266e+13    4.99234e-01
    2.40907e+10         1.00532e+13    4.99234e-01
    2.40907e+10         9.28651e+12    4.99234e-01
    2.40907e+10         8.38802e+12    4.99234e-01
    2.40907e+10         7.83738e+12    4.99234e-01
    2.40907e+10         7.20665e+12    4.99234e-01
    2.40907e+10         6.83366e+12    4.99234e-01
    2.40907e+10         6.41885e+12    4.99234e-01
    2.40907e+10         5.94869e+12    4.99234e-01
    2.40907e+10         5.40127e+12    4.99234e-01
    2.40907e+10         5.06927e+12    4.99234e-01
    2.40907e+10         4.69236e+12    4.99234e-01
    2.40907e+10         4.25247e+12    4.99234e-01
    2.40907e+10         3.98466e+12    4.99234e-01
    2.40907e+10         3.67965e+12    4.99234e-01
    2.40907e+10         3.32198e+12    4.99234e-01
    2.40907e+10         3.10256e+12    4.99234e-01
    2.40907e+10         2.85101e+12    4.99234e-01
    2.40907e+10         2.70206e+12    4.99234e-01
    2.40907e+10         2.53623e+12    4.99234e-01
    2.40907e+10         2.34801e+12    4.99234e-01
    2.40907e+10         2.12841e+12    4.99234e-01
    2.40907e+10         1.99478e+12    4.99234e-01
    2.40907e+10         1.84265e+12    4.99234e-01
    2.40907e+10         1.66437e+12    4.99234e-01
    2.40907e+10         1.55510e+12    4.99234e-01
    2.40907e+10         1.42994e+12    4.99234e-01
    2.40907e+10         1.35593e+12    4.99234e-01
    2.40907e+10         1.27361e+12    4.99234e-01
    2.40907e+10         1.18031e+12    4.99234e-01
    2.40907e+10         1.07168e+12    4.99234e-01
    2.40907e+10         1.00580e+12    4.99234e-01
    2.40907e+10         9.30998e+11    4.99234e-01
    2.40907e+10         8.43696e+11    4.99234e-01
    2.40907e+10         7.90545e+11    4.99234e-01
    2.40907e+10         7.30006e+11    4.99234e-01
    2.40907e+10         6.59009e+11    4.99234e-01
    2.40907e+10         6.15450e+11    4.99234e-01
    2.40907e+10         5.65507e+11    4.99234e-01
    2.40907e+10         5.35930e+11    4.99234e-01
    2.40907e+10         5.02999e+11    4.99234e-01
    2.40907e+10         4.65614e+11    4.99234e-01
    2.40907e+10         4.21985e+11    4.99234e-01
    2.40907e+10         3.95426e+11    4.99234e-01
    2.40907e+10         3.65180e+11    4.99234e-01
    2.40907e+10         3.29716e+11    4.99234e-01
    2.40907e+10         3.07965e+11    4.99234e-01
    2.40907e+10         2.83032e+11    4.99234e-01
    2.40907e+10         2.68273e+11    4.99234e-01
    2.40907e+10         2.51845e+11    4.99234e-01
    2.40907e+10         2.33204e+11    4.99234e-01
    2.40907e+10         2.11464e+11    4.99234e-01
    2.40907e+10         1.98243e+11    4.99234e-01
    2.40907e+10         1.83201e+11    4.99234e-01
    2.40907e+10         1.65587e+11    4.99234e-01
    2.40907e+10         1.54807e+11    4.99234e-01
    2.40907e+10         1.42473e+11    4.99234e-01
    2.40907e+10         1.35193e+11    4.99234e-01
    2.40907e+10         1.27106e+11    4.99234e-01
    2.40907e+10         1.17959e+11    4.99234e-01
    2.40907e+10         1.07337e+11    4.99234e-01
    2.40907e+10         1.00923e+11    4.99234e-01
    2.40907e+10         9.36682e+10    4.99234e-01
    2.40907e+10         8.52458e+10    4.99234e-01
    2.40907e+10         8.01614e+10    4.99234e-01
    2.40907e+10         7.44115e+10    4.99234e-01
    2.40907e+10         6.77387e+10    4.99234e-01
    2.40907e+10         6.37126e+10    4.99234e-01
    2.40907e+10         5.91615e+10    4.99234e-01
    2.40907e+10         5.38834e+10    4.99234e-01
    2.40907e+10         5.07020e+10    4.99234e-01
    2.40907e+10         4.71088e+10    4.99234e-01
    2.40907e+10         4.29466e+10    4.99234e-01
    2.40907e+10         4.04426e+10    4.99234e-01
    2.40907e+10         3.76188e+10    4.99234e-01
    2.40907e+10         3.43553e+10    4.99234e-01
    2.40907e+10         3.23988e+10    4.99234e-01
    2.40907e+10         3.01988e+10    4.99234e-01
    2.40907e+10         2.76667e+10    4.99234e-01
    2.40907e+10         2.61583e+10    4.99234e-01
    2.40907e+10         2.44709e+10    4.99234e-01
    2.40907e+10         2.25427e+10    4.99234e-01
    2.40907e+10         2.14067e+10    4.99234e-01
    2.40907e+10         2.01468e+10    4.99234e-01
    2.40907e+10         1.87245e+10    4.99234e-01
    2.40907e+10         1.70779e+10    4.99234e-01
    2.40907e+10         1.60882e+10    4.99234e-01
    2.40907e+10         1.49730e+10    4.99234e-01
    2.40907e+10         1.36854e+10    4.99234e-01
    2.40907e+10         1.29148e+10    4.99234e-01
    2.40907e+10         1.20495e+10    4.99234e-01
    2.40907e+10         1.10554e+10    4.99234e-01
    2.40907e+10         1.04650e+10    4.99234e-01
    2.40907e+10         9.80606e+09    4.99234e-01
    2.40907e+10         9.05560e+09    4.99234e-01
    2.40907e+10         8.17559e+09    4.99234e-01
    2.40907e+10         7.63577e+09    4.99234e-01
    2.40907e+10         7.01692e+09    4.99234e-01
    2.40907e+10         6.65051e+09    4.99234e-01
    2.40907e+10         6.24262e+09    4.99234e-01
    2.40907e+10         5.77968e+09    4.99234e-01
    2.40907e+10         5.23961e+09    4.99234e-01
    2.40907e+10         4.91103e+09    4.99234e-01
    2.40907e+10         4.53702e+09    4.99234e-01
    2.40907e+10         4.09881e+09    4.99234e-01
    2.40907e+10         3.83034e+09    4.99234e-01
    2.40907e+10         3.52293e+09    4.99234e-01
    2.40907e+10         3.34123e+09    4.99234e-01
    2.40907e+10         3.13922e+09    4.99234e-01
    2.40907e+10         2.91039e+09    4.99234e-01
    2.40907e+10         2.64415e+09    4.99234e-01
    2.40907e+10         2.48288e+09    4.99234e-01
    2.40907e+10         2.29997e+09    4.99234e-01
    2.40907e+10         2.08682e+09    4.99234e-01
    2.40907e+10         1.95735e+09    4.99234e-01
    2.40907e+10         1.81020e+09    4.99234e-01
    2.40907e+10         1.63815e+09    4.99234e-01
    2.40907e+10         1.53311e+09    4.99234e-01
    2.40907e+10         1.41317e+09    4.99234e-01
    2.40907e+10         1.27202e+09    4.99234e-01
    2.40907e+10         1.18491e+09    4.99234e-01
    2.40907e+10         1.08453e+09    4.99234e-01
    2.40907e+10         1.02461e+09    4.99234e-01
    2.40907e+10         9.57483e+08    4.99234e-01
    2.40907e+10         8.80613e+08    4.99234e-01
    2.40907e+10         8.35175e+08    4.99234e-01
    2.40907e+10         7.84658e+08    4.99234e-01
    2.40907e+10         7.27427e+08    4.99234e-01
    2.40907e+10         6.60837e+08    4.99234e-01
    2.40907e+10         6.20494e+08    4.99234e-01
    2.40907e+10         5.74734e+08    4.99234e-01
    2.40907e+10         5.21397e+08    4.99234e-01
    2.40907e+10         4.88994e+08    4.99234e-01
    2.40907e+10         4.52154e+08    4.99234e-01
    2.40907e+10         4.09066e+08    4.99234e-01
    2.40907e+10         3.82744e+08    4.99234e-01
    2.40907e+10         3.52678e+08    4.99234e-01
    2.40907e+10         3.34972e+08    4.99234e-01
    2.40907e+10         3.15345e+08    4.99234e-01
    2.40907e+10         2.93199e+08    4.99234e-01
    2.40907e+10         2.67581e+08    4.99234e-01
    2.40907e+10         2.52202e+08    4.99234e-01
    2.40907e+10         2.34890e+08    4.99234e-01
    2.40907e+10         2.14932e+08    4.99234e-01
    2.40907e+10         2.03014e+08    4.99234e-01
    2.40907e+10         1.89656e+08    4.99234e-01
    2.40907e+10         1.74349e+08    4.99234e-01
    2.40907e+10         1.65293e+08    4.99234e-01
    2.40907e+10         1.55217e+08    4.99234e-01
    2.40907e+10         1.43791e+08    4.99234e-01
    2.40907e+10         1.30477e+08    4.99234e-01
    2.40907e+10         1.22392e+08    4.99234e-01
    2.40907e+10         1.13203e+08    4.99234e-01
    2.40907e+10         1.02463e+08    4.99234e-01
    2.40907e+10         9.59074e+07    4.99234e-01
    2.40907e+10         8.84254e+07    4.99234e-01
    2.40907e+10         7.96238e+07    4.99234e-01
    2.40907e+10         7.41962e+07    4.99234e-01
    2.40907e+10         6.79455e+07    4.99234e-01
    2.40907e+10         6.42187e+07    4.99234e-01
    2.40907e+10         6.00468e+07    4.99234e-01
    2.40907e+10         5.52750e+07    4.99234e-01
    2.40907e+10         5.24594e+07    4.99234e-01
    2.40907e+10         4.93335e+07    4.99234e-01
    2.40907e+10         4.57988e+07    4.99234e-01
    2.40907e+10         4.16976e+07    4.99234e-01
    2.40907e+10         3.92237e+07    4.99234e-01
    2.40907e+10         3.64279e+07    4.99234e-01
    2.40907e+10         3.31865e+07    4.99234e-01
    2.40907e+10         3.12338e+07    4.99234e-01
    2.40907e+10         2.90292e+07    4.99234e-01
    2.40907e+10         2.64771e+07    4.99234e-01
    2.40907e+10         2.49432e+07    4.99234e-01
    2.40907e+10         2.32148e+07    4.99234e-01
    2.40907e+10         2.12195e+07    4.99234e-01
    2.40907e+10         2.00254e+07    4.99234e-01
    2.40907e+10         1.86847e+07    4.99234e-01
    2.40907e+10         1.71446e+07    4.99234e-01
    2.40907e+10         1.62301e+07    4.99234e-01
    2.40907e+10         1.52095e+07    4.99234e-01
    2.40907e+10         1.40474e+07    4.99234e-01
    2.40907e+10         1.26850e+07    4.99234e-01
    2.40907e+10         1.18497e+07    4.99234e-01
    2.40907e+10         1.08924e+07    4.99234e-01
    2.40907e+10         1.03260e+07    4.99234e-01
    2.40907e+10         9.69564e+06    4.99234e-01
    2.40907e+10         8.98070e+06    4.99234e-01
    2.40907e+10         8.14741e+06    4.99234e-01
    2.40907e+10         7.64118e+06    4.99234e-01
    2.40907e+10         7.06564e+06    4.99234e-01
    2.40907e+10         6.39253e+06    4.99234e-01
    2.40907e+10         5.98137e+06    4.99234e-01
    2.40907e+10         5.51174e+06    4.99234e-01
    2.40907e+10         5.23520e+06    4.99234e-01
    2.40907e+10         4.92868e+06    4.99234e-01
    2.40907e+10         4.58285e+06    4.99234e-01
    2.40907e+10         4.18285e+06    4.99234e-01
    2.40907e+10         3.94277e+06    4.99234e-01
    2.40907e+10         3.67256e+06    4.99234e-01
    2.40907e+10         3.36113e+06    4.99234e-01
    2.40907e+10         3.17522e+06    4.99234e-01
    2.40907e+10         2.96690e+06    4.99234e-01
    2.40907e+10         2.72831e+06    4.99234e-01
    2.40907e+10         2.58723e+06    4.99234e-01
    2.40907e+10         2.43035e+06    4.99234e-01
    2.40907e+10         2.25257e+06    4.99234e-01
    2.40907e+10         2.04561e+06    4.99234e-01
    2.40907e+10         1.92013e+06    4.99234e-01
    2.40907e+10         1.77772e+06    4.99234e-01
    2.40907e+10         1.61157e+06    4.99234e-01
    2.40907e+10         1.51049e+06    4.99234e-01
    2.40907e+10         1.39543e+06    4.99234e-01
    2.40907e+10         1.26060e+06    4.99234e-01
    2.40907e+10         1.17800e+06    4.99234e-01
    2.40907e+10         1.08341e+06    4.99234e-01
    2.40907e+10         1.02749e+06    4.99234e-01
    2.40907e+10         9.65322e+05    4.99234e-01
    2.40907e+10         8.94889e+05    4.99234e-01
    2.40907e+10         8.12933e+05    4.99234e-01
    2.40907e+10         7.63276e+05    4.99234e-01
    2.40907e+10         7.06948e+05    4.99234e-01
    2.40907e+10         6.41285e+05    4.99234e-01
    2.40907e+10         6.01387e+05    4.99234e-01
    2.40907e+10         5.56019e+05    4.99234e-01
    2.40907e+10         5.02945e+05    4.99234e-01
    2.40907e+10         4.70512e+05    4.99234e-01
    2.40907e+10         4.33453e+05    4.99234e-01
    2.40907e+10         4.11620e+05    4.99234e-01
    2.40907e+10         3.87409e+05    4.99234e-01
    2.40907e+10         3.60078e+05    4.99234e-01
    2.40907e+10         3.28440e+05    4.99234e-01
    2.40907e+10         3.09427e+05    4.99234e-01
    2.40907e+10         2.88005e+05    4.99234e-01
    2.40907e+10         2.63278e+05    4.99234e-01
    2.40907e+10         2.48483e+05    4.99234e-01
    2.40907e+10         2.31874e+05    4.99234e-01
    2.40907e+10         2.12801e+05    4.99234e-01
    2.40907e+10         2.01478e+05    4.99234e-01
    2.40907e+10         1.88846e+05    4.99234e-01
    2.40907e+10         1.74468e+05    4.99234e-01
    2.40907e+10         1.57623e+05    4.99234e-01
    2.40907e+10         1.47304e+05    4.99234e-01
    2.40907e+10         1.35489e+05    4.99234e-01
    2.40907e+10         1.28506e+05    4.99234e-01
    2.40907e+10         1.20743e+05    4.99234e-01
    2.40907e+10         1.11950e+05    4.99234e-01
    2.40907e+10         1.01722e+05    4.99234e-01
    2.40907e+10         9.55280e+04    4.99234e-01
    2.40907e+10         8.85044e+04    4.99234e-01
    2.40907e+10         8.03219e+04    4.99234e-01
    2.40907e+10         7.53545e+04    4.99234e-01
    2.40907e+10         6.97108e+04    4.99234e-01
    2.40907e+10         6.31161e+04    4.99234e-01
    2.40907e+10         5.90938e+04    4.99234e-01
    2.40907e+10         5.45052e+04    4.99234e-01
    2.40907e+10         4.91116e+04    4.99234e-01
    2.40907e+10         4.57899e+04    4.99234e-01
    2.40907e+10         4.19688e+04    4.99234e-01
    2.40907e+10         3.96945e+04    4.99234e-01
    2.40907e+10         3.71521e+04    4.99234e-01
    2.40907e+10         3.42499e+04    4.99234e-01
    2.40907e+10         3.08349e+04    4.99234e-01
    2.40907e+10         2.87283e+04    4.99234e-01
    2.40907e+10         2.63014e+04    4.99234e-01
    2.40907e+10         2.48537e+04    4.99234e-01
    2.40907e+10         2.32324e+04    4.99234e-01
    2.40907e+10         2.13770e+04    4.99234e-01
    2.40907e+10         2.02812e+04    4.99234e-01
    2.40907e+10         1.90639e+04    4.99234e-01
    2.40907e+10         1.76861e+04    4.99234e-01
    2.40907e+10         1.60852e+04    4.99234e-01
    2.40907e+10         1.51175e+04    4.99234e-01
    2.40907e+10         1.40220e+04    4.99234e-01
    2.40907e+10         1.27487e+04    4.99234e-01
    2.40907e+10         1.19784e+04    4.99234e-01
    2.40907e+10         1.11060e+04    4.99234e-01
    2.40907e+10         1.00910e+04    4.99234e-01
    2.40907e+10         9.47634e+03    4.99234e-01
    2.40907e+10         8.77933e+03    4.99234e-01
    2.40907e+10         7.96725e+03    4.99234e-01
    2.40907e+10         7.47422e+03    4.99234e-01
    2.40907e+10         6.91400e+03    4.99234e-01
    2.40907e+10         6.25932e+03    4.99234e-01
    2.40907e+10         5.85993e+03    4.99234e-01
    2.40907e+10         5.40423e+03    4.99234e-01
    2.40907e+10         4.86844e+03    4.99234e-01
    2.40907e+10         4.53834e+03    4.99234e-01
    2.40907e+10         4.15847e+03    4.99234e-01
    2.40907e+10         3.93225e+03    4.99234e-01
    2.40907e+10         3.67925e+03    4.99234e-01
    2.40907e+10         3.39026e+03    4.99234e-01
    2.40907e+10         3.22008e+03    4.99234e-01
    2.40907e+10         3.03144e+03    4.99234e-01
    2.40907e+10         2.81859e+03    4.99234e-01
    2.40907e+10         2.57238e+03    4.99234e-01
    2.40907e+10         2.42459e+03    4.99234e-01
    2.40907e+10         2.25822e+03    4.99234e-01
    2.40907e+10         2.06644e+03    4.99234e-01
    2.40907e+10         1.95192e+03    4.99234e-01
    2.40907e+10         1.82358e+03    4.99234e-01
    2.40907e+10         1.67653e+03    4.99234e-01
    2.40907e+10         1.58954e+03    4.99234e-01
    2.40907e+10         1.49277e+03    4.99234e-01
    2.40907e+10         1.38305e+03    4.99234e-01
    2.40907e+10         1.25523e+03    4.99234e-01
    2.40907e+10         1.17764e+03    4.99234e-01
    2.40907e+10         1.08949e+03    4.99234e-01
    2.40907e+10         9.86497e+02    4.99234e-01
    2.40907e+10         9.23687e+02    4.99234e-01
    2.40907e+10         8.52045e+02    4.99234e-01
    2.40907e+10         7.67848e+02    4.99234e-01
    2.40907e+10         7.16011e+02    4.99234e-01
    2.40907e+10         6.56397e+02    4.99234e-01
    2.40907e+10         6.20930e+02    4.99234e-01
    2.40907e+10         5.81295e+02    4.99234e-01
    2.40907e+10         5.36071e+02    4.99234e-01
    2.40907e+10         4.82895e+02    4.99234e-01
    2.40907e+10         4.50129e+02    4.99234e-01
    2.40907e+10         4.12419e+02    4.99234e-01
    2.40907e+10         3.89959e+02    4.99234e-01
    2.40907e+10         3.64836e+02    4.99234e-01
    2.40907e+10         3.36135e+02    4.99234e-01
    2.40907e+10         3.19229e+02    4.99234e-01
    2.40907e+10         3.00485e+02    4.99234e-01
    2.40907e+10         2.79329e+02    4.99234e-01
    2.40907e+10         2.54848e+02    4.99234e-01
    2.40907e+10         2.40142e+02    4.99234e-01
    2.40907e+10         2.23581e+02    4.99234e-01
    2.40907e+10         2.04474e+02    4.99234e-01
    2.40907e+10         1.93053e+02    4.99234e-01
    2.40907e+10         1.80239e+02    4.99234e-01
    2.40907e+10         1.65540e+02    4.99234e-01
    2.40907e+10         1.56827e+02    4.99234e-01
    2.40907e+10         1.47118e+02    4.99234e-01
    2.40907e+10         1.36087e+02    4.99234e-01
    2.40907e+10         1.23194e+02    4.99234e-01
    2.40907e+10         1.15327e+02    4.99234e-01
    2.40907e+10         1.06351e+02    4.99234e-01
    2.40907e+10         9.57962e+01    4.99234e-01
    2.40907e+10         8.92916e+01    4.99234e-01
    2.40907e+10         8.18047e+01    4.99234e-01
    2.40907e+10         7.73448e+01    4.99234e-01
    2.40907e+10         7.23556e+01    4.99234e-01
    2.40907e+10         6.66547e+01    4.99234e-01
    2.40907e+10         6.32958e+01    4.99234e-01
    2.40907e+10         5.95709e+01    4.99234e-01
    2.40907e+10         5.53657e+01    4.99234e-01
    2.40907e+10         5.04973e+01    4.99234e-01
    2.40907e+10         4.75712e+01    4.99234e-01
    2.40907e+10         4.42741e+01    4.99234e-01
    2.40907e+10         4.04675e+01    4.99234e-01
    2.40907e+10         3.81893e+01    4.99234e-01
    2.40907e+10         3.56312e+01    4.99234e-01
    2.40907e+10         3.26927e+01    4.99234e-01
    2.40907e+10         3.09474e+01    4.99234e-01
    2.40907e+10         2.89997e+01    4.99234e-01
    2.40907e+10         2.67816e+01    4.99234e-01
    2.40907e+10         2.41808e+01    4.99234e-01
    2.40907e+10         2.25857e+01    4.99234e-01
    2.40907e+10         2.07573e+01    4.99234e-01
    2.40907e+10         1.96749e+01    4.99234e-01
    2.40907e+10         1.84702e+01    4.99234e-01
    2.40907e+10         1.71032e+01    4.99234e-01
    2.40907e+10         1.55089e+01    4.99234e-01
    2.40907e+10         1.45395e+01    4.99234e-01
    2.40907e+10         1.34365e+01    4.99234e-01
    2.40907e+10         1.21450e+01    4.99234e-01
    2.40907e+10         1.13546e+01    4.99234e-01
    2.40907e+10         1.04503e+01    4.99234e-01
    2.40907e+10         9.91647e+00    4.99234e-01
    2.40907e+10         9.32367e+00    4.99234e-01
    2.40907e+10         8.65310e+00    4.99234e-01
    2.40907e+10         7.87457e+00    4.99234e-01
    2.40907e+10         7.40453e+00    4.99234e-01
    2.40907e+10         6.87292e+00    4.99234e-01
    2.40907e+10         6.25589e+00    4.99234e-01
    2.40907e+10         5.88351e+00    4.99234e-01
    2.40907e+10         5.46251e+00    4.99234e-01
    2.40907e+10         4.97411e+00    4.99234e-01
    2.40907e+10         4.67960e+00    4.99234e-01
    2.40907e+10         4.34685e+00    4.99234e-01
    2.40907e+10         3.96121e+00    4.99234e-01
    2.40907e+10         3.72902e+00    4.99234e-01
    2.40907e+10         3.46702e+00    4.99234e-01
    2.40907e+10         3.16391e+00    4.99234e-01
    2.40907e+10         2.98193e+00    4.99234e-01
    2.40907e+10         2.77707e+00    4.99234e-01
    2.40907e+10         2.54086e+00    4.99234e-01
    2.40907e+10         2.39977e+00    4.99234e-01
    2.40907e+10         2.24161e+00    4.99234e-01
    2.40907e+10         2.06035e+00    4.99234e-01
    2.40907e+10         1.95306e+00    4.99234e-01
    2.40907e+10         1.83367e+00    4.99234e-01
    2.40907e+10         1.69822e+00    4.99234e-01
    2.40907e+10         1.54031e+00    4.99234e-01
    2.40907e+10         1.44433e+00    4.99234e-01
    2.40907e+10         1.33518e+00    4.99234e-01
    2.40907e+10         1.20745e+00    4.99234e-01
    2.40907e+10         1.12935e+00    4.99234e-01
    2.40907e+10         1.04009e+00    4.99234e-01
    2.40907e+10         9.87461e-01    4.99234e-01
    2.40907e+10         9.29079e-01    4.99234e-01
    2.40907e+10         8.63129e-01    4.99234e-01
    2.40907e+10         7.86716e-01    4.99234e-01
    2.40907e+10         7.40727e-01    4.99234e-01
    2.40907e+10         6.88850e-01    4.99234e-01
    2.40907e+10         6.28866e-01    4.99234e-01
    2.40907e+10         5.92879e-01    4.99234e-01
    2.40907e+10         5.52391e-01    4.99234e-01
    2.40907e+10         5.05750e-01    4.99234e-01
    2.40907e+10         4.77930e-01    4.99234e-01
    2.40907e+10         4.46776e-01    4.99234e-01
    2.40907e+10         4.11127e-01    4.99234e-01
    2.40907e+10         3.90077e-01    4.99234e-01
    2.40907e+10         3.66695e-01    4.99234e-01
    2.40907e+10         3.40234e-01    4.99234e-01
    2.40907e+10         3.09499e-01    4.99234e-01
    2.40907e+10         2.90927e-01    4.99234e-01
    2.40907e+10         2.69909e-01    4.99234e-01
    2.40907e+10         2.45489e-01    4.99234e-01
    2.40907e+10         2.30729e-01    4.99234e-01
    2.40907e+10         2.14021e-01    4.99234e-01
    2.40907e+10         1.94602e-01    4.99234e-01
    2.40907e+10         1.82858e-01    4.99234e-01
    2.40907e+10         1.69557e-01    4.99234e-01
    2.40907e+10         1.54088e-01    4.99234e-01
    2.40907e+10         1.44722e-01    4.99234e-01
    2.40907e+10         1.34105e-01    4.99234e-01
    2.40907e+10         1.21740e-01    4.99234e-01
    2.40907e+10         1.14238e-01    4.99234e-01
    2.40907e+10         1.05718e-01    4.99234e-01
    2.40907e+10         9.57693e-02    4.99234e-01
    2.40907e+10         8.97080e-02    4.99234e-01
    2.40907e+10         8.27999e-02    4.99234e-01
    2.40907e+10         7.46910e-02    4.99234e-01
    2.40907e+10         6.97085e-02    4.99234e-01
    2.40907e+10         6.39882e-02    4.99234e-01
    2.40907e+10         6.05938e-02    4.99234e-01
    2.40907e+10         5.68085e-02    4.99234e-01
    2.40907e+10         5.25019e-02    4.99234e-01
    2.40907e+10         4.74598e-02    4.99234e-01
    2.40907e+10         4.43746e-02    4.99234e-01
    2.40907e+10         4.08456e-02    4.99234e-01
    2.40907e+10         3.87629e-02    4.99234e-01
    2.40907e+10         3.64505e-02    4.99234e-01
    2.40907e+10         3.38354e-02    4.99234e-01
    2.40907e+10         3.08004e-02    4.99234e-01
    2.40907e+10         2.89691e-02    4.99234e-01
    2.40907e+10         2.68990e-02    4.99234e-01
    2.40907e+10         2.44979e-02    4.99234e-01
    2.40907e+10         2.30505e-02    4.99234e-01
    2.40907e+10         2.14157e-02    4.99234e-01
    2.40907e+10         1.95217e-02    4.99234e-01
    2.40907e+10         1.83821e-02    4.99234e-01
    2.40907e+10         1.70967e-02    4.99234e-01
    2.40907e+10         1.56108e-02    4.99234e-01
    2.40907e+10         1.47197e-02    4.99234e-01
    2.40907e+10         1.37175e-02    4.99234e-01
    2.40907e+10         1.25634e-02    4.99234e-01
    2.40907e+10         1.18755e-02    4.99234e-01
    2.40907e+10         1.11056e-02    4.99234e-01
    2.40907e+10         1.02252e-02    4.99234e-01
    2.40907e+10         9.70593e-03    4.99234e-01
    2.40907e+10         9.12964e-03    4.99234e-01
    2.40907e+10         8.47829e-03    4.99234e-01
    2.40907e+10         7.72302e-03    4.99234e-01
    2.40907e+10         7.26791e-03    4.99234e-01
    2.40907e+10         6.75402e-03    4.99234e-01
    2.40907e+10         6.15895e-03    4.99234e-01
    2.40907e+10         5.80114e-03    4.99234e-01
    2.40907e+10         5.39784e-03    4.99234e-01
    2.40907e+10         4.93202e-03    4.99234e-01
    2.40907e+10         4.65303e-03    4.99234e-01
    2.40907e+10         4.33959e-03    4.99234e-01
    2.40907e+10         3.97923e-03    4.99234e-01
    2.40907e+10         3.76495e-03    4.99234e-01
    2.40907e+10         3.52557e-03    4.99234e-01
    2.40907e+10         3.25258e-03    4.99234e-01
    2.40907e+10         2.93185e-03    4.99234e-01
    2.40907e+10         2.73448e-03    4.99234e-01
    2.40907e+10         2.50758e-03    4.99234e-01
    2.40907e+10         2.37268e-03    4.99234e-01
    2.40907e+10         2.22200e-03    4.99234e-01
    2.40907e+10         2.05018e-03    4.99234e-01
    2.40907e+10         1.84837e-03    4.99234e-01
    2.40907e+10         1.72422e-03    4.99234e-01
    2.40907e+10         1.58155e-03    4.99234e-01
    2.40907e+10         1.49677e-03    4.99234e-01
    2.40907e+10         1.40211e-03    4.99234e-01
    2.40907e+10         1.29424e-03    4.99234e-01
    2.40907e+10         1.16763e-03    4.99234e-01
    2.40907e+10         1.08986e-03    4.99234e-01
    2.40907e+10         1.00058e-03    4.99234e-01
    2.40907e+10         9.47629e-04    4.99234e-01
    2.40907e+10         8.88590e-04    4.99234e-01
    2.40907e+10         8.21444e-04    4.99234e-01
    2.40907e+10         7.42873e-04    4.99234e-01
    2.40907e+10         6.94838e-04    4.99234e-01
    2.40907e+10         6.39931e-04    4.99234e-01
    2.40907e+10         6.07565e-04    4.99234e-01
    2.40907e+10         5.71658e-04    4.99234e-01
    2.40907e+10         5.31099e-04    4.99234e-01
    2.40907e+10         4.84109e-04    4.99234e-01
    2.40907e+10         4.55831e-04    4.99234e-01
    2.40907e+10         4.23936e-04    4.99234e-01
    2.40907e+10         3.87061e-04    4.99234e-01
    2.40907e+10         3.64944e-04    4.99234e-01
    2.40907e+10         3.40064e-04    4.99234e-01
    2.40907e+10         3.11410e-04    4.99234e-01
    2.40907e+10         2.94325e-04    4.99234e-01
    2.40907e+10         2.75200e-04    4.99234e-01
    2.40907e+10         2.53324e-04    4.99234e-01
    2.40907e+10         2.40415e-04    4.99234e-01
    2.40907e+10         2.26082e-04    4.99234e-01
    2.40907e+10         2.09875e-04    4.99234e-01
    2.40907e+10         1.91068e-04    4.99234e-01
    2.40907e+10         1.79723e-04    4.99234e-01
    2.40907e+10         1.66899e-04    4.99234e-01
    2.40907e+10         1.52030e-04    4.99234e-01
    2.40907e+10         1.43069e-04    4.99234e-01
    2.40907e+10         1.32951e-04    4.99234e-01
    2.40907e+10         1.21235e-04    4.99234e-01
    2.40907e+10         1.14190e-04    4.99234e-01
    2.40907e+10         1.06248e-04    4.99234e-01
    2.40907e+10         9.70755e-05    4.99234e-01
    2.40907e+10         9.15813e-05    4.99234e-01
    2.40907e+10         8.54082e-05    4.99234e-01
    2.40907e+10         7.83105e-05    4.99234e-01
    2.40907e+10         7.40891e-05    4.99234e-01
    2.40907e+10         6.93730e-05    4.99234e-01
    2.40907e+10         6.39940e-05    4.99234e-01
    2.40907e+10         5.76726e-05    4.99234e-01
    2.40907e+10         5.37810e-05    4.99234e-01
    2.40907e+10         4.93059e-05    4.99234e-01
    2.40907e+10         4.66438e-05    4.99234e-01
    2.40907e+10         4.36691e-05    4.99234e-01
    2.40907e+10         4.02753e-05    4.99234e-01
    2.40907e+10         3.62855e-05    4.99234e-01
    2.40907e+10         3.38278e-05    4.99234e-01
    2.40907e+10         3.10000e-05    4.99234e-01
    2.40907e+10         2.93164e-05    4.99234e-01
    2.40907e+10         2.74338e-05    4.99234e-01
    2.40907e+10         2.52840e-05    4.99234e-01
    2.40907e+10         2.40186e-05    4.99234e-01


