              t                   M              a
    1.23833e-21         1.00000e+17    8.00000e-01
    2.47665e-21         1.00000e+17    8.00000e-01
    4.95331e-21         1.00000e+17    8.00000e-01
    9.90662e-21         1.00000e+17    8.00000e-01
    1.98132e-20         1.00000e+17    8.00000e-01
    3.96265e-20         1.00000e+17    8.00000e-01
    7.92530e-20         1.00000e+17    8.00000e-01
    1.58506e-19         1.00000e+17    8.00000e-01
    3.17012e-19         1.00000e+17    8.00000e-01
    6.34024e-19         1.00000e+17    8.00000e-01
    1.26805e-18         1.00000e+17    8.00000e-01
    2.53609e-18         1.00000e+17    8.00000e-01
    5.07219e-18         1.00000e+17    8.00000e-01
    1.01444e-17         1.00000e+17    8.00000e-01
    2.02888e-17         1.00000e+17    8.00000e-01
    4.05775e-17         1.00000e+17    8.00000e-01
    8.11550e-17         1.00000e+17    8.00000e-01
    1.62310e-16         1.00000e+17    8.00000e-01
    3.24620e-16         1.00000e+17    8.00000e-01
    6.49240e-16         1.00000e+17    8.00000e-01
    1.29848e-15         1.00000e+17    8.00000e-01
    2.59696e-15         1.00000e+17    8.00000e-01
    5.19392e-15         1.00000e+17    8.00000e-01
    1.03878e-14         1.00000e+17    8.00000e-01
    2.07757e-14         1.00000e+17    8.00000e-01
    4.15514e-14         1.00000e+17    8.00000e-01
    8.31027e-14         1.00000e+17    8.00000e-01
    1.66205e-13         1.00000e+17    8.00000e-01
    3.32411e-13         1.00000e+17    8.00000e-01
    6.64822e-13         1.00000e+17    8.00000e-01
    1.32964e-12         1.00000e+17    8.00000e-01
    2.65929e-12         1.00000e+17    8.00000e-01
    5.31858e-12         1.00000e+17    8.00000e-01
    1.06372e-11         1.00000e+17    8.00000e-01
    2.12743e-11         1.00000e+17    8.00000e-01
    4.25486e-11         1.00000e+17    8.00000e-01
    8.50972e-11         1.00000e+17    8.00000e-01
    1.70194e-10         1.00000e+17    8.00000e-01
    3.40389e-10         1.00000e+17    8.00000e-01
    6.80778e-10         1.00000e+17    8.00000e-01
    1.36156e-09         1.00000e+17    8.00000e-01
    2.72311e-09         1.00000e+17    8.00000e-01
    5.44622e-09         1.00000e+17    8.00000e-01
    1.08924e-08         1.00000e+17    8.00000e-01
    2.17849e-08         1.00000e+17    8.00000e-01
    4.35698e-08         1.00000e+17    8.00000e-01
    8.71395e-08         1.00000e+17    8.00000e-01
    1.74279e-07         1.00000e+17    8.00000e-01
    3.48558e-07         1.00000e+17    8.00000e-01
    6.97116e-07         1.00000e+17    8.00000e-01
    1.39423e-06         1.00000e+17    8.00000e-01
    2.78847e-06         1.00000e+17    8.00000e-01
    5.57693e-06         1.00000e+17    8.00000e-01
    1.11539e-05         1.00000e+17    8.00000e-01
    2.23077e-05         1.00000e+17    8.00000e-01
    4.46154e-05         1.00000e+17    8.00000e-01
    8.92309e-05         1.00000e+17    8.00000e-01
    1.78462e-04         1.00000e+17    8.00000e-01
    3.56924e-04         1.00000e+17    8.00000e-01
    7.13847e-04         1.00000e+17    8.00000e-01
    1.42769e-03         1.00000e+17    8.00000e-01
    2.85539e-03         1.00000e+17    8.00000e-01
    5.71078e-03         1.00000e+17    8.00000e-01
    1.14216e-02         1.00000e+17    8.00000e-01
    2.28431e-02         1.00000e+17    8.00000e-01
    4.56862e-02         1.00000e+17    8.00000e-01
    9.13724e-02         1.00000e+17    8.00000e-01
    1.82745e-01         1.00000e+17    8.00000e-01
    3.65490e-01         1.00000e+17    8.00000e-01
    7.30979e-01         1.00000e+17    8.00000e-01
    1.46196e+00         1.00000e+17    8.00000e-01
    2.92392e+00         1.00000e+17    8.00000e-01
    5.84784e+00         1.00000e+17    8.00000e-01
    1.16957e+01         1.00000e+17    8.00000e-01
    2.33913e+01         1.00000e+17    8.00000e-01
    4.67827e+01         1.00000e+17    8.00000e-01
    9.35654e+01         1.00000e+17    8.00000e-01
    1.87131e+02         1.00000e+17    8.00000e-01
    3.74261e+02         1.00000e+17    8.00000e-01
    7.48523e+02         1.00000e+17    8.00000e-01
    1.49705e+03         1.00000e+17    8.00000e-01
    2.99409e+03         1.00000e+17    8.00000e-01
    5.98818e+03         1.00000e+17    8.00000e-01
    1.19764e+04         1.00000e+17    8.00000e-01
    2.39527e+04         1.00000e+17    7.99999e-01
    4.79055e+04         9.99999e+16    7.99999e-01
    9.58109e+04         9.99998e+16    7.99998e-01
    1.91622e+05         9.99997e+16    7.99996e-01
    3.83244e+05         9.99994e+16    7.99991e-01
    7.66488e+05         9.99988e+16    7.99983e-01
    1.53298e+06         9.99975e+16    7.99965e-01
    3.06595e+06         9.99950e+16    7.99930e-01
    6.13190e+06         9.99900e+16    7.99860e-01
    1.22638e+07         9.99801e+16    7.99721e-01
    2.45276e+07         9.99602e+16    7.99441e-01
    4.90552e+07         9.99204e+16    7.98884e-01
    9.81104e+07         9.98411e+16    7.97771e-01
    1.96221e+08         9.96830e+16    7.95556e-01
    3.92442e+08         9.93693e+16    7.91168e-01
    7.84883e+08         9.87517e+16    7.82562e-01
    1.17732e+09         9.81449e+16    7.74200e-01
    1.56977e+09         9.75474e+16    7.66093e-01
    1.96221e+09         9.69591e+16    7.58238e-01
    2.35465e+09         9.63798e+16    7.50627e-01
    3.13953e+09         9.52336e+16    7.35811e-01
    3.92442e+09         9.41068e+16    7.21622e-01
    4.70930e+09         9.29876e+16    7.08191e-01
    5.49418e+09         9.18706e+16    6.95331e-01
    6.27907e+09         9.07483e+16    6.83049e-01
    7.06395e+09         8.96194e+16    6.71323e-01
    7.84883e+09         8.84731e+16    6.60068e-01
    8.63372e+09         8.73046e+16    6.49288e-01
    9.41860e+09         8.61123e+16    6.38958e-01
    1.02035e+10         8.48947e+16    6.28959e-01
    1.09884e+10         8.36455e+16    6.19287e-01
    1.17732e+10         8.23618e+16    6.09935e-01
    1.25581e+10         8.10402e+16    6.00897e-01
    1.33430e+10         7.96690e+16    5.92191e-01
    1.41279e+10         7.82385e+16    5.83863e-01
    1.49128e+10         7.67519e+16    5.75795e-01
    1.56977e+10         7.52029e+16    5.67985e-01
    1.64825e+10         7.35877e+16    5.60332e-01
    1.72674e+10         7.18911e+16    5.52893e-01
    1.80523e+10         7.01016e+16    5.45694e-01
    1.88372e+10         6.82061e+16    5.38746e-01
    1.96221e+10         6.61880e+16    5.32066e-01
    2.04070e+10         6.40421e+16    5.25399e-01
    2.11918e+10         6.17240e+16    5.19046e-01
    2.19767e+10         5.91999e+16    5.13029e-01
    2.27616e+10         5.64243e+16    5.07384e-01
    2.35465e+10         5.33316e+16    5.02188e-01
    2.43314e+10         4.98395e+16    4.97308e-01
    2.51163e+10         4.57932e+16    4.92995e-01
    2.55087e+10         4.33631e+16    4.91300e-01
    2.59011e+10         4.06379e+16    4.89806e-01
    2.62936e+10         3.75120e+16    4.88710e-01
    2.66860e+10         3.38221e+16    4.88017e-01
    2.68823e+10         3.15352e+16    4.88102e-01
    2.70785e+10         2.88969e+16    4.88420e-01
    2.71766e+10         2.73202e+16    4.88784e-01
    2.72747e+10         2.55539e+16    4.89262e-01
    2.73728e+10         2.35310e+16    4.89930e-01
    2.74219e+10         2.23357e+16    4.90403e-01
    2.74709e+10         2.10081e+16    4.90955e-01
    2.75200e+10         1.95064e+16    4.91602e-01
    2.75690e+10         1.77628e+16    4.92402e-01
    2.75936e+10         1.67105e+16    4.92913e-01
    2.76181e+10         1.55210e+16    4.93496e-01
    2.76426e+10         1.41416e+16    4.94174e-01
    2.76549e+10         1.33105e+16    4.94586e-01
    2.76671e+10         1.23720e+16    4.95051e-01
    2.76794e+10         1.12856e+16    4.95583e-01
    2.76855e+10         1.06327e+16    4.95894e-01
    2.76917e+10         9.89700e+15    4.96239e-01
    2.76978e+10         9.04781e+15    4.96629e-01
    2.77009e+10         8.53972e+15    4.96854e-01
    2.77039e+10         7.96937e+15    4.97100e-01
    2.77070e+10         7.31442e+15    4.97373e-01
    2.77085e+10         6.92566e+15    4.97530e-01
    2.77101e+10         6.49202e+15    4.97699e-01
    2.77116e+10         5.99851e+15    4.97886e-01
    2.77131e+10         5.42045e+15    4.98094e-01
    2.77139e+10         5.06648e+15    4.98215e-01
    2.77147e+10         4.66132e+15    4.98347e-01
    2.77150e+10         4.42199e+15    4.98421e-01
    2.77154e+10         4.15606e+15    4.98501e-01
    2.77158e+10         3.85500e+15    4.98589e-01
    2.77162e+10         3.50508e+15    4.98686e-01
    2.77164e+10         3.29345e+15    4.98741e-01
    2.77166e+10         3.05374e+15    4.98800e-01
    2.77168e+10         2.77493e+15    4.98866e-01
    2.77169e+10         2.60610e+15    4.98904e-01
    2.77170e+10         2.41469e+15    4.98944e-01
    2.77171e+10         2.19172e+15    4.98989e-01
    2.77171e+10         2.05641e+15    4.99015e-01
    2.77171e+10         1.90270e+15    4.99042e-01
    2.77172e+10         1.72316e+15    4.99073e-01
    2.77172e+10         1.61370e+15    4.99090e-01
    2.77172e+10         1.48889e+15    4.99109e-01
    2.77173e+10         1.34229e+15    4.99130e-01
    2.77173e+10         1.25210e+15    4.99142e-01
    2.77173e+10         1.14844e+15    4.99155e-01
    2.77173e+10         1.08684e+15    4.99162e-01
    2.77173e+10         1.01806e+15    4.99170e-01
    2.77173e+10         9.39663e+14    4.99179e-01
    2.77173e+10         8.47644e+14    4.99188e-01
    2.77173e+10         7.91102e+14    4.99193e-01
    2.77173e+10         7.26190e+14    4.99199e-01
    2.77173e+10         6.87673e+14    4.99202e-01
    2.77173e+10         6.44719e+14    4.99206e-01
    2.77173e+10         5.95852e+14    4.99209e-01
    2.77173e+10         5.38641e+14    4.99213e-01
    2.77173e+10         5.03635e+14    4.99216e-01
    2.77173e+10         4.63595e+14    4.99218e-01
    2.77173e+10         4.39967e+14    4.99220e-01
    2.77173e+10         4.13734e+14    4.99221e-01
    2.77173e+10         3.84068e+14    4.99223e-01
    2.77173e+10         3.49642e+14    4.99225e-01
    2.77173e+10         3.28873e+14    4.99226e-01
    2.77173e+10         3.05397e+14    4.99227e-01
    2.77173e+10         2.78174e+14    4.99228e-01
    2.77173e+10         2.61768e+14    4.99228e-01
    2.77173e+10         2.43241e+14    4.99229e-01
    2.77173e+10         2.21784e+14    4.99230e-01
    2.77173e+10         2.08879e+14    4.99230e-01
    2.77173e+10         1.94330e+14    4.99231e-01
    2.77173e+10         1.77522e+14    4.99231e-01
    2.77173e+10         1.67451e+14    4.99232e-01
    2.77173e+10         1.56132e+14    4.99232e-01
    2.77173e+10         1.43112e+14    4.99232e-01
    2.77173e+10         1.35364e+14    4.99232e-01
    2.77173e+10         1.26704e+14    4.99233e-01
    2.77173e+10         1.16819e+14    4.99233e-01
    2.77173e+10         1.05190e+14    4.99233e-01
    2.77173e+10         9.80193e+13    4.99233e-01
    2.77173e+10         8.97609e+13    4.99233e-01
    2.77173e+10         8.48369e+13    4.99234e-01
    2.77173e+10         7.93248e+13    4.99234e-01
    2.77173e+10         7.30199e+13    4.99234e-01
    2.77173e+10         6.92997e+13    4.99234e-01
    2.77173e+10         6.51692e+13    4.99234e-01
    2.77173e+10         6.04986e+13    4.99234e-01
    2.77173e+10         5.50790e+13    4.99234e-01
    2.77173e+10         5.18097e+13    4.99234e-01
    2.77173e+10         4.81147e+13    4.99234e-01
    2.77173e+10         4.38305e+13    4.99234e-01
    2.77173e+10         4.12491e+13    4.99234e-01
    2.77173e+10         3.83346e+13    4.99234e-01
    2.77173e+10         3.49600e+13    4.99234e-01
    2.77173e+10         3.29313e+13    4.99234e-01
    2.77173e+10         3.06449e+13    4.99234e-01
    2.77173e+10         2.80046e+13    4.99234e-01
    2.77173e+10         2.64238e+13    4.99234e-01
    2.77173e+10         2.46481e+13    4.99234e-01
    2.77173e+10         2.26075e+13    4.99234e-01
    2.77173e+10         2.13946e+13    4.99234e-01
    2.77173e+10         2.00404e+13    4.99234e-01
    2.77173e+10         1.84969e+13    4.99234e-01
    2.77173e+10         1.66851e+13    4.99234e-01
    2.77173e+10         1.55718e+13    4.99234e-01
    2.77173e+10         1.42936e+13    4.99234e-01
    2.77173e+10         1.35351e+13    4.99234e-01
    2.77173e+10         1.26892e+13    4.99234e-01
    2.77173e+10         1.17267e+13    4.99234e-01
    2.77173e+10         1.05998e+13    4.99234e-01
    2.77173e+10         9.91015e+12    4.99234e-01
    2.77173e+10         9.12118e+12    4.99234e-01
    2.77173e+10         8.65550e+12    4.99234e-01
    2.77173e+10         8.13836e+12    4.99234e-01
    2.77173e+10         7.55342e+12    4.99234e-01
    2.77173e+10         6.87437e+12    4.99234e-01
    2.77173e+10         6.46445e+12    4.99234e-01
    2.77173e+10         6.00090e+12    4.99234e-01
    2.77173e+10         5.46297e+12    4.99234e-01
    2.77173e+10         5.13843e+12    4.99234e-01
    2.77173e+10         4.77160e+12    4.99234e-01
    2.77173e+10         4.34619e+12    4.99234e-01
    2.77173e+10         4.08981e+12    4.99234e-01
    2.77173e+10         3.80028e+12    4.99234e-01
    2.77173e+10         3.46496e+12    4.99234e-01
    2.77173e+10         3.26327e+12    4.99234e-01
    2.77173e+10         3.03589e+12    4.99234e-01
    2.77173e+10         2.77316e+12    4.99234e-01
    2.77173e+10         2.61573e+12    4.99234e-01
    2.77173e+10         2.43878e+12    4.99234e-01
    2.77173e+10         2.23522e+12    4.99234e-01
    2.77173e+10         2.11406e+12    4.99234e-01
    2.77173e+10         1.97861e+12    4.99234e-01
    2.77173e+10         1.82398e+12    4.99234e-01
    2.77173e+10         1.64202e+12    4.99234e-01
    2.77173e+10         1.52977e+12    4.99234e-01
    2.77173e+10         1.40043e+12    4.99234e-01
    2.77173e+10         1.32326e+12    4.99234e-01
    2.77173e+10         1.23683e+12    4.99234e-01
    2.77173e+10         1.13790e+12    4.99234e-01
    2.77173e+10         1.07946e+12    4.99234e-01
    2.77173e+10         1.01452e+12    4.99234e-01
    2.77173e+10         9.41005e+11    4.99234e-01
    2.77173e+10         8.55551e+11    4.99234e-01
    2.77173e+10         8.03862e+11    4.99234e-01
    2.77173e+10         7.45312e+11    4.99234e-01
    2.77173e+10         6.77201e+11    4.99234e-01
    2.77173e+10         6.35951e+11    4.99234e-01
    2.77173e+10         5.89176e+11    4.99234e-01
    2.77173e+10         5.34680e+11    4.99234e-01
    2.77173e+10         5.01594e+11    4.99234e-01
    2.77173e+10         4.63999e+11    4.99234e-01
    2.77173e+10         4.20066e+11    4.99234e-01
    2.77173e+10         3.93264e+11    4.99234e-01
    2.77173e+10         3.62685e+11    4.99234e-01
    2.77173e+10         3.26731e+11    4.99234e-01
    2.77173e+10         3.04581e+11    4.99234e-01
    2.77173e+10         2.79091e+11    4.99234e-01
    2.77173e+10         2.63912e+11    4.99234e-01
    2.77173e+10         2.46936e+11    4.99234e-01
    2.77173e+10         2.27547e+11    4.99234e-01
    2.77173e+10         2.16129e+11    4.99234e-01
    2.77173e+10         2.03474e+11    4.99234e-01
    2.77173e+10         1.89195e+11    4.99234e-01
    2.77173e+10         1.72679e+11    4.99234e-01
    2.77173e+10         1.62767e+11    4.99234e-01
    2.77173e+10         1.51610e+11    4.99234e-01
    2.77173e+10         1.38750e+11    4.99234e-01
    2.77173e+10         1.31073e+11    4.99234e-01
    2.77173e+10         1.22471e+11    4.99234e-01
    2.77173e+10         1.12617e+11    4.99234e-01
    2.77173e+10         1.06791e+11    4.99234e-01
    2.77173e+10         1.00311e+11    4.99234e-01
    2.77173e+10         9.29674e+10    4.99234e-01
    2.77173e+10         8.44176e+10    4.99234e-01
    2.77173e+10         7.92329e+10    4.99234e-01
    2.77173e+10         7.33474e+10    4.99234e-01
    2.77173e+10         6.64796e+10    4.99234e-01
    2.77173e+10         6.22995e+10    4.99234e-01
    2.77173e+10         5.75397e+10    4.99234e-01
    2.77173e+10         5.19599e+10    4.99234e-01
    2.77173e+10         4.85385e+10    4.99234e-01
    2.77173e+10         4.46179e+10    4.99234e-01
    2.77173e+10         4.22979e+10    4.99234e-01
    2.77173e+10         3.97165e+10    4.99234e-01
    2.77173e+10         3.67886e+10    4.99234e-01
    2.77173e+10         3.33761e+10    4.99234e-01
    2.77173e+10         3.13031e+10    4.99234e-01
    2.77173e+10         2.89465e+10    4.99234e-01
    2.77173e+10         2.61905e+10    4.99234e-01
    2.77173e+10         2.45072e+10    4.99234e-01
    2.77173e+10         2.25848e+10    4.99234e-01
    2.77173e+10         2.14529e+10    4.99234e-01
    2.77173e+10         2.01985e+10    4.99234e-01
    2.77173e+10         1.87835e+10    4.99234e-01
    2.77173e+10         1.71472e+10    4.99234e-01
    2.77173e+10         1.61655e+10    4.99234e-01
    2.77173e+10         1.50609e+10    4.99234e-01
    2.77173e+10         1.37884e+10    4.99234e-01
    2.77173e+10         1.30292e+10    4.99234e-01
    2.77173e+10         1.21790e+10    4.99234e-01
    2.77173e+10         1.12060e+10    4.99234e-01
    2.77173e+10         1.06313e+10    4.99234e-01
    2.77173e+10         9.99286e+09    4.99234e-01
    2.77173e+10         9.27019e+09    4.99234e-01
    2.77173e+10         8.43046e+09    4.99234e-01
    2.77173e+10         7.92278e+09    4.99234e-01
    2.77173e+10         7.34796e+09    4.99234e-01
    2.77173e+10         6.67968e+09    4.99234e-01
    2.77173e+10         6.27534e+09    4.99234e-01
    2.77173e+10         5.81721e+09    4.99234e-01
    2.77173e+10         5.28409e+09    4.99234e-01
    2.77173e+10         4.96102e+09    4.99234e-01
    2.77173e+10         4.59451e+09    4.99234e-01
    2.77173e+10         4.16720e+09    4.99234e-01
    2.77173e+10         3.90747e+09    4.99234e-01
    2.77173e+10         3.61207e+09    4.99234e-01
    2.77173e+10         3.26638e+09    4.99234e-01
    2.77173e+10         3.05502e+09    4.99234e-01
    2.77173e+10         2.81339e+09    4.99234e-01
    2.77173e+10         2.67094e+09    4.99234e-01
    2.77173e+10         2.51288e+09    4.99234e-01
    2.77173e+10         2.33432e+09    4.99234e-01
    2.77173e+10         2.12739e+09    4.99234e-01
    2.77173e+10         2.00282e+09    4.99234e-01
    2.77173e+10         1.86227e+09    4.99234e-01
    2.77173e+10         1.69971e+09    4.99234e-01
    2.77173e+10         1.60214e+09    4.99234e-01
    2.77173e+10         1.49232e+09    4.99234e-01
    2.77173e+10         1.36574e+09    4.99234e-01
    2.77173e+10         1.29017e+09    4.99234e-01
    2.77173e+10         1.20550e+09    4.99234e-01
    2.77173e+10         1.10851e+09    4.99234e-01
    2.77173e+10         1.05116e+09    4.99234e-01
    2.77173e+10         9.87380e+08    4.99234e-01
    2.77173e+10         9.15095e+08    4.99234e-01
    2.77173e+10         8.30939e+08    4.99234e-01
    2.77173e+10         7.79906e+08    4.99234e-01
    2.77173e+10         7.21975e+08    4.99234e-01
    2.77173e+10         6.54376e+08    4.99234e-01
    2.77173e+10         6.13232e+08    4.99234e-01
    2.77173e+10         5.66382e+08    4.99234e-01
    2.77173e+10         5.11461e+08    4.99234e-01
    2.77173e+10         4.77786e+08    4.99234e-01
    2.77173e+10         4.39197e+08    4.99234e-01
    2.77173e+10         4.16363e+08    4.99234e-01
    2.77173e+10         3.90956e+08    4.99234e-01
    2.77173e+10         3.62139e+08    4.99234e-01
    2.77173e+10         3.28554e+08    4.99234e-01
    2.77173e+10         3.08152e+08    4.99234e-01
    2.77173e+10         2.84960e+08    4.99234e-01
    2.77173e+10         2.57840e+08    4.99234e-01
    2.77173e+10         2.41277e+08    4.99234e-01
    2.77173e+10         2.22362e+08    4.99234e-01
    2.77173e+10         2.11227e+08    4.99234e-01
    2.77173e+10         1.98887e+08    4.99234e-01
    2.77173e+10         1.84968e+08    4.99234e-01
    2.77173e+10         1.68876e+08    4.99234e-01
    2.77173e+10         1.59223e+08    4.99234e-01
    2.77173e+10         1.48365e+08    4.99234e-01
    2.77173e+10         1.35859e+08    4.99234e-01
    2.77173e+10         1.28402e+08    4.99234e-01
    2.77173e+10         1.20054e+08    4.99234e-01
    2.77173e+10         1.10504e+08    4.99234e-01
    2.77173e+10         1.04868e+08    4.99234e-01
    2.77173e+10         9.86097e+07    4.99234e-01
    2.77173e+10         9.15322e+07    4.99234e-01
    2.77173e+10         8.33179e+07    4.99234e-01
    2.77173e+10         7.83609e+07    4.99234e-01
    2.77173e+10         7.27570e+07    4.99234e-01
    2.77173e+10         6.62567e+07    4.99234e-01
    2.77173e+10         6.23374e+07    4.99234e-01
    2.77173e+10         5.79099e+07    4.99234e-01
    2.77173e+10         5.27795e+07    4.99234e-01
    2.77173e+10         4.96913e+07    4.99234e-01
    2.77173e+10         4.62074e+07    4.99234e-01
    2.77173e+10         4.21783e+07    4.99234e-01
    2.77173e+10         3.97605e+07    4.99234e-01
    2.77173e+10         3.70397e+07    4.99234e-01
    2.77173e+10         3.39045e+07    4.99234e-01
    2.77173e+10         3.20336e+07    4.99234e-01
    2.77173e+10         2.99377e+07    4.99234e-01
    2.77173e+10         2.75382e+07    4.99234e-01
    2.77173e+10         2.61202e+07    4.99234e-01
    2.77173e+10         2.45441e+07    4.99234e-01
    2.77173e+10         2.27590e+07    4.99234e-01
    2.77173e+10         2.06830e+07    4.99234e-01
    2.77173e+10         1.94262e+07    4.99234e-01
    2.77173e+10         1.80014e+07    4.99234e-01
    2.77173e+10         1.63422e+07    4.99234e-01
    2.77173e+10         1.53356e+07    4.99234e-01
    2.77173e+10         1.41926e+07    4.99234e-01
    2.77173e+10         1.28579e+07    4.99234e-01
    2.77173e+10         1.20449e+07    4.99234e-01
    2.77173e+10         1.11184e+07    4.99234e-01
    2.77173e+10         1.00311e+07    4.99234e-01
    2.77173e+10         9.36317e+06    4.99234e-01
    2.77173e+10         8.59656e+06    4.99234e-01
    2.77173e+10         8.14185e+06    4.99234e-01
    2.77173e+10         7.63492e+06    4.99234e-01
    2.77173e+10         7.05845e+06    4.99234e-01
    2.77173e+10         6.38396e+06    4.99234e-01
    2.77173e+10         5.97170e+06    4.99234e-01
    2.77173e+10         5.50054e+06    4.99234e-01
    2.77173e+10         5.22288e+06    4.99234e-01
    2.77173e+10         4.91491e+06    4.99234e-01
    2.77173e+10         4.56713e+06    4.99234e-01
    2.77173e+10         4.16438e+06    4.99234e-01
    2.77173e+10         3.92216e+06    4.99234e-01
    2.77173e+10         3.64911e+06    4.99234e-01
    2.77173e+10         3.33366e+06    4.99234e-01
    2.77173e+10         3.14468e+06    4.99234e-01
    2.77173e+10         2.93230e+06    4.99234e-01
    2.77173e+10         2.68804e+06    4.99234e-01
    2.77173e+10         2.54270e+06    4.99234e-01
    2.77173e+10         2.38028e+06    4.99234e-01
    2.77173e+10         2.19493e+06    4.99234e-01
    2.77173e+10         1.97696e+06    4.99234e-01
    2.77173e+10         1.84262e+06    4.99234e-01
    2.77173e+10         1.68797e+06    4.99234e-01
    2.77173e+10         1.59583e+06    4.99234e-01
    2.77173e+10         1.49275e+06    4.99234e-01
    2.77173e+10         1.37493e+06    4.99234e-01
    2.77173e+10         1.30549e+06    4.99234e-01
    2.77173e+10         1.22847e+06    4.99234e-01
    2.77173e+10         1.14149e+06    4.99234e-01
    2.77173e+10         1.04075e+06    4.99234e-01
    2.77173e+10         9.80159e+05    4.99234e-01
    2.77173e+10         9.11843e+05    4.99234e-01
    2.77173e+10         8.32906e+05    4.99234e-01
    2.77173e+10         7.85602e+05    4.99234e-01
    2.77173e+10         7.32430e+05    4.99234e-01
    2.77173e+10         6.71257e+05    4.99234e-01
    2.77173e+10         6.34842e+05    4.99234e-01
    2.77173e+10         5.94130e+05    4.99234e-01
    2.77173e+10         5.47646e+05    4.99234e-01
    2.77173e+10         4.92937e+05    4.99234e-01
    2.77173e+10         4.59174e+05    4.99234e-01
    2.77173e+10         4.20262e+05    4.99234e-01
    2.77173e+10         3.97037e+05    4.99234e-01
    2.77173e+10         3.71016e+05    4.99234e-01
    2.77173e+10         3.41216e+05    4.99234e-01
    2.77173e+10         3.23599e+05    4.99234e-01
    2.77173e+10         3.04013e+05    4.99234e-01
    2.77173e+10         2.81822e+05    4.99234e-01
    2.77173e+10         2.55998e+05    4.99234e-01
    2.77173e+10         2.40349e+05    4.99234e-01
    2.77173e+10         2.22597e+05    4.99234e-01
    2.77173e+10         2.01901e+05    4.99234e-01
    2.77173e+10         1.89322e+05    4.99234e-01
    2.77173e+10         1.75016e+05    4.99234e-01
    2.77173e+10         1.58276e+05    4.99234e-01
    2.77173e+10         1.48042e+05    4.99234e-01
    2.77173e+10         1.36344e+05    4.99234e-01
    2.77173e+10         1.29449e+05    4.99234e-01
    2.77173e+10         1.21799e+05    4.99234e-01
    2.77173e+10         1.13158e+05    4.99234e-01
    2.77173e+10         1.03147e+05    4.99234e-01
    2.77173e+10         9.71226e+04    4.99234e-01
    2.77173e+10         9.03277e+04    4.99234e-01
    2.77173e+10         8.24721e+04    4.99234e-01
    2.77173e+10         7.77605e+04    4.99234e-01
    2.77173e+10         7.24605e+04    4.99234e-01
    2.77173e+10         6.63569e+04    4.99234e-01
    2.77173e+10         6.27179e+04    4.99234e-01
    2.77173e+10         5.86443e+04    4.99234e-01
    2.77173e+10         5.39851e+04    4.99234e-01
    2.77173e+10         5.12361e+04    4.99234e-01
    2.77173e+10         4.81841e+04    4.99234e-01
    2.77173e+10         4.47333e+04    4.99234e-01
    2.77173e+10         4.07295e+04    4.99234e-01
    2.77173e+10         3.83147e+04    4.99234e-01
    2.77173e+10         3.55860e+04    4.99234e-01
    2.77173e+10         3.24226e+04    4.99234e-01
    2.77173e+10         3.05173e+04    4.99234e-01
    2.77173e+10         2.83666e+04    4.99234e-01
    2.77173e+10         2.58774e+04    4.99234e-01
    2.77173e+10         2.43819e+04    4.99234e-01
    2.77173e+10         2.26973e+04    4.99234e-01
    2.77173e+10         2.07533e+04    4.99234e-01
    2.77173e+10         1.95907e+04    4.99234e-01
    2.77173e+10         1.82860e+04    4.99234e-01
    2.77173e+10         1.67885e+04    4.99234e-01
    2.77173e+10         1.59002e+04    4.99234e-01
    2.77173e+10         1.49098e+04    4.99234e-01
    2.77173e+10         1.37836e+04    4.99234e-01
    2.77173e+10         1.24658e+04    4.99234e-01
    2.77173e+10         1.16602e+04    4.99234e-01
    2.77173e+10         1.07394e+04    4.99234e-01
    2.77173e+10         1.01967e+04    4.99234e-01
    2.77173e+10         9.59474e+03    4.99234e-01
    2.77173e+10         8.91482e+03    4.99234e-01
    2.77173e+10         8.12724e+03    4.99234e-01
    2.77173e+10         7.65343e+03    4.99234e-01
    2.77173e+10         7.11914e+03    4.99234e-01
    2.77173e+10         6.50165e+03    4.99234e-01
    2.77173e+10         6.13147e+03    4.99234e-01
    2.77173e+10         5.71524e+03    4.99234e-01
    2.77173e+10         5.23618e+03    4.99234e-01
    2.77173e+10         4.95082e+03    4.99234e-01
    2.77173e+10         4.63161e+03    4.99234e-01
    2.77173e+10         4.26688e+03    4.99234e-01
    2.77173e+10         4.05201e+03    4.99234e-01
    2.77173e+10         3.81375e+03    4.99234e-01
    2.77173e+10         3.54478e+03    4.99234e-01
    2.77173e+10         3.23345e+03    4.99234e-01
    2.77173e+10         3.04637e+03    4.99234e-01
    2.77173e+10         2.83560e+03    4.99234e-01
    2.77173e+10         2.59233e+03    4.99234e-01
    2.77173e+10         2.44680e+03    4.99234e-01
    2.77173e+10         2.28344e+03    4.99234e-01
    2.77173e+10         2.09588e+03    4.99234e-01
    2.77173e+10         1.98455e+03    4.99234e-01
    2.77173e+10         1.86039e+03    4.99234e-01
    2.77173e+10         1.71911e+03    4.99234e-01
    2.77173e+10         1.55364e+03    4.99234e-01
    2.77173e+10         1.45235e+03    4.99234e-01
    2.77173e+10         1.33644e+03    4.99234e-01
    2.77173e+10         1.26799e+03    4.99234e-01
    2.77173e+10         1.19196e+03    4.99234e-01
    2.77173e+10         1.10591e+03    4.99234e-01
    2.77173e+10         1.00595e+03    4.99234e-01
    2.77173e+10         9.45550e+02    4.99234e-01
    2.77173e+10         8.77182e+02    4.99234e-01
    2.77173e+10         7.97742e+02    4.99234e-01
    2.77173e+10         7.49717e+02    4.99234e-01
    2.77173e+10         6.95342e+02    4.99234e-01
    2.77173e+10         6.32131e+02    4.99234e-01
    2.77173e+10         5.93889e+02    4.99234e-01
    2.77173e+10         5.50563e+02    4.99234e-01
    2.77173e+10         5.00150e+02    4.99234e-01
    2.77173e+10         4.69605e+02    4.99234e-01
    2.77173e+10         4.34958e+02    4.99234e-01
    2.77173e+10         3.94572e+02    4.99234e-01
    2.77173e+10         3.70034e+02    4.99234e-01
    2.77173e+10         3.42133e+02    4.99234e-01
    2.77173e+10         3.09496e+02    4.99234e-01
    2.77173e+10         2.89554e+02    4.99234e-01
    2.77173e+10         2.66771e+02    4.99234e-01
    2.77173e+10         2.53351e+02    4.99234e-01
    2.77173e+10         2.38471e+02    4.99234e-01
    2.77173e+10         2.21677e+02    4.99234e-01
    2.77173e+10         2.02241e+02    4.99234e-01
    2.77173e+10         1.90566e+02    4.99234e-01
    2.77173e+10         1.77416e+02    4.99234e-01
    2.77173e+10         1.62244e+02    4.99234e-01
    2.77173e+10         1.53174e+02    4.99234e-01
    2.77173e+10         1.42997e+02    4.99234e-01
    2.77173e+10         1.31320e+02    4.99234e-01
    2.77173e+10         1.24397e+02    4.99234e-01
    2.77173e+10         1.16682e+02    4.99234e-01
    2.77173e+10         1.07913e+02    4.99234e-01
    2.77173e+10         9.76613e+01    4.99234e-01
    2.77173e+10         9.14027e+01    4.99234e-01
    2.77173e+10         8.42578e+01    4.99234e-01
    2.77173e+10         7.58496e+01    4.99234e-01
    2.77173e+10         7.06618e+01    4.99234e-01
    2.77173e+10         6.46843e+01    4.99234e-01
    2.77173e+10         6.11177e+01    4.99234e-01
    2.77173e+10         5.71226e+01    4.99234e-01
    2.77173e+10         5.25491e+01    4.99234e-01
    2.77173e+10         4.98470e+01    4.99234e-01
    2.77173e+10         4.68441e+01    4.99234e-01
    2.77173e+10         4.34437e+01    4.99234e-01
    2.77173e+10         3.94903e+01    4.99234e-01
    2.77173e+10         3.70980e+01    4.99234e-01
    2.77173e+10         3.43872e+01    4.99234e-01
    2.77173e+10         3.12321e+01    4.99234e-01
    2.77173e+10         2.93198e+01    4.99234e-01
    2.77173e+10         2.71498e+01    4.99234e-01
    2.77173e+10         2.46191e+01    4.99234e-01
    2.77173e+10         2.30803e+01    4.99234e-01
    2.77173e+10         2.13294e+01    4.99234e-01
    2.77173e+10         1.92793e+01    4.99234e-01
    2.77173e+10         1.80246e+01    4.99234e-01
    2.77173e+10         1.65892e+01    4.99234e-01
    2.77173e+10         1.57419e+01    4.99234e-01
    2.77173e+10         1.48009e+01    4.99234e-01
    2.77173e+10         1.37366e+01    4.99234e-01
    2.77173e+10         1.25008e+01    4.99234e-01
    2.77173e+10         1.17548e+01    4.99234e-01
    2.77173e+10         1.09110e+01    4.99234e-01
    2.77173e+10         9.93169e+00    4.99234e-01
    2.77173e+10         9.34071e+00    4.99234e-01
    2.77173e+10         8.67258e+00    4.99234e-01
    2.77173e+10         7.89754e+00    4.99234e-01
    2.77173e+10         7.43023e+00    4.99234e-01
    2.77173e+10         6.90229e+00    4.99234e-01
    2.77173e+10         6.29050e+00    4.99234e-01
    2.77173e+10         5.92221e+00    4.99234e-01
    2.77173e+10         5.50669e+00    4.99234e-01
    2.77173e+10         5.02609e+00    4.99234e-01
    2.77173e+10         4.73764e+00    4.99234e-01
    2.77173e+10         4.41300e+00    4.99234e-01
    2.77173e+10         4.03883e+00    4.99234e-01
    2.77173e+10         3.81548e+00    4.99234e-01
    2.77173e+10         3.56522e+00    4.99234e-01
    2.77173e+10         3.27858e+00    4.99234e-01
    2.77173e+10         3.10911e+00    4.99234e-01
    2.77173e+10         2.92066e+00    4.99234e-01
    2.77173e+10         2.70711e+00    4.99234e-01
    2.77173e+10         2.45853e+00    4.99234e-01
    2.77173e+10         2.30784e+00    4.99234e-01
    2.77173e+10         2.13683e+00    4.99234e-01
    2.77173e+10         1.93735e+00    4.99234e-01
    2.77173e+10         1.81601e+00    4.99234e-01
    2.77173e+10         1.67792e+00    4.99234e-01
    2.77173e+10         1.51616e+00    4.99234e-01
    2.77173e+10         1.41710e+00    4.99234e-01
    2.77173e+10         1.30371e+00    4.99234e-01
    2.77173e+10         1.23673e+00    4.99234e-01
    2.77173e+10         1.16229e+00    4.99234e-01
    2.77173e+10         1.07801e+00    4.99234e-01
    2.77173e+10         9.80035e-01    4.99234e-01
    2.77173e+10         9.20764e-01    4.99234e-01
    2.77173e+10         8.53618e-01    4.99234e-01
    2.77173e+10         7.75493e-01    4.99234e-01
    2.77173e+10         7.28163e-01    4.99234e-01
    2.77173e+10         6.74480e-01    4.99234e-01
    2.77173e+10         6.11913e-01    4.99234e-01
    2.77173e+10         5.73904e-01    4.99234e-01
    2.77173e+10         5.30694e-01    4.99234e-01
    2.77173e+10         4.80162e-01    4.99234e-01
    2.77173e+10         4.49298e-01    4.99234e-01
    2.77173e+10         4.14047e-01    4.99234e-01
    2.77173e+10         3.93293e-01    4.99234e-01
    2.77173e+10         3.70291e-01    4.99234e-01
    2.77173e+10         3.44343e-01    4.99234e-01
    2.77173e+10         3.14336e-01    4.99234e-01
    2.77173e+10         2.96332e-01    4.99234e-01
    2.77173e+10         2.76073e-01    4.99234e-01
    2.77173e+10         2.52732e-01    4.99234e-01
    2.77173e+10         2.38806e-01    4.99234e-01
    2.77173e+10         2.23209e-01    4.99234e-01
    2.77173e+10         2.05355e-01    4.99234e-01
    2.77173e+10         1.94809e-01    4.99234e-01
    2.77173e+10         1.83090e-01    4.99234e-01
    2.77173e+10         1.69823e-01    4.99234e-01
    2.77173e+10         1.54402e-01    4.99234e-01
    2.77173e+10         1.45074e-01    4.99234e-01
    2.77173e+10         1.34508e-01    4.99234e-01
    2.77173e+10         1.22217e-01    4.99234e-01
    2.77173e+10         1.14774e-01    4.99234e-01
    2.77173e+10         1.06333e-01    4.99234e-01
    2.77173e+10         9.64998e-02    4.99234e-01
    2.77173e+10         9.05299e-02    4.99234e-01
    2.77173e+10         8.37467e-02    4.99234e-01
    2.77173e+10         7.58201e-02    4.99234e-01
    2.77173e+10         7.09848e-02    4.99234e-01
    2.77173e+10         6.54684e-02    4.99234e-01
    2.77173e+10         5.89831e-02    4.99234e-01
    2.77173e+10         5.49882e-02    4.99234e-01
    2.77173e+10         5.03918e-02    4.99234e-01
    2.77173e+10         4.76552e-02    4.99234e-01
    2.77173e+10         4.45953e-02    4.99234e-01
    2.77173e+10         4.11011e-02    4.99234e-01
    2.77173e+10         3.90443e-02    4.99234e-01
    2.77173e+10         3.67651e-02    4.99234e-01
    2.77173e+10         3.41945e-02    4.99234e-01
    2.77173e+10         3.12229e-02    4.99234e-01
    2.77173e+10         2.94408e-02    4.99234e-01
    2.77173e+10         2.74365e-02    4.99234e-01
    2.77173e+10         2.51286e-02    4.99234e-01
    2.77173e+10         2.37530e-02    4.99234e-01
    2.77173e+10         2.22134e-02    4.99234e-01
    2.77173e+10         2.04530e-02    4.99234e-01
    2.77173e+10         1.94148e-02    4.99234e-01
    2.77173e+10         1.82625e-02    4.99234e-01
    2.77173e+10         1.69603e-02    4.99234e-01
    2.77173e+10         1.54504e-02    4.99234e-01
    2.77173e+10         1.45407e-02    4.99234e-01
    2.77173e+10         1.35136e-02    4.99234e-01
    2.77173e+10         1.23245e-02    4.99234e-01
    2.77173e+10         1.16096e-02    4.99234e-01
    2.77173e+10         1.08041e-02    4.99234e-01
    2.77173e+10         9.87386e-03    4.99234e-01
    2.77173e+10         9.31700e-03    4.99234e-01
    2.77173e+10         8.69158e-03    4.99234e-01
    2.77173e+10         7.97292e-03    4.99234e-01
    2.77173e+10         7.54590e-03    4.99234e-01
    2.77173e+10         7.06917e-03    4.99234e-01
    2.77173e+10         6.52598e-03    4.99234e-01
    2.77173e+10         5.88860e-03    4.99234e-01
    2.77173e+10         5.49719e-03    4.99234e-01
    2.77173e+10         5.04805e-03    4.99234e-01
    2.77173e+10         4.78174e-03    4.99234e-01
    2.77173e+10         4.48495e-03    4.99234e-01
    2.77173e+10         4.14757e-03    4.99234e-01
    2.77173e+10         3.75307e-03    4.99234e-01
    2.77173e+10         3.51218e-03    4.99234e-01
    2.77173e+10         3.23711e-03    4.99234e-01
    2.77173e+10         3.07520e-03    4.99234e-01
    2.77173e+10         2.89580e-03    4.99234e-01
    2.77173e+10         2.69349e-03    4.99234e-01
    2.77173e+10         2.45964e-03    4.99234e-01
    2.77173e+10         2.31942e-03    4.99234e-01
    2.77173e+10         2.16174e-03    4.99234e-01
    2.77173e+10         1.98021e-03    4.99234e-01
    2.77173e+10         1.87205e-03    4.99234e-01
    2.77173e+10         1.75102e-03    4.99234e-01
    2.77173e+10         1.61269e-03    4.99234e-01
    2.77173e+10         1.53115e-03    4.99234e-01
    2.77173e+10         1.44069e-03    4.99234e-01
    2.77173e+10         1.33852e-03    4.99234e-01
    2.77173e+10         1.22015e-03    4.99234e-01
    2.77173e+10         1.14893e-03    4.99234e-01
    2.77173e+10         1.06860e-03    4.99234e-01
    2.77173e+10         9.75740e-04    4.99234e-01
    2.77173e+10         9.20053e-04    4.99234e-01
    2.77173e+10         8.57421e-04    4.99234e-01
    2.77173e+10         7.85305e-04    4.99234e-01
    2.77173e+10         7.42320e-04    4.99234e-01
    2.77173e+10         6.94214e-04    4.99234e-01
    2.77173e+10         6.39208e-04    4.99234e-01
    2.77173e+10         6.06769e-04    4.99234e-01
    2.77173e+10         5.70768e-04    4.99234e-01
    2.77173e+10         5.30082e-04    4.99234e-01
    2.77173e+10         4.82911e-04    4.99234e-01
    2.77173e+10         4.54493e-04    4.99234e-01
    2.77173e+10         4.22410e-04    4.99234e-01
    2.77173e+10         3.85269e-04    4.99234e-01
    2.77173e+10         3.62945e-04    4.99234e-01
    2.77173e+10         3.37790e-04    4.99234e-01
    2.77173e+10         3.08749e-04    4.99234e-01
    2.77173e+10         2.91369e-04    4.99234e-01
    2.77173e+10         2.71853e-04    4.99234e-01
    2.77173e+10         2.49435e-04    4.99234e-01
    2.77173e+10         2.36120e-04    4.99234e-01
    2.77173e+10         2.21262e-04    4.99234e-01
    2.77173e+10         2.04341e-04    4.99234e-01
    2.77173e+10         1.84501e-04    4.99234e-01
    2.77173e+10         1.72334e-04    4.99234e-01
    2.77173e+10         1.58387e-04    4.99234e-01
    2.77173e+10         1.50132e-04    4.99234e-01
    2.77173e+10         1.40943e-04    4.99234e-01
    2.77173e+10         1.30518e-04    4.99234e-01
    2.77173e+10         1.18360e-04    4.99234e-01
    2.77173e+10         1.10969e-04    4.99234e-01
    2.77173e+10         1.02560e-04    4.99234e-01
    2.77173e+10         9.27153e-05    4.99234e-01
    2.77173e+10         8.66923e-05    4.99234e-01
    2.77173e+10         7.98032e-05    4.99234e-01
    2.77173e+10         7.57383e-05    4.99234e-01
    2.77173e+10         7.12254e-05    4.99234e-01
    2.77173e+10         6.61225e-05    4.99234e-01
    2.77173e+10         6.02015e-05    4.99234e-01
    2.77173e+10         5.66301e-05    4.99234e-01
    2.77173e+10         5.25939e-05    4.99234e-01
    2.77173e+10         4.79146e-05    4.99234e-01
    2.77173e+10         4.50956e-05    4.99234e-01
    2.77173e+10         4.19131e-05    4.99234e-01
    2.77173e+10         3.82290e-05    4.99234e-01
    2.77173e+10         3.60148e-05    4.99234e-01
    2.77173e+10         3.35200e-05    4.99234e-01
    2.77173e+10         3.06400e-05    4.99234e-01
    2.77173e+10         2.89166e-05    4.99234e-01
    2.77173e+10         2.69816e-05    4.99234e-01
    2.77173e+10         2.47592e-05    4.99234e-01


