              t                   M              a
    1.23833e-21         1.00000e+17    8.00000e-01
    2.47665e-21         1.00000e+17    8.00000e-01
    4.95331e-21         1.00000e+17    8.00000e-01
    9.90662e-21         1.00000e+17    8.00000e-01
    1.98132e-20         1.00000e+17    8.00000e-01
    3.96265e-20         1.00000e+17    8.00000e-01
    7.92530e-20         1.00000e+17    8.00000e-01
    1.58506e-19         1.00000e+17    8.00000e-01
    3.17012e-19         1.00000e+17    8.00000e-01
    6.34024e-19         1.00000e+17    8.00000e-01
    1.26805e-18         1.00000e+17    8.00000e-01
    2.53609e-18         1.00000e+17    8.00000e-01
    5.07219e-18         1.00000e+17    8.00000e-01
    1.01444e-17         1.00000e+17    8.00000e-01
    2.02888e-17         1.00000e+17    8.00000e-01
    4.05775e-17         1.00000e+17    8.00000e-01
    8.11550e-17         1.00000e+17    8.00000e-01
    1.62310e-16         1.00000e+17    8.00000e-01
    3.24620e-16         1.00000e+17    8.00000e-01
    6.49240e-16         1.00000e+17    8.00000e-01
    1.29848e-15         1.00000e+17    8.00000e-01
    2.59696e-15         1.00000e+17    8.00000e-01
    5.19392e-15         1.00000e+17    8.00000e-01
    1.03878e-14         1.00000e+17    8.00000e-01
    2.07757e-14         1.00000e+17    8.00000e-01
    4.15514e-14         1.00000e+17    8.00000e-01
    8.31027e-14         1.00000e+17    8.00000e-01
    1.66205e-13         1.00000e+17    8.00000e-01
    3.32411e-13         1.00000e+17    8.00000e-01
    6.64822e-13         1.00000e+17    8.00000e-01
    1.32964e-12         1.00000e+17    8.00000e-01
    2.65929e-12         1.00000e+17    8.00000e-01
    5.31858e-12         1.00000e+17    8.00000e-01
    1.06372e-11         1.00000e+17    8.00000e-01
    2.12743e-11         1.00000e+17    8.00000e-01
    4.25486e-11         1.00000e+17    8.00000e-01
    8.50972e-11         1.00000e+17    8.00000e-01
    1.70194e-10         1.00000e+17    8.00000e-01
    3.40389e-10         1.00000e+17    8.00000e-01
    6.80778e-10         1.00000e+17    8.00000e-01
    1.36156e-09         1.00000e+17    8.00000e-01
    2.72311e-09         1.00000e+17    8.00000e-01
    5.44622e-09         1.00000e+17    8.00000e-01
    1.08924e-08         1.00000e+17    8.00000e-01
    2.17849e-08         1.00000e+17    8.00000e-01
    4.35698e-08         1.00000e+17    8.00000e-01
    8.71395e-08         1.00000e+17    8.00000e-01
    1.74279e-07         1.00000e+17    8.00000e-01
    3.48558e-07         1.00000e+17    8.00000e-01
    6.97116e-07         1.00000e+17    8.00000e-01
    1.39423e-06         1.00000e+17    8.00000e-01
    2.78847e-06         1.00000e+17    8.00000e-01
    5.57693e-06         1.00000e+17    8.00000e-01
    1.11539e-05         1.00000e+17    8.00000e-01
    2.23077e-05         1.00000e+17    8.00000e-01
    4.46154e-05         1.00000e+17    8.00000e-01
    8.92309e-05         1.00000e+17    8.00000e-01
    1.78462e-04         1.00000e+17    8.00000e-01
    3.56924e-04         1.00000e+17    8.00000e-01
    7.13847e-04         1.00000e+17    8.00000e-01
    1.42769e-03         1.00000e+17    8.00000e-01
    2.85539e-03         1.00000e+17    8.00000e-01
    5.71078e-03         1.00000e+17    8.00000e-01
    1.14216e-02         1.00000e+17    8.00000e-01
    2.28431e-02         1.00000e+17    8.00000e-01
    4.56862e-02         1.00000e+17    8.00000e-01
    9.13724e-02         1.00000e+17    8.00000e-01
    1.82745e-01         1.00000e+17    8.00000e-01
    3.65490e-01         1.00000e+17    8.00000e-01
    7.30979e-01         1.00000e+17    8.00000e-01
    1.46196e+00         1.00000e+17    8.00000e-01
    2.92392e+00         1.00000e+17    8.00000e-01
    5.84784e+00         1.00000e+17    8.00000e-01
    1.16957e+01         1.00000e+17    8.00000e-01
    2.33913e+01         1.00000e+17    8.00000e-01
    4.67827e+01         1.00000e+17    8.00000e-01
    9.35654e+01         1.00000e+17    8.00000e-01
    1.87131e+02         1.00000e+17    8.00000e-01
    3.74261e+02         1.00000e+17    8.00000e-01
    7.48523e+02         1.00000e+17    8.00000e-01
    1.49705e+03         1.00000e+17    8.00000e-01
    2.99409e+03         1.00000e+17    8.00000e-01
    5.98818e+03         1.00000e+17    8.00000e-01
    1.19764e+04         1.00000e+17    8.00000e-01
    2.39527e+04         1.00000e+17    8.00000e-01
    4.79055e+04         1.00000e+17    8.00000e-01
    9.58109e+04         1.00000e+17    8.00000e-01
    1.91622e+05         1.00000e+17    8.00000e-01
    3.83244e+05         1.00000e+17    8.00000e-01
    7.66488e+05         1.00000e+17    8.00000e-01
    1.53298e+06         1.00000e+17    8.00000e-01
    3.06595e+06         1.00000e+17    8.00000e-01
    6.13190e+06         1.00000e+17    8.00000e-01
    1.22638e+07         1.00000e+17    8.00000e-01
    2.45276e+07         1.00000e+17    8.00000e-01
    4.90552e+07         1.00000e+17    8.00000e-01
    9.81104e+07         1.00000e+17    8.00000e-01
    1.96221e+08         1.00000e+17    8.00000e-01
    3.92442e+08         1.00000e+17    8.00000e-01
    7.84883e+08         1.00000e+17    8.00000e-01
    1.56977e+09         1.00000e+17    8.00000e-01
    3.13953e+09         1.00000e+17    8.00000e-01
    6.27907e+09         1.00000e+17    8.00000e-01
    1.25581e+10         1.00000e+17    8.00000e-01
    2.51163e+10         1.00000e+17    8.00000e-01
    5.02325e+10         1.00000e+17    8.00000e-01
    1.00465e+11         1.00000e+17    8.00000e-01
    2.00930e+11         1.00000e+17    8.00000e-01
    4.01860e+11         1.00000e+17    8.00000e-01
    8.03720e+11         1.00000e+17    8.00000e-01
    1.60744e+12         1.00000e+17    8.00000e-01
    3.21488e+12         1.00000e+17    8.00000e-01
    6.42976e+12         1.00000e+17    8.00000e-01
    1.28595e+13         1.00000e+17    8.00000e-01
    2.57191e+13         1.00000e+17    8.00000e-01
    5.14381e+13         1.00000e+17    8.00000e-01
    1.02876e+14         1.00000e+17    8.00000e-01
    2.05752e+14         1.00000e+17    8.00000e-01
    4.11505e+14         1.00000e+17    8.00000e-01
    8.23010e+14         1.00000e+17    8.00000e-01
    1.64602e+15         1.00000e+17    8.00000e-01
    3.29204e+15         1.00000e+17    8.00000e-01
    6.58408e+15         1.00000e+17    8.00000e-01
    1.31682e+16         1.00000e+17    8.00000e-01
    2.63363e+16         1.00000e+17    7.99999e-01
    5.26726e+16         9.99999e+16    7.99999e-01
    1.05345e+17         9.99998e+16    7.99998e-01
    2.10690e+17         9.99997e+16    7.99995e-01
    4.21381e+17         9.99993e+16    7.99990e-01
    8.42762e+17         9.99986e+16    7.99980e-01
    1.68552e+18         9.99972e+16    7.99961e-01
    3.37105e+18         9.99944e+16    7.99922e-01
    6.74210e+18         9.99888e+16    7.99843e-01
    1.34842e+19         9.99777e+16    7.99687e-01
    2.69684e+19         9.99553e+16    7.99373e-01
    5.39368e+19         9.99107e+16    7.98748e-01
    1.07874e+20         9.98216e+16    7.97500e-01
    2.15747e+20         9.96443e+16    7.95017e-01
    4.31494e+20         9.92928e+16    7.90104e-01
    8.62988e+20         9.86022e+16    7.80458e-01
    1.29448e+21         9.79236e+16    7.71136e-01
    1.72598e+21         9.72570e+16    7.62130e-01
    2.15747e+21         9.66021e+16    7.53432e-01
    2.58896e+21         9.59582e+16    7.45019e-01
    3.02046e+21         9.53184e+16    7.36824e-01
    3.45195e+21         9.46863e+16    7.28797e-01
    3.88345e+21         9.40568e+16    7.21004e-01
    4.31494e+21         9.34297e+16    7.13438e-01
    4.74644e+21         9.28047e+16    7.06039e-01
    5.17793e+21         9.21785e+16    6.98821e-01
    5.60942e+21         9.15507e+16    6.91780e-01
    6.47241e+21         9.02916e+16    6.78046e-01
    7.33540e+21         8.90221e+16    6.64955e-01
    8.19839e+21         8.77272e+16    6.52468e-01
    9.06138e+21         8.64048e+16    6.40549e-01
    9.92436e+21         8.50527e+16    6.29089e-01
    1.07874e+22         8.36627e+16    6.18038e-01
    1.16503e+22         8.22310e+16    6.07386e-01
    1.25133e+22         8.07518e+16    5.97116e-01
    1.33763e+22         7.92089e+16    5.87272e-01
    1.42393e+22         7.75947e+16    5.77850e-01
    1.51023e+22         7.59087e+16    5.68743e-01
    1.59653e+22         7.41478e+16    5.59818e-01
    1.68283e+22         7.22897e+16    5.51183e-01
    1.76913e+22         7.03228e+16    5.42807e-01
    1.85542e+22         6.82289e+16    5.34729e-01
    1.94172e+22         6.59848e+16    5.26965e-01
    2.02802e+22         6.35776e+16    5.19237e-01
    2.11432e+22         6.09525e+16    5.11880e-01
    2.20062e+22         5.80608e+16    5.04908e-01
    2.28692e+22         5.48325e+16    4.98388e-01
    2.37322e+22         5.11824e+16    4.92056e-01
    2.45952e+22         4.69303e+16    4.86294e-01
    2.50267e+22         4.43616e+16    4.83852e-01
    2.54582e+22         4.14695e+16    4.81553e-01
    2.58896e+22         3.81345e+16    4.79548e-01
    2.61054e+22         3.61481e+16    4.78732e-01
    2.63211e+22         3.39274e+16    4.78064e-01
    2.65369e+22         3.13944e+16    4.77610e-01
    2.67526e+22         2.84249e+16    4.77309e-01
    2.68605e+22         2.66043e+16    4.77259e-01
    2.69684e+22         2.45199e+16    4.77287e-01
    2.70223e+22         2.32888e+16    4.77305e-01
    2.70763e+22         2.19217e+16    4.77317e-01
    2.71302e+22         2.03760e+16    4.77276e-01
    2.71841e+22         1.85830e+16    4.77166e-01
    2.72111e+22         1.75031e+16    4.77091e-01
    2.72381e+22         1.62844e+16    4.76961e-01
    2.72650e+22         1.48745e+16    4.76754e-01
    2.72785e+22         1.40283e+16    4.76583e-01
    2.72920e+22         1.30760e+16    4.76352e-01
    2.73055e+22         1.19786e+16    4.76020e-01
    2.73122e+22         1.13238e+16    4.75743e-01
    2.73190e+22         1.05903e+16    4.75371e-01
    2.73257e+22         9.75089e+15    4.74872e-01
    2.73291e+22         9.25528e+15    4.74522e-01
    2.73325e+22         8.70486e+15    4.74098e-01
    2.73358e+22         8.08224e+15    4.73564e-01
    2.73392e+22         7.35954e+15    4.72881e-01
    2.73409e+22         6.92349e+15    4.72435e-01
    2.73426e+22         6.43065e+15    4.71908e-01
    2.73443e+22         5.85919e+15    4.71263e-01
    2.73451e+22         5.51491e+15    4.70858e-01
    2.73459e+22         5.12625e+15    4.70394e-01
    2.73468e+22         4.67635e+15    4.69844e-01
    2.73472e+22         4.40599e+15    4.69508e-01
    2.73476e+22         4.10141e+15    4.69126e-01
    2.73480e+22         3.74989e+15    4.68687e-01
    2.73483e+22         3.53963e+15    4.68425e-01
    2.73485e+22         3.30362e+15    4.68132e-01
    2.73487e+22         3.03269e+15    4.67797e-01
    2.73488e+22         2.87193e+15    4.67602e-01
    2.73489e+22         2.69266e+15    4.67386e-01
    2.73490e+22         2.48873e+15    4.67143e-01
    2.73491e+22         2.25000e+15    4.66861e-01
    2.73492e+22         2.10396e+15    4.66693e-01
    2.73492e+22         1.93694e+15    4.66504e-01
    2.73492e+22         1.83840e+15    4.66392e-01
    2.73493e+22         1.72901e+15    4.66266e-01
    2.73493e+22         1.60534e+15    4.66123e-01
    2.73493e+22         1.46188e+15    4.65953e-01
    2.73493e+22         1.37537e+15    4.65845e-01
    2.73493e+22         1.27763e+15    4.65710e-01
    2.73494e+22         1.16433e+15    4.65526e-01
    2.73494e+22         1.09610e+15    4.65383e-01
    2.73494e+22         1.01910e+15    4.65188e-01
    2.73494e+22         9.29985e+14    4.64914e-01
    2.73494e+22         8.76460e+14    4.64718e-01
    2.73494e+22         8.16181e+14    4.64477e-01
    2.73494e+22         7.46639e+14    4.64164e-01
    2.73494e+22         7.05053e+14    4.63927e-01
    2.73494e+22         6.58383e+14    4.63611e-01
    2.73494e+22         6.04819e+14    4.63191e-01
    2.73494e+22         5.73024e+14    4.62825e-01
    2.73494e+22         5.37575e+14    4.62355e-01
    2.73494e+22         4.97244e+14    4.61700e-01
    2.73494e+22         4.50037e+14    4.60761e-01
    2.73494e+22         4.21159e+14    4.59982e-01
    2.73494e+22         3.88118e+14    4.58816e-01
    2.73494e+22         3.68629e+14    4.57966e-01
    2.73494e+22         3.46998e+14    4.56871e-01
    2.73494e+22         3.22558e+14    4.55486e-01
    2.73494e+22         2.94228e+14    4.53582e-01
    2.73494e+22         2.77180e+14    4.52246e-01
    2.73494e+22         2.57958e+14    4.50662e-01
    2.73494e+22         2.35749e+14    4.48700e-01
    2.73494e+22         2.22445e+14    4.47461e-01
    2.73494e+22         2.07499e+14    4.46037e-01
    2.73494e+22         1.90317e+14    4.44362e-01
    2.73494e+22         1.80103e+14    4.43352e-01
    2.73494e+22         1.68695e+14    4.42217e-01
    2.73494e+22         1.55691e+14    4.40917e-01
    2.73494e+22         1.40422e+14    4.39388e-01
    2.73494e+22         1.31035e+14    4.38446e-01
    2.73494e+22         1.20255e+14    4.37362e-01
    2.73494e+22         1.13854e+14    4.36718e-01
    2.73494e+22         1.06713e+14    4.35998e-01
    2.73494e+22         9.85839e+13    4.35178e-01
    2.73494e+22         8.90570e+13    4.34201e-01
    2.73494e+22         8.32183e+13    4.33578e-01
    2.73494e+22         7.65304e+13    4.32847e-01
    2.73494e+22         7.25754e+13    4.32398e-01
    2.73494e+22         6.81767e+13    4.31887e-01
    2.73494e+22         6.31911e+13    4.31292e-01
    2.73494e+22         5.73857e+13    4.30573e-01
    2.73494e+22         5.38638e+13    4.30106e-01
    2.73494e+22         4.98641e+13    4.29542e-01
    2.73494e+22         4.51934e+13    4.28816e-01
    2.73494e+22         4.23475e+13    4.28311e-01
    2.73494e+22         3.91034e+13    4.27666e-01
    2.73494e+22         3.52945e+13    4.26782e-01
    2.73494e+22         3.29538e+13    4.26143e-01
    2.73494e+22         3.02666e+13    4.25310e-01
    2.73494e+22         2.86723e+13    4.24745e-01
    2.73494e+22         2.68946e+13    4.24051e-01
    2.73494e+22         2.48728e+13    4.23195e-01
    2.73494e+22         2.25074e+13    4.22081e-01
    2.73494e+22         2.10619e+13    4.21312e-01
    2.73494e+22         1.94102e+13    4.20372e-01
    2.73494e+22         1.84374e+13    4.19786e-01
    2.73494e+22         1.73587e+13    4.19107e-01
    2.73494e+22         1.61414e+13    4.18307e-01
    2.73494e+22         1.47324e+13    4.17307e-01
    2.73494e+22         1.38859e+13    4.16648e-01
    2.73494e+22         1.29326e+13    4.15867e-01
    2.73494e+22         1.18327e+13    4.14868e-01
    2.73494e+22         1.11750e+13    4.14192e-01
    2.73494e+22         1.04371e+13    4.13376e-01
    2.73494e+22         9.59074e+12    4.12376e-01
    2.73494e+22         9.08927e+12    4.11736e-01
    2.73494e+22         8.53075e+12    4.10988e-01
    2.73494e+22         7.89648e+12    4.10098e-01
    2.73494e+22         7.15598e+12    4.09006e-01
    2.73494e+22         6.70498e+12    4.08301e-01
    2.73494e+22         6.19119e+12    4.07477e-01
    2.73494e+22         5.58847e+12    4.06477e-01
    2.73494e+22         5.21855e+12    4.05844e-01
    2.73494e+22         4.79428e+12    4.05105e-01
    2.73494e+22         4.54292e+12    4.04658e-01
    2.73494e+22         4.26296e+12    4.04153e-01
    2.73494e+22         3.94501e+12    4.03575e-01
    2.73494e+22         3.57373e+12    4.02892e-01
    2.73494e+22         3.34749e+12    4.02471e-01
    2.73494e+22         3.08964e+12    4.01988e-01
    2.73494e+22         2.78695e+12    4.01418e-01
    2.73494e+22         2.60094e+12    4.01065e-01
    2.73494e+22         2.38737e+12    4.00658e-01
    2.73494e+22         2.26062e+12    4.00415e-01
    2.73494e+22         2.11925e+12    4.00143e-01
    2.73494e+22         1.95840e+12    3.99832e-01
    2.73494e+22         1.77003e+12    3.99464e-01
    2.73494e+22         1.65472e+12    3.99233e-01
    2.73494e+22         1.52278e+12    3.98958e-01
    2.73494e+22         1.44487e+12    3.98787e-01
    2.73494e+22         1.35834e+12    3.98590e-01
    2.73494e+22         1.26041e+12    3.98357e-01
    2.73494e+22         1.14667e+12    3.98067e-01
    2.73494e+22         1.07794e+12    3.97862e-01
    2.73494e+22         1.00014e+12    3.97590e-01
    2.73494e+22         9.09730e+11    3.97197e-01
    2.73494e+22         8.55057e+11    3.96872e-01
    2.73494e+22         7.93139e+11    3.96422e-01
    2.73494e+22         7.21135e+11    3.95771e-01
    2.73494e+22         6.77556e+11    3.95278e-01
    2.73494e+22         6.28170e+11    3.94641e-01
    2.73494e+22         5.70687e+11    3.93794e-01
    2.73494e+22         5.35847e+11    3.93210e-01
    2.73494e+22         4.96318e+11    3.92501e-01
    2.73494e+22         4.50226e+11    3.91612e-01
    2.73494e+22         4.22207e+11    3.91034e-01
    2.73494e+22         3.90333e+11    3.90342e-01
    2.73494e+22         3.53017e+11    3.89462e-01
    2.73494e+22         3.30182e+11    3.88850e-01
    2.73494e+22         3.04066e+11    3.88097e-01
    2.73494e+22         2.88651e+11    3.87586e-01
    2.73494e+22         2.71538e+11    3.86981e-01
    2.73494e+22         2.52186e+11    3.86230e-01
    2.73494e+22         2.29738e+11    3.85290e-01
    2.73494e+22         2.16204e+11    3.84654e-01
    2.73494e+22         2.00915e+11    3.83887e-01
    2.73494e+22         1.83204e+11    3.82946e-01
    2.73494e+22         1.72549e+11    3.82343e-01
    2.73494e+22         1.60536e+11    3.81629e-01
    2.73494e+22         1.46654e+11    3.80776e-01
    2.73494e+22         1.38336e+11    3.80238e-01
    2.73494e+22         1.28986e+11    3.79616e-01
    2.73494e+22         1.18230e+11    3.78881e-01
    2.73494e+22         1.11829e+11    3.78428e-01
    2.73494e+22         1.04673e+11    3.77912e-01
    2.73494e+22         9.65048e+10    3.77312e-01
    2.73494e+22         8.68950e+10    3.76587e-01
    2.73494e+22         8.09682e+10    3.76128e-01
    2.73494e+22         7.41417e+10    3.75588e-01
    2.73494e+22         7.00709e+10    3.75260e-01
    2.73494e+22         6.55132e+10    3.74888e-01
    2.73494e+22         6.02992e+10    3.74455e-01
    2.73494e+22         5.72218e+10    3.74196e-01
    2.73494e+22         5.38045e+10    3.73906e-01
    2.73494e+22         4.99392e+10    3.73573e-01
    2.73494e+22         4.54523e+10    3.73182e-01
    2.73494e+22         4.27441e+10    3.72942e-01
    2.73494e+22         3.96817e+10    3.72668e-01
    2.73494e+22         3.61284e+10    3.72346e-01
    2.73494e+22         3.39851e+10    3.72149e-01
    2.73494e+22         3.15629e+10    3.71924e-01
    2.73494e+22         2.87546e+10    3.71661e-01
    2.73494e+22         2.70628e+10    3.71500e-01
    2.73494e+22         2.51528e+10    3.71316e-01
    2.73494e+22         2.29418e+10    3.71102e-01
    2.73494e+22         2.16129e+10    3.70971e-01
    2.73494e+22         2.01155e+10    3.70823e-01
    2.73494e+22         1.83869e+10    3.70649e-01
    2.73494e+22         1.73525e+10    3.70544e-01
    2.73494e+22         1.61910e+10    3.70426e-01
    2.73494e+22         1.48570e+10    3.70288e-01
    2.73494e+22         1.40648e+10    3.70205e-01
    2.73494e+22         1.31808e+10    3.70112e-01
    2.73494e+22         1.21743e+10    3.70005e-01
    2.73494e+22         1.09944e+10    3.69878e-01
    2.73494e+22         1.02711e+10    3.69800e-01
    2.73494e+22         9.44234e+09    3.69708e-01
    2.73494e+22         8.95201e+09    3.69654e-01
    2.73494e+22         8.40649e+09    3.69593e-01
    2.73494e+22         7.78788e+09    3.69523e-01
    2.73494e+22         7.06708e+09    3.69441e-01
    2.73494e+22         6.62941e+09    3.69390e-01
    2.73494e+22         6.13205e+09    3.69332e-01
    2.73494e+22         5.55073e+09    3.69264e-01
    2.73494e+22         5.19600e+09    3.69221e-01
    2.73494e+22         4.79119e+09    3.69172e-01
    2.73494e+22         4.31507e+09    3.69114e-01
    2.73494e+22         4.02159e+09    3.69078e-01
    2.73494e+22         3.68370e+09    3.69035e-01
    2.73494e+22         3.48234e+09    3.69010e-01
    2.73494e+22         3.25702e+09    3.68981e-01
    2.73494e+22         2.99945e+09    3.68948e-01
    2.73494e+22         2.84759e+09    3.68928e-01
    2.73494e+22         2.67911e+09    3.68906e-01
    2.73494e+22         2.48877e+09    3.68881e-01
    2.73494e+22         2.26820e+09    3.68851e-01
    2.73494e+22         2.13542e+09    3.68833e-01
    2.73494e+22         1.98562e+09    3.68813e-01
    2.73494e+22         1.81236e+09    3.68789e-01
    2.73494e+22         1.70838e+09    3.68775e-01
    2.73494e+22         1.59135e+09    3.68758e-01
    2.73494e+22         1.45648e+09    3.68739e-01
    2.73494e+22         1.37598e+09    3.68727e-01
    2.73494e+22         1.28578e+09    3.68714e-01
    2.73494e+22         1.18248e+09    3.68699e-01
    2.73494e+22         1.12142e+09    3.68690e-01
    2.73494e+22         1.05352e+09    3.68680e-01
    2.73494e+22         9.76586e+08    3.68668e-01
    2.73494e+22         8.87054e+08    3.68655e-01
    2.73494e+22         8.32796e+08    3.68646e-01
    2.73494e+22         7.71238e+08    3.68637e-01
    2.73494e+22         6.99460e+08    3.68626e-01
    2.73494e+22         6.55828e+08    3.68619e-01
    2.73494e+22         6.06196e+08    3.68611e-01
    2.73494e+22         5.48105e+08    3.68601e-01
    2.73494e+22         5.12576e+08    3.68595e-01
    2.73494e+22         4.71952e+08    3.68589e-01
    2.73494e+22         4.47992e+08    3.68585e-01
    2.73494e+22         4.21401e+08    3.68580e-01
    2.73494e+22         3.91348e+08    3.68575e-01
    2.73494e+22         3.56502e+08    3.68569e-01
    2.73494e+22         3.35507e+08    3.68565e-01
    2.73494e+22         3.11802e+08    3.68561e-01
    2.73494e+22         2.84355e+08    3.68556e-01
    2.73494e+22         2.67855e+08    3.68553e-01
    2.73494e+22         2.49259e+08    3.68550e-01
    2.73494e+22         2.27785e+08    3.68546e-01
    2.73494e+22         2.14928e+08    3.68544e-01
    2.73494e+22         2.00487e+08    3.68541e-01
    2.73494e+22         1.83891e+08    3.68538e-01
    2.73494e+22         1.74027e+08    3.68536e-01
    2.73494e+22         1.63013e+08    3.68534e-01
    2.73494e+22         1.50461e+08    3.68531e-01
    2.73494e+22         1.35728e+08    3.68528e-01
    2.73494e+22         1.26675e+08    3.68527e-01
    2.73494e+22         1.16282e+08    3.68524e-01
    2.73494e+22         1.10115e+08    3.68523e-01
    2.73494e+22         1.03238e+08    3.68522e-01
    2.73494e+22         9.54139e+07    3.68520e-01
    2.73494e+22         8.62544e+07    3.68518e-01
    2.73494e+22         8.06503e+07    3.68517e-01
    2.73494e+22         7.42403e+07    3.68516e-01
    2.73494e+22         7.04580e+07    3.68515e-01
    2.73494e+22         6.62587e+07    3.68514e-01
    2.73494e+22         6.15102e+07    3.68513e-01
    2.73494e+22         5.60003e+07    3.68512e-01
    2.73494e+22         5.26766e+07    3.68511e-01
    2.73494e+22         4.89202e+07    3.68510e-01
    2.73494e+22         4.45648e+07    3.68509e-01
    2.73494e+22         4.19406e+07    3.68508e-01
    2.73494e+22         3.89778e+07    3.68508e-01
    2.73494e+22         3.55474e+07    3.68507e-01
    2.73494e+22         3.34851e+07    3.68506e-01
    2.73494e+22         3.11611e+07    3.68506e-01
    2.73494e+22         2.84775e+07    3.68505e-01
    2.73494e+22         2.68709e+07    3.68505e-01
    2.73494e+22         2.50664e+07    3.68504e-01
    2.73494e+22         2.29927e+07    3.68504e-01
    2.73494e+22         2.17604e+07    3.68504e-01
    2.73494e+22         2.03846e+07    3.68503e-01
    2.73494e+22         1.88169e+07    3.68503e-01
    2.73494e+22         1.69770e+07    3.68502e-01
    2.73494e+22         1.58468e+07    3.68502e-01
    2.73494e+22         1.45497e+07    3.68502e-01
    2.73494e+22         1.37804e+07    3.68501e-01
    2.73494e+22         1.29228e+07    3.68501e-01
    2.73494e+22         1.19475e+07    3.68501e-01
    2.73494e+22         1.08065e+07    3.68501e-01
    2.73494e+22         1.01092e+07    3.68500e-01
    2.73494e+22         9.31242e+06    3.68500e-01
    2.73494e+22         8.84291e+06    3.68500e-01
    2.73494e+22         8.32222e+06    3.68500e-01
    2.73494e+22         7.73434e+06    3.68500e-01
    2.73494e+22         7.05369e+06    3.68499e-01
    2.73494e+22         6.64452e+06    3.68499e-01
    2.73494e+22         6.18341e+06    3.68499e-01
    2.73494e+22         5.65095e+06    3.68499e-01
    2.73494e+22         5.33219e+06    3.68499e-01
    2.73494e+22         4.97418e+06    3.68499e-01
    2.73494e+22         4.56278e+06    3.68499e-01
    2.73494e+22         4.31831e+06    3.68499e-01
    2.73494e+22         4.04539e+06    3.68499e-01
    2.73494e+22         3.73439e+06    3.68498e-01
    2.73494e+22         3.36943e+06    3.68498e-01
    2.73494e+22         3.14529e+06    3.68498e-01
    2.73494e+22         2.88805e+06    3.68498e-01
    2.73494e+22         2.73550e+06    3.68498e-01
    2.73494e+22         2.56547e+06    3.68498e-01
    2.73494e+22         2.37214e+06    3.68498e-01
    2.73494e+22         2.14602e+06    3.68498e-01
    2.73494e+22         2.00788e+06    3.68498e-01
    2.73494e+22         1.85008e+06    3.68498e-01
    2.73494e+22         1.75715e+06    3.68498e-01
    2.73494e+22         1.65412e+06    3.68498e-01
    2.73494e+22         1.53786e+06    3.68498e-01
    2.73494e+22         1.40337e+06    3.68498e-01
    2.73494e+22         1.32261e+06    3.68498e-01
    2.73494e+22         1.23169e+06    3.68498e-01
    2.73494e+22         1.12685e+06    3.68498e-01
    2.73494e+22         1.06422e+06    3.68498e-01
    2.73494e+22         9.94001e+05    3.68497e-01
    2.73494e+22         9.13514e+05    3.68497e-01
    2.73494e+22         8.65867e+05    3.68497e-01
    2.73494e+22         8.12831e+05    3.68497e-01
    2.73494e+22         7.52649e+05    3.68497e-01
    2.73494e+22         6.82458e+05    3.68497e-01
    2.73494e+22         6.39772e+05    3.68497e-01
    2.73494e+22         5.91200e+05    3.68497e-01
    2.73494e+22         5.34319e+05    3.68497e-01
    2.73494e+22         4.99500e+05    3.68497e-01
    2.73494e+22         4.59659e+05    3.68497e-01
    2.73494e+22         4.36135e+05    3.68497e-01
    2.73494e+22         4.10005e+05    3.68497e-01
    2.73494e+22         3.80439e+05    3.68497e-01
    2.73494e+22         3.46098e+05    3.68497e-01
    2.73494e+22         3.25352e+05    3.68497e-01
    2.73494e+22         3.01875e+05    3.68497e-01
    2.73494e+22         2.74604e+05    3.68497e-01
    2.73494e+22         2.58126e+05    3.68497e-01
    2.73494e+22         2.39477e+05    3.68497e-01
    2.73494e+22         2.17811e+05    3.68497e-01
    2.73494e+22         2.04715e+05    3.68497e-01
    2.73494e+22         1.89890e+05    3.68497e-01
    2.73494e+22         1.72660e+05    3.68497e-01
    2.73494e+22         1.62240e+05    3.68497e-01
    2.73494e+22         1.50439e+05    3.68497e-01
    2.73494e+22         1.36713e+05    3.68497e-01
    2.73494e+22         1.28402e+05    3.68497e-01
    2.73494e+22         1.18982e+05    3.68497e-01
    2.73494e+22         1.08010e+05    3.68497e-01
    2.73494e+22         1.01353e+05    3.68497e-01
    2.73494e+22         9.37935e+04    3.68497e-01
    2.73494e+22         8.49657e+04    3.68497e-01
    2.73494e+22         7.95870e+04    3.68497e-01
    2.73494e+22         7.34566e+04    3.68497e-01
    2.73494e+22         6.62604e+04    3.68497e-01
    2.73494e+22         6.18383e+04    3.68497e-01
    2.73494e+22         5.67611e+04    3.68497e-01
    2.73494e+22         5.37480e+04    3.68497e-01
    2.73494e+22         5.03877e+04    3.68497e-01
    2.73494e+22         4.65642e+04    3.68497e-01
    2.73494e+22         4.20870e+04    3.68497e-01
    2.73494e+22         3.93468e+04    3.68497e-01
    2.73494e+22         3.62117e+04    3.68497e-01
    2.73494e+22         3.43609e+04    3.68497e-01
    2.73494e+22         3.23054e+04    3.68497e-01
    2.73494e+22         2.99800e+04    3.68497e-01
    2.73494e+22         2.72799e+04    3.68497e-01
    2.73494e+22         2.56493e+04    3.68497e-01
    2.73494e+22         2.38049e+04    3.68497e-01
    2.73494e+22         2.16636e+04    3.68497e-01
    2.73494e+22         2.03708e+04    3.68497e-01
    2.73494e+22         1.89087e+04    3.68497e-01
    2.73494e+22         1.72117e+04    3.68497e-01
    2.73494e+22         1.61877e+04    3.68497e-01
    2.73494e+22         1.50301e+04    3.68497e-01
    2.73494e+22         1.36872e+04    3.68497e-01
    2.73494e+22         1.28775e+04    3.68497e-01
    2.73494e+22         1.19629e+04    3.68497e-01
    2.73494e+22         1.09030e+04    3.68497e-01
    2.73494e+22         1.02650e+04    3.68497e-01
    2.73494e+22         9.54524e+03    3.68497e-01
    2.73494e+22         8.71285e+03    3.68497e-01
    2.73494e+22         8.21334e+03    3.68497e-01
    2.73494e+22         7.65122e+03    3.68497e-01
    2.73494e+22         7.00347e+03    3.68497e-01
    2.73494e+22         6.61691e+03    3.68497e-01
    2.73494e+22         6.18387e+03    3.68497e-01
    2.73494e+22         5.68806e+03    3.68497e-01
    2.73494e+22         5.39505e+03    3.68497e-01
    2.73494e+22         5.06935e+03    3.68497e-01
    2.73494e+22         4.70046e+03    3.68497e-01
    2.73494e+22         4.27139e+03    3.68497e-01
    2.73494e+22         4.01159e+03    3.68497e-01
    2.73494e+22         3.71704e+03    3.68497e-01
    2.73494e+22         3.37397e+03    3.68497e-01
    2.73494e+22         3.16578e+03    3.68497e-01
    2.73494e+22         2.92931e+03    3.68497e-01
    2.73494e+22         2.65311e+03    3.68497e-01
    2.73494e+22         2.48476e+03    3.68497e-01
    2.73494e+22         2.29283e+03    3.68497e-01
    2.73494e+22         2.06742e+03    3.68497e-01
    2.73494e+22         1.92880e+03    3.68497e-01
    2.73494e+22         1.76954e+03    3.68497e-01
    2.73494e+22         1.67493e+03    3.68497e-01
    2.73494e+22         1.56932e+03    3.68497e-01
    2.73494e+22         1.44903e+03    3.68497e-01
    2.73494e+22         1.30794e+03    3.68497e-01
    2.73494e+22         1.22136e+03    3.68497e-01
    2.73494e+22         1.12206e+03    3.68497e-01
    2.73494e+22         1.06323e+03    3.68497e-01
    2.73494e+22         9.97716e+02    3.68497e-01
    2.73494e+22         9.23314e+02    3.68497e-01
    2.73494e+22         8.36439e+02    3.68497e-01
    2.73494e+22         7.83509e+02    3.68497e-01
    2.73494e+22         7.23186e+02    3.68497e-01
    2.73494e+22         6.52381e+02    3.68497e-01
    2.73494e+22         6.08876e+02    3.68497e-01
    2.73494e+22         5.58932e+02    3.68497e-01
    2.73494e+22         5.29298e+02    3.68497e-01
    2.73494e+22         4.96253e+02    3.68497e-01
    2.73494e+22         4.58661e+02    3.68497e-01
    2.73494e+22         4.14653e+02    3.68497e-01
    2.73494e+22         3.87731e+02    3.68497e-01
    2.73494e+22         3.56941e+02    3.68497e-01
    2.73494e+22         3.38775e+02    3.68497e-01
    2.73494e+22         3.18609e+02    3.68497e-01
    2.73494e+22         2.95809e+02    3.68497e-01
    2.73494e+22         2.69359e+02    3.68497e-01
    2.73494e+22         2.53409e+02    3.68497e-01
    2.73494e+22         2.35389e+02    3.68497e-01
    2.73494e+22         2.14503e+02    3.68497e-01
    2.73494e+22         2.01928e+02    3.68497e-01
    2.73494e+22         1.87737e+02    3.68497e-01
    2.73494e+22         1.71320e+02    3.68497e-01
    2.73494e+22         1.61464e+02    3.68497e-01
    2.73494e+22         1.50366e+02    3.68497e-01
    2.73494e+22         1.37571e+02    3.68497e-01
    2.73494e+22         1.29928e+02    3.68497e-01
    2.73494e+22         1.21359e+02    3.68497e-01
    2.73494e+22         1.11537e+02    3.68497e-01
    2.73494e+22         1.05723e+02    3.68497e-01
    2.73494e+22         9.92527e+01    3.68497e-01
    2.73494e+22         9.19107e+01    3.68497e-01
    2.73494e+22         8.33489e+01    3.68497e-01
    2.73494e+22         7.81433e+01    3.68497e-01
    2.73494e+22         7.22211e+01    3.68497e-01
    2.73494e+22         6.52877e+01    3.68497e-01
    2.73494e+22         6.10457e+01    3.68497e-01
    2.73494e+22         5.61936e+01    3.68497e-01
    2.73494e+22         5.33305e+01    3.68497e-01
    2.73494e+22         5.01518e+01    3.68497e-01
    2.73494e+22         4.65573e+01    3.68497e-01
    2.73494e+22         4.23864e+01    3.68497e-01
    2.73494e+22         3.98703e+01    3.68497e-01
    2.73494e+22         3.70267e+01    3.68497e-01
    2.73494e+22         3.37294e+01    3.68497e-01
    2.73494e+22         3.17427e+01    3.68497e-01
    2.73494e+22         2.94996e+01    3.68497e-01
    2.73494e+22         2.69023e+01    3.68497e-01
    2.73494e+22         2.53408e+01    3.68497e-01
    2.73494e+22         2.35810e+01    3.68497e-01
    2.73494e+22         2.15486e+01    3.68497e-01
    2.73494e+22         2.03317e+01    3.68497e-01
    2.73494e+22         1.89648e+01    3.68497e-01
    2.73494e+22         1.73938e+01    3.68497e-01
    2.73494e+22         1.64600e+01    3.68497e-01
    2.73494e+22         1.54172e+01    3.68497e-01
    2.73494e+22         1.42285e+01    3.68497e-01
    2.73494e+22         1.28330e+01    3.68497e-01
    2.73494e+22         1.19752e+01    3.68497e-01
    2.73494e+22         1.09902e+01    3.68497e-01
    2.73494e+22         1.04054e+01    3.68497e-01
    2.73494e+22         9.75304e+00    3.68497e-01
    2.73494e+22         9.01051e+00    3.68497e-01
    2.73494e+22         8.14055e+00    3.68497e-01
    2.73494e+22         7.60763e+00    3.68497e-01
    2.73494e+22         6.99743e+00    3.68497e-01
    2.73494e+22         6.63680e+00    3.68497e-01
    2.73494e+22         6.23592e+00    3.68497e-01
    2.73494e+22         5.78183e+00    3.68497e-01
    2.73494e+22         5.25362e+00    3.68497e-01
    2.73494e+22         4.93374e+00    3.68497e-01
    2.73494e+22         4.57103e+00    3.68497e-01
    2.73494e+22         4.14848e+00    3.68497e-01
    2.73494e+22         3.89197e+00    3.68497e-01
    2.73494e+22         3.60054e+00    3.68497e-01
    2.73494e+22         3.26002e+00    3.68497e-01
    2.73494e+22         3.05233e+00    3.68497e-01
    2.73494e+22         2.81542e+00    3.68497e-01
    2.73494e+22         2.53696e+00    3.68497e-01
    2.73494e+22         2.36549e+00    3.68497e-01
    2.73494e+22         2.16826e+00    3.68497e-01
    2.73494e+22         2.05089e+00    3.68497e-01
    2.73494e+22         1.91970e+00    3.68497e-01
    2.73494e+22         1.76996e+00    3.68497e-01
    2.73494e+22         1.59382e+00    3.68497e-01
    2.73494e+22         1.48521e+00    3.68497e-01
    2.73494e+22         1.36013e+00    3.68497e-01
    2.73494e+22         1.28556e+00    3.68497e-01
    2.73494e+22         1.20208e+00    3.68497e-01
    2.73494e+22         1.10662e+00    3.68497e-01
    2.73494e+22         1.05029e+00    3.68497e-01
    2.73494e+22         9.87762e-01    3.68497e-01
    2.73494e+22         9.17066e-01    3.68497e-01
    2.73494e+22         8.35051e-01    3.68497e-01
    2.73494e+22         7.85592e-01    3.68497e-01
    2.73494e+22         7.29710e-01    3.68497e-01
    2.73494e+22         6.64941e-01    3.68497e-01
    2.73494e+22         6.25940e-01    3.68497e-01
    2.73494e+22         5.81928e-01    3.68497e-01
    2.73494e+22         5.31006e-01    3.68497e-01
    2.73494e+22         5.00428e-01    3.68497e-01
    2.73494e+22         4.65999e-01    3.68497e-01
    2.73494e+22         4.26295e-01    3.68497e-01
    2.73494e+22         4.02573e-01    3.68497e-01
    2.73494e+22         3.75972e-01    3.68497e-01
    2.73494e+22         3.45475e-01    3.68497e-01
    2.73494e+22         3.27415e-01    3.68497e-01
    2.73494e+22         3.07307e-01    3.68497e-01
    2.73494e+22         2.84483e-01    3.68497e-01
    2.73494e+22         2.57849e-01    3.68497e-01
    2.73494e+22         2.41639e-01    3.68497e-01
    2.73494e+22         2.23181e-01    3.68497e-01
    2.73494e+22         2.01543e-01    3.68497e-01
    2.73494e+22         1.88277e-01    3.68497e-01
    2.73494e+22         1.73075e-01    3.68497e-01
    2.73494e+22         1.64080e-01    3.68497e-01
    2.73494e+22         1.54072e-01    3.68497e-01
    2.73494e+22         1.42722e-01    3.68497e-01
    2.73494e+22         1.29495e-01    3.68497e-01
    2.73494e+22         1.21461e-01    3.68497e-01
    2.73494e+22         1.12329e-01    3.68497e-01
    2.73494e+22         1.01652e-01    3.68497e-01
    2.73494e+22         9.51331e-02    3.68497e-01
    2.73494e+22         8.76903e-02    3.68497e-01
    2.73494e+22         7.89305e-02    3.68497e-01
    2.73494e+22         7.35245e-02    3.68497e-01
    2.73494e+22         6.72942e-02    3.68497e-01
    2.73494e+22         6.35756e-02    3.68497e-01
    2.73494e+22         5.94092e-02    3.68497e-01
    2.73494e+22         5.46380e-02    3.68497e-01
    2.73494e+22         5.18176e-02    3.68497e-01
    2.73494e+22         4.86817e-02    3.68497e-01
    2.73494e+22         4.51289e-02    3.68497e-01
    2.73494e+22         4.09946e-02    3.68497e-01
    2.73494e+22         3.84895e-02    3.68497e-01
    2.73494e+22         3.56477e-02    3.68497e-01
    2.73494e+22         3.23347e-02    3.68497e-01
    2.73494e+22         3.03214e-02    3.68497e-01
    2.73494e+22         2.80319e-02    3.68497e-01
    2.73494e+22         2.53531e-02    3.68497e-01
    2.73494e+22         2.37157e-02    3.68497e-01
    2.73494e+22         2.18443e-02    3.68497e-01
    2.73494e+22         2.07415e-02    3.68497e-01
    2.73494e+22         1.95183e-02    3.68497e-01
    2.73494e+22         1.81369e-02    3.68497e-01
    2.73494e+22         1.65371e-02    3.68497e-01
    2.73494e+22         1.55750e-02    3.68497e-01
    2.73494e+22         1.44903e-02    3.68497e-01
    2.73494e+22         1.32371e-02    3.68497e-01
    2.73494e+22         1.24863e-02    3.68497e-01
    2.73494e+22         1.16425e-02    3.68497e-01
    2.73494e+22         1.06719e-02    3.68497e-01
    2.73494e+22         1.00943e-02    3.68497e-01
    2.73494e+22         9.44873e-03    3.68497e-01
    2.73494e+22         8.71192e-03    3.68497e-01
    2.73494e+22         7.84522e-03    3.68497e-01
    2.73494e+22         7.31083e-03    3.68497e-01
    2.73494e+22         6.69546e-03    3.68497e-01
    2.73494e+22         6.32862e-03    3.68497e-01
    2.73494e+22         5.91802e-03    3.68497e-01
    2.73494e+22         5.44847e-03    3.68497e-01
    2.73494e+22         5.17148e-03    3.68497e-01
    2.73494e+22         4.86403e-03    3.68497e-01
    2.73494e+22         4.51648e-03    3.68497e-01
    2.73494e+22         4.11339e-03    3.68497e-01
    2.73494e+22         3.87040e-03    3.68497e-01
    2.73494e+22         3.59595e-03    3.68497e-01
    2.73494e+22         3.27800e-03    3.68497e-01
    2.73494e+22         3.08670e-03    3.68497e-01
    2.73494e+22         2.87094e-03    3.68497e-01
    2.73494e+22         2.62154e-03    3.68497e-01
    2.73494e+22         2.47198e-03    3.68497e-01
    2.73494e+22         2.30378e-03    3.68497e-01
    2.73494e+22         2.11013e-03    3.68497e-01
    2.73494e+22         1.99471e-03    3.68497e-01
    2.73494e+22         1.86555e-03    3.68497e-01
    2.73494e+22         1.71788e-03    3.68497e-01
    2.73494e+22         1.63081e-03    3.68497e-01
    2.73494e+22         1.53420e-03    3.68497e-01
    2.73494e+22         1.42503e-03    3.68497e-01
    2.73494e+22         1.29849e-03    3.68497e-01
    2.73494e+22         1.22230e-03    3.68497e-01
    2.73494e+22         1.13630e-03    3.68497e-01
    2.73494e+22         1.03680e-03    3.68497e-01
    2.73494e+22         9.77036e-04    3.68497e-01
    2.73494e+22         9.09741e-04    3.68497e-01
    2.73494e+22         8.32123e-04    3.68497e-01
    2.73494e+22         7.85737e-04    3.68497e-01
    2.73494e+22         7.33712e-04    3.68497e-01
    2.73494e+22         6.74047e-04    3.68497e-01
    2.73494e+22         6.38699e-04    3.68497e-01
    2.73494e+22         5.99331e-04    3.68497e-01
    2.73494e+22         5.54621e-04    3.68497e-01
    2.73494e+22         5.02412e-04    3.68497e-01
    2.73494e+22         4.70601e-04    3.68497e-01
    2.73494e+22         4.34343e-04    3.68497e-01
    2.73494e+22         3.91778e-04    3.68497e-01
    2.73494e+22         3.65621e-04    3.68497e-01
    2.73494e+22         3.35587e-04    3.68497e-01
    2.73494e+22         3.17761e-04    3.68497e-01
    2.73494e+22         2.97880e-04    3.68497e-01
    2.73494e+22         2.75256e-04    3.68497e-01
    2.73494e+22         2.48760e-04    3.68497e-01
    2.73494e+22         2.32540e-04    3.68497e-01
    2.73494e+22         2.13978e-04    3.68497e-01
    2.73494e+22         2.03017e-04    3.68497e-01
    2.73494e+22         1.90841e-04    3.68497e-01
    2.73494e+22         1.77061e-04    3.68497e-01
    2.73494e+22         1.61053e-04    3.68497e-01
    2.73494e+22         1.51378e-04    3.68497e-01
    2.73494e+22         1.40428e-04    3.68497e-01
    2.73494e+22         1.27703e-04    3.68497e-01
    2.73494e+22         1.20010e-04    3.68497e-01
    2.73494e+22         1.11298e-04    3.68497e-01
    2.73494e+22         1.01170e-04    3.68497e-01
    2.73494e+22         9.50404e-05    3.68497e-01
    2.73494e+22         8.80953e-05    3.68497e-01
    2.73494e+22         8.00119e-05    3.68497e-01
    2.73494e+22         7.51123e-05    3.68497e-01
    2.73494e+22         6.95527e-05    3.68497e-01
    2.73494e+22         6.30687e-05    3.68497e-01
    2.73494e+22         5.91258e-05    3.68497e-01
    2.73494e+22         5.46396e-05    3.68497e-01
    2.73494e+22         4.93864e-05    3.68497e-01
    2.73494e+22         4.61713e-05    3.68497e-01
    2.73494e+22         4.24929e-05    3.68497e-01
    2.73494e+22         4.03214e-05    3.68497e-01
    2.73494e+22         3.79098e-05    3.68497e-01
    2.73494e+22         3.51816e-05    3.68497e-01
    2.73494e+22         3.20139e-05    3.68497e-01
    2.73494e+22         3.01011e-05    3.68497e-01
    2.73494e+22         2.79375e-05    3.68497e-01
    2.73494e+22         2.54257e-05    3.68497e-01


