              t                   M              a
    1.23833e-21         1.00000e+17    8.00000e-01
    2.47665e-21         1.00000e+17    8.00000e-01
    4.95331e-21         1.00000e+17    8.00000e-01
    9.90662e-21         1.00000e+17    8.00000e-01
    1.98132e-20         1.00000e+17    8.00000e-01
    3.96265e-20         1.00000e+17    8.00000e-01
    7.92530e-20         1.00000e+17    8.00000e-01
    1.58506e-19         1.00000e+17    8.00000e-01
    3.17012e-19         1.00000e+17    8.00000e-01
    6.34024e-19         1.00000e+17    8.00000e-01
    1.26805e-18         1.00000e+17    8.00000e-01
    2.53609e-18         1.00000e+17    8.00000e-01
    5.07219e-18         1.00000e+17    8.00000e-01
    1.01444e-17         1.00000e+17    8.00000e-01
    2.02888e-17         1.00000e+17    8.00000e-01
    4.05775e-17         1.00000e+17    8.00000e-01
    8.11550e-17         1.00000e+17    8.00000e-01
    1.62310e-16         1.00000e+17    8.00000e-01
    3.24620e-16         1.00000e+17    8.00000e-01
    6.49240e-16         1.00000e+17    8.00000e-01
    1.29848e-15         1.00000e+17    8.00000e-01
    2.59696e-15         1.00000e+17    8.00000e-01
    5.19392e-15         1.00000e+17    8.00000e-01
    1.03878e-14         1.00000e+17    8.00000e-01
    2.07757e-14         1.00000e+17    8.00000e-01
    4.15514e-14         1.00000e+17    8.00000e-01
    8.31027e-14         1.00000e+17    8.00000e-01
    1.66205e-13         1.00000e+17    8.00000e-01
    3.32411e-13         1.00000e+17    8.00000e-01
    6.64822e-13         1.00000e+17    8.00000e-01
    1.32964e-12         1.00000e+17    8.00000e-01
    2.65929e-12         1.00000e+17    8.00000e-01
    5.31858e-12         1.00000e+17    8.00000e-01
    1.06372e-11         1.00000e+17    8.00000e-01
    2.12743e-11         1.00000e+17    8.00000e-01
    4.25486e-11         1.00000e+17    8.00000e-01
    8.50972e-11         1.00000e+17    8.00000e-01
    1.70194e-10         1.00000e+17    8.00000e-01
    3.40389e-10         1.00000e+17    8.00000e-01
    6.80778e-10         1.00000e+17    8.00000e-01
    1.36156e-09         1.00000e+17    8.00000e-01
    2.72311e-09         1.00000e+17    8.00000e-01
    5.44622e-09         1.00000e+17    8.00000e-01
    1.08924e-08         1.00000e+17    8.00000e-01
    2.17849e-08         1.00000e+17    8.00000e-01
    4.35698e-08         1.00000e+17    8.00000e-01
    8.71395e-08         1.00000e+17    8.00000e-01
    1.74279e-07         1.00000e+17    8.00000e-01
    3.48558e-07         1.00000e+17    8.00000e-01
    6.97116e-07         1.00000e+17    8.00000e-01
    1.39423e-06         1.00000e+17    8.00000e-01
    2.78847e-06         1.00000e+17    8.00000e-01
    5.57693e-06         1.00000e+17    8.00000e-01
    1.11539e-05         1.00000e+17    8.00000e-01
    2.23077e-05         1.00000e+17    8.00000e-01
    4.46154e-05         1.00000e+17    8.00000e-01
    8.92309e-05         1.00000e+17    8.00000e-01
    1.78462e-04         1.00000e+17    8.00000e-01
    3.56924e-04         1.00000e+17    8.00000e-01
    7.13847e-04         1.00000e+17    8.00000e-01
    1.42769e-03         1.00000e+17    8.00000e-01
    2.85539e-03         1.00000e+17    8.00000e-01
    5.71078e-03         1.00000e+17    8.00000e-01
    1.14216e-02         1.00000e+17    8.00000e-01
    2.28431e-02         1.00000e+17    8.00000e-01
    4.56862e-02         1.00000e+17    8.00000e-01
    9.13724e-02         1.00000e+17    8.00000e-01
    1.82745e-01         1.00000e+17    8.00000e-01
    3.65490e-01         1.00000e+17    8.00000e-01
    7.30979e-01         1.00000e+17    8.00000e-01
    1.46196e+00         1.00000e+17    8.00000e-01
    2.92392e+00         1.00000e+17    8.00000e-01
    5.84784e+00         1.00000e+17    8.00000e-01
    1.16957e+01         1.00000e+17    8.00000e-01
    2.33913e+01         1.00000e+17    8.00000e-01
    4.67827e+01         1.00000e+17    8.00000e-01
    9.35654e+01         1.00000e+17    8.00000e-01
    1.87131e+02         1.00000e+17    8.00000e-01
    3.74261e+02         1.00000e+17    8.00000e-01
    7.48523e+02         1.00000e+17    8.00000e-01
    1.49705e+03         1.00000e+17    8.00000e-01
    2.99409e+03         1.00000e+17    8.00000e-01
    5.98818e+03         1.00000e+17    8.00000e-01
    1.19764e+04         1.00000e+17    8.00000e-01
    2.39527e+04         1.00000e+17    8.00000e-01
    4.79055e+04         1.00000e+17    8.00000e-01
    9.58109e+04         1.00000e+17    8.00000e-01
    1.91622e+05         1.00000e+17    8.00000e-01
    3.83244e+05         1.00000e+17    8.00000e-01
    7.66488e+05         1.00000e+17    8.00000e-01
    1.53298e+06         1.00000e+17    8.00000e-01
    3.06595e+06         1.00000e+17    8.00000e-01
    6.13190e+06         1.00000e+17    8.00000e-01
    1.22638e+07         1.00000e+17    8.00000e-01
    2.45276e+07         1.00000e+17    8.00000e-01
    4.90552e+07         1.00000e+17    8.00000e-01
    9.81104e+07         1.00000e+17    8.00000e-01
    1.96221e+08         1.00000e+17    8.00000e-01
    3.92442e+08         1.00000e+17    8.00000e-01
    7.84883e+08         1.00000e+17    8.00000e-01
    1.56977e+09         1.00000e+17    8.00000e-01
    3.13953e+09         1.00000e+17    8.00000e-01
    6.27907e+09         1.00000e+17    8.00000e-01
    1.25581e+10         1.00000e+17    8.00000e-01
    2.51163e+10         1.00000e+17    8.00000e-01
    5.02325e+10         1.00000e+17    8.00000e-01
    1.00465e+11         1.00000e+17    8.00000e-01
    2.00930e+11         1.00000e+17    8.00000e-01
    4.01860e+11         1.00000e+17    8.00000e-01
    8.03720e+11         1.00000e+17    8.00000e-01
    1.60744e+12         1.00000e+17    8.00000e-01
    3.21488e+12         1.00000e+17    8.00000e-01
    6.42976e+12         1.00000e+17    8.00000e-01
    1.28595e+13         1.00000e+17    8.00000e-01
    2.57191e+13         1.00000e+17    8.00000e-01
    5.14381e+13         1.00000e+17    8.00000e-01
    1.02876e+14         1.00000e+17    8.00000e-01
    2.05752e+14         1.00000e+17    8.00000e-01
    4.11505e+14         1.00000e+17    8.00000e-01
    8.23010e+14         1.00000e+17    8.00000e-01
    1.64602e+15         1.00000e+17    8.00000e-01
    3.29204e+15         1.00000e+17    8.00000e-01
    6.58408e+15         1.00000e+17    8.00000e-01
    1.31682e+16         1.00000e+17    8.00000e-01
    2.63363e+16         1.00000e+17    7.99999e-01
    5.26726e+16         9.99999e+16    7.99999e-01
    1.05345e+17         9.99998e+16    7.99998e-01
    2.10690e+17         9.99996e+16    7.99996e-01
    4.21381e+17         9.99992e+16    7.99991e-01
    8.42762e+17         9.99984e+16    7.99982e-01
    1.68552e+18         9.99969e+16    7.99965e-01
    3.37105e+18         9.99938e+16    7.99929e-01
    6.74210e+18         9.99875e+16    7.99859e-01
    1.34842e+19         9.99751e+16    7.99718e-01
    2.69684e+19         9.99501e+16    7.99436e-01
    5.39368e+19         9.99003e+16    7.98873e-01
    1.07874e+20         9.98008e+16    7.97751e-01
    2.15747e+20         9.96022e+16    7.95518e-01
    4.31494e+20         9.92072e+16    7.91102e-01
    8.62988e+20         9.84252e+16    7.82464e-01
    1.29448e+21         9.76486e+16    7.74125e-01
    1.72598e+21         9.68769e+16    7.66074e-01
    2.15747e+21         9.61098e+16    7.58304e-01
    3.02046e+21         9.45842e+16    7.43313e-01
    3.88345e+21         9.30552e+16    7.29193e-01
    4.74644e+21         9.15144e+16    7.15840e-01
    5.60942e+21         8.99567e+16    7.03197e-01
    6.47241e+21         8.83687e+16    6.91120e-01
    7.33540e+21         8.67468e+16    6.79587e-01
    8.19839e+21         8.50848e+16    6.68562e-01
    9.06138e+21         8.33686e+16    6.57955e-01
    9.92436e+21         8.15925e+16    6.47749e-01
    1.07874e+22         7.97495e+16    6.37932e-01
    1.16503e+22         7.78319e+16    6.28344e-01
    1.25133e+22         7.58303e+16    6.18931e-01
    1.33763e+22         7.37338e+16    6.09685e-01
    1.42393e+22         7.15290e+16    6.00599e-01
    1.51023e+22         6.91883e+16    5.91679e-01
    1.59653e+22         6.66881e+16    5.82916e-01
    1.68283e+22         6.39983e+16    5.74295e-01
    1.76913e+22         6.10795e+16    5.65807e-01
    1.85542e+22         5.78810e+16    5.57189e-01
    1.94172e+22         5.43269e+16    5.48321e-01
    2.02802e+22         5.03013e+16    5.39107e-01
    2.11432e+22         4.56164e+16    5.29420e-01
    2.15747e+22         4.27690e+16    5.24197e-01
    2.20062e+22         3.95290e+16    5.18668e-01
    2.24377e+22         3.57350e+16    5.12727e-01
    2.26534e+22         3.34125e+16    5.09451e-01
    2.28692e+22         3.07544e+16    5.05923e-01
    2.29771e+22         2.91848e+16    5.03983e-01
    2.30849e+22         2.74406e+16    5.01898e-01
    2.31928e+22         2.54659e+16    4.99598e-01
    2.33007e+22         2.31700e+16    4.96959e-01
    2.33546e+22         2.17814e+16    4.95370e-01
    2.34086e+22         2.02085e+16    4.93544e-01
    2.34625e+22         1.83787e+16    4.91355e-01
    2.34895e+22         1.72716e+16    4.90050e-01
    2.35164e+22         1.60172e+16    4.88553e-01
    2.35434e+22         1.45572e+16    4.86785e-01
    2.35569e+22         1.36723e+16    4.85691e-01
    2.35704e+22         1.26683e+16    4.84417e-01
    2.35839e+22         1.14977e+16    4.82889e-01
    2.35906e+22         1.07861e+16    4.81891e-01
    2.35973e+22         9.97666e+15    4.80698e-01
    2.36041e+22         9.02978e+15    4.79247e-01
    2.36074e+22         8.45126e+15    4.78307e-01
    2.36108e+22         7.79043e+15    4.77193e-01
    2.36142e+22         7.01229e+15    4.75832e-01
    2.36159e+22         6.53186e+15    4.74979e-01
    2.36176e+22         5.97799e+15    4.73978e-01
    2.36184e+22         5.64726e+15    4.73372e-01
    2.36192e+22         5.27662e+15    4.72696e-01
    2.36201e+22         4.85202e+15    4.71919e-01
    2.36205e+22         4.60090e+15    4.71462e-01
    2.36209e+22         4.32160e+15    4.70955e-01
    2.36214e+22         4.00501e+15    4.70384e-01
    2.36218e+22         3.63637e+15    4.69731e-01
    2.36220e+22         3.41277e+15    4.69341e-01
    2.36222e+22         3.15889e+15    4.68904e-01
    2.36224e+22         2.86256e+15    4.68405e-01
    2.36225e+22         2.68213e+15    4.68109e-01
    2.36226e+22         2.47659e+15    4.67778e-01
    2.36227e+22         2.23552e+15    4.67397e-01
    2.36228e+22         2.08759e+15    4.67171e-01
    2.36228e+22         1.91794e+15    4.66917e-01
    2.36229e+22         1.81744e+15    4.66768e-01
    2.36229e+22         1.70552e+15    4.66602e-01
    2.36229e+22         1.57842e+15    4.66413e-01
    2.36229e+22         1.43002e+15    4.66191e-01
    2.36229e+22         1.33961e+15    4.66049e-01
    2.36230e+22         1.23657e+15    4.65870e-01
    2.36230e+22         1.11561e+15    4.65625e-01
    2.36230e+22         1.04128e+15    4.65426e-01
    2.36230e+22         9.55938e+14    4.65155e-01
    2.36230e+22         9.05286e+14    4.64965e-01
    2.36230e+22         8.48793e+14    4.64736e-01
    2.36230e+22         7.84511e+14    4.64453e-01
    2.36230e+22         7.09219e+14    4.64071e-01
    2.36230e+22         6.63100e+14    4.63753e-01
    2.36230e+22         6.10291e+14    4.63302e-01
    2.36230e+22         5.79082e+14    4.62971e-01
    2.36230e+22         5.44376e+14    4.62516e-01
    2.36230e+22         5.05056e+14    4.61895e-01
    2.36230e+22         4.59313e+14    4.61025e-01
    2.36230e+22         4.31603e+14    4.60324e-01
    2.36230e+22         4.00177e+14    4.59359e-01
    2.36230e+22         3.63544e+14    4.57892e-01
    2.36230e+22         3.41296e+14    4.56709e-01
    2.36230e+22         3.16024e+14    4.55203e-01
    2.36230e+22         2.86501e+14    4.53129e-01
    2.36230e+22         2.68515e+14    4.51670e-01
    2.36230e+22         2.48026e+14    4.49914e-01
    2.36230e+22         2.23998e+14    4.47739e-01
    2.36230e+22         2.09258e+14    4.46326e-01
    2.36230e+22         1.92365e+14    4.44668e-01
    2.36230e+22         1.82367e+14    4.43675e-01
    2.36230e+22         1.71241e+14    4.42561e-01
    2.36230e+22         1.58621e+14    4.41291e-01
    2.36230e+22         1.43911e+14    4.39807e-01
    2.36230e+22         1.34975e+14    4.38904e-01
    2.36230e+22         1.24815e+14    4.37877e-01
    2.36230e+22         1.12932e+14    4.36673e-01
    2.36230e+22         1.05674e+14    4.35938e-01
    2.36230e+22         9.73843e+13    4.35095e-01
    2.36230e+22         9.25027e+13    4.34590e-01
    2.36230e+22         8.70914e+13    4.34019e-01
    2.36230e+22         8.09859e+13    4.33361e-01
    2.36230e+22         7.39235e+13    4.32576e-01
    2.36230e+22         6.96841e+13    4.32085e-01
    2.36230e+22         6.49122e+13    4.31519e-01
    2.36230e+22         5.94114e+13    4.30847e-01
    2.36230e+22         5.61265e+13    4.30422e-01
    2.36230e+22         5.24442e+13    4.29924e-01
    2.36230e+22         4.82239e+13    4.29307e-01
    2.36230e+22         4.57262e+13    4.28902e-01
    2.36230e+22         4.29466e+13    4.28419e-01
    2.36230e+22         3.97930e+13    4.27807e-01
    2.36230e+22         3.61158e+13    4.26981e-01
    2.36230e+22         3.38813e+13    4.26397e-01
    2.36230e+22         3.13400e+13    4.25649e-01
    2.36230e+22         2.83671e+13    4.24646e-01
    2.36230e+22         2.65507e+13    4.23925e-01
    2.36230e+22         2.44760e+13    4.23028e-01
    2.36230e+22         2.20329e+13    4.21851e-01
    2.36230e+22         2.05243e+13    4.21031e-01
    2.36230e+22         1.87847e+13    4.20019e-01
    2.36230e+22         1.77457e+13    4.19374e-01
    2.36230e+22         1.65811e+13    4.18622e-01
    2.36230e+22         1.52464e+13    4.17707e-01
    2.36230e+22         1.44564e+13    4.17116e-01
    2.36230e+22         1.35771e+13    4.16414e-01
    2.36230e+22         1.25796e+13    4.15568e-01
    2.36230e+22         1.14166e+13    4.14469e-01
    2.36230e+22         1.07098e+13    4.13702e-01
    2.36230e+22         9.90617e+12    4.12778e-01
    2.36230e+22         8.96624e+12    4.11600e-01
    2.36230e+22         8.39220e+12    4.10815e-01
    2.36230e+22         7.73677e+12    4.09885e-01
    2.36230e+22         6.96532e+12    4.08730e-01
    2.36230e+22         6.48926e+12    4.07978e-01
    2.36230e+22         5.94070e+12    4.07083e-01
    2.36230e+22         5.61338e+12    4.06533e-01
    2.36230e+22         5.24673e+12    4.05905e-01
    2.36230e+22         4.82702e+12    4.05174e-01
    2.36230e+22         4.57905e+12    4.04733e-01
    2.36230e+22         4.30350e+12    4.04237e-01
    2.36230e+22         3.99151e+12    4.03669e-01
    2.36230e+22         3.62883e+12    4.03003e-01
    2.36230e+22         3.40942e+12    4.02595e-01
    2.36230e+22         3.16085e+12    4.02129e-01
    2.36230e+22         2.87164e+12    4.01585e-01
    2.36230e+22         2.69644e+12    4.01253e-01
    2.36230e+22         2.49773e+12    4.00874e-01
    2.36230e+22         2.26614e+12    4.00430e-01
    2.36230e+22         2.12546e+12    4.00159e-01
    2.36230e+22         1.96555e+12    3.99850e-01
    2.36230e+22         1.77854e+12    3.99484e-01
    2.36230e+22         1.66434e+12    3.99255e-01
    2.36230e+22         1.53392e+12    3.98985e-01
    2.36230e+22         1.45714e+12    3.98817e-01
    2.36230e+22         1.37206e+12    3.98624e-01
    2.36230e+22         1.27609e+12    3.98398e-01
    2.36230e+22         1.16513e+12    3.98117e-01
    2.36230e+22         1.09856e+12    3.97926e-01
    2.36230e+22         1.02366e+12    3.97676e-01
    2.36230e+22         9.37365e+11    3.97324e-01
    2.36230e+22         8.85880e+11    3.97047e-01
    2.36230e+22         8.28212e+11    3.96676e-01
    2.36230e+22         7.62199e+11    3.96148e-01
    2.36230e+22         7.23205e+11    3.95762e-01
    2.36230e+22         6.79876e+11    3.95278e-01
    2.36230e+22         6.30827e+11    3.94651e-01
    2.36230e+22         5.73828e+11    3.93819e-01
    2.36230e+22         5.39369e+11    3.93246e-01
    2.36230e+22         5.00356e+11    3.92553e-01
    2.36230e+22         4.55006e+11    3.91687e-01
    2.36230e+22         4.27575e+11    3.91127e-01
    2.36230e+22         3.96499e+11    3.90460e-01
    2.36230e+22         3.60338e+11    3.89624e-01
    2.36230e+22         3.38426e+11    3.89053e-01
    2.36230e+22         3.13573e+11    3.88364e-01
    2.36230e+22         2.84594e+11    3.87442e-01
    2.36230e+22         2.66986e+11    3.86806e-01
    2.36230e+22         2.46969e+11    3.86031e-01
    2.36230e+22         2.23558e+11    3.85021e-01
    2.36230e+22         2.09260e+11    3.84321e-01
    2.36230e+22         1.92937e+11    3.83481e-01
    2.36230e+22         1.73728e+11    3.82424e-01
    2.36230e+22         1.61877e+11    3.81721e-01
    2.36230e+22         1.48225e+11    3.80884e-01
    2.36230e+22         1.40082e+11    3.80359e-01
    2.36230e+22         1.30963e+11    3.79756e-01
    2.36230e+22         1.20530e+11    3.79047e-01
    2.36230e+22         1.14371e+11    3.78614e-01
    2.36230e+22         1.07530e+11    3.78124e-01
    2.36230e+22         9.97902e+10    3.77558e-01
    2.36230e+22         9.08030e+10    3.76888e-01
    2.36230e+22         8.53755e+10    3.76471e-01
    2.36230e+22         7.92358e+10    3.75992e-01
    2.36230e+22         7.21074e+10    3.75426e-01
    2.36230e+22         6.78036e+10    3.75077e-01
    2.36230e+22         6.29360e+10    3.74676e-01
    2.36230e+22         5.72862e+10    3.74204e-01
    2.36230e+22         5.38765e+10    3.73914e-01
    2.36230e+22         5.00216e+10    3.73583e-01
    2.36230e+22         4.55495e+10    3.73193e-01
    2.36230e+22         4.28528e+10    3.72954e-01
    2.36230e+22         3.98059e+10    3.72681e-01
    2.36230e+22         3.62748e+10    3.72361e-01
    2.36230e+22         3.41487e+10    3.72166e-01
    2.36230e+22         3.17497e+10    3.71943e-01
    2.36230e+22         2.89743e+10    3.71683e-01
    2.36230e+22         2.73081e+10    3.71524e-01
    2.36230e+22         2.54323e+10    3.71344e-01
    2.36230e+22         2.32695e+10    3.71135e-01
    2.36230e+22         2.19778e+10    3.71008e-01
    2.36230e+22         2.05298e+10    3.70864e-01
    2.36230e+22         1.88703e+10    3.70699e-01
    2.36230e+22         1.78881e+10    3.70599e-01
    2.36230e+22         1.67952e+10    3.70488e-01
    2.36230e+22         1.55554e+10    3.70360e-01
    2.36230e+22         1.41101e+10    3.70210e-01
    2.36230e+22         1.32317e+10    3.70118e-01
    2.36230e+22         1.22330e+10    3.70012e-01
    2.36230e+22         1.10644e+10    3.69886e-01
    2.36230e+22         1.03502e+10    3.69809e-01
    2.36230e+22         9.53408e+09    3.69719e-01
    2.36230e+22         9.05314e+09    3.69666e-01
    2.36230e+22         8.51975e+09    3.69606e-01
    2.36230e+22         7.91747e+09    3.69538e-01
    2.36230e+22         7.22007e+09    3.69458e-01
    2.36230e+22         6.80076e+09    3.69410e-01
    2.36230e+22         6.32814e+09    3.69355e-01
    2.36230e+22         5.78229e+09    3.69291e-01
    2.36230e+22         5.45541e+09    3.69252e-01
    2.36230e+22         5.08818e+09    3.69208e-01
    2.36230e+22         4.66602e+09    3.69157e-01
    2.36230e+22         4.41502e+09    3.69126e-01
    2.36230e+22         4.13467e+09    3.69091e-01
    2.36230e+22         3.81501e+09    3.69052e-01
    2.36230e+22         3.43954e+09    3.69004e-01
    2.36230e+22         3.20858e+09    3.68975e-01
    2.36230e+22         2.94317e+09    3.68941e-01
    2.36230e+22         2.78545e+09    3.68920e-01
    2.36230e+22         2.60937e+09    3.68897e-01
    2.36230e+22         2.40872e+09    3.68870e-01
    2.36230e+22         2.17324e+09    3.68839e-01
    2.36230e+22         2.02861e+09    3.68819e-01
    2.36230e+22         1.86262e+09    3.68796e-01
    2.36230e+22         1.76417e+09    3.68782e-01
    2.36230e+22         1.65443e+09    3.68767e-01
    2.36230e+22         1.52965e+09    3.68749e-01
    2.36230e+22         1.38367e+09    3.68728e-01
    2.36230e+22         1.29447e+09    3.68716e-01
    2.36230e+22         1.19256e+09    3.68701e-01
    2.36230e+22         1.13252e+09    3.68692e-01
    2.36230e+22         1.06595e+09    3.68682e-01
    2.36230e+22         9.90797e+08    3.68671e-01
    2.36230e+22         9.03815e+08    3.68657e-01
    2.36230e+22         8.51551e+08    3.68649e-01
    2.36230e+22         7.92674e+08    3.68640e-01
    2.36230e+22         7.24726e+08    3.68630e-01
    2.36230e+22         6.84083e+08    3.68623e-01
    2.36230e+22         6.38467e+08    3.68616e-01
    2.36230e+22         5.86100e+08    3.68607e-01
    2.36230e+22         5.55028e+08    3.68602e-01
    2.36230e+22         5.20380e+08    3.68597e-01
    2.36230e+22         4.80965e+08    3.68590e-01
    2.36230e+22         4.34825e+08    3.68582e-01
    2.36230e+22         4.06599e+08    3.68578e-01
    2.36230e+22         3.74318e+08    3.68572e-01
    2.36230e+22         3.55274e+08    3.68569e-01
    2.36230e+22         3.34134e+08    3.68565e-01
    2.36230e+22         3.10233e+08    3.68561e-01
    2.36230e+22         2.82508e+08    3.68556e-01
    2.36230e+22         2.65791e+08    3.68553e-01
    2.36230e+22         2.46905e+08    3.68549e-01
    2.36230e+22         2.25020e+08    3.68545e-01
    2.36230e+22         2.11845e+08    3.68543e-01
    2.36230e+22         1.96981e+08    3.68540e-01
    2.36230e+22         1.79788e+08    3.68537e-01
    2.36230e+22         1.69469e+08    3.68535e-01
    2.36230e+22         1.57855e+08    3.68533e-01
    2.36230e+22         1.44469e+08    3.68530e-01
    2.36230e+22         1.36479e+08    3.68529e-01
    2.36230e+22         1.27525e+08    3.68527e-01
    2.36230e+22         1.17270e+08    3.68525e-01
    2.36230e+22         1.11207e+08    3.68523e-01
    2.36230e+22         1.04464e+08    3.68522e-01
    2.36230e+22         9.68231e+07    3.68520e-01
    2.36230e+22         8.79282e+07    3.68519e-01
    2.36230e+22         8.25355e+07    3.68517e-01
    2.36230e+22         7.64150e+07    3.68516e-01
    2.36230e+22         6.92748e+07    3.68515e-01
    2.36230e+22         6.49308e+07    3.68514e-01
    2.36230e+22         5.99861e+07    3.68513e-01
    2.36230e+22         5.41927e+07    3.68511e-01
    2.36230e+22         5.06436e+07    3.68510e-01
    2.36230e+22         4.65795e+07    3.68510e-01
    2.36230e+22         4.41774e+07    3.68509e-01
    2.36230e+22         4.15070e+07    3.68508e-01
    2.36230e+22         3.84819e+07    3.68508e-01
    2.36230e+22         3.49626e+07    3.68507e-01
    2.36230e+22         3.28308e+07    3.68506e-01
    2.36230e+22         3.04132e+07    3.68506e-01
    2.36230e+22         2.75960e+07    3.68505e-01
    2.36230e+22         2.58851e+07    3.68505e-01
    2.36230e+22         2.39405e+07    3.68504e-01
    2.36230e+22         2.16673e+07    3.68503e-01
    2.36230e+22         2.02796e+07    3.68503e-01
    2.36230e+22         1.86956e+07    3.68503e-01
    2.36230e+22         1.68317e+07    3.68502e-01
    2.36230e+22         1.56820e+07    3.68502e-01
    2.36230e+22         1.43575e+07    3.68502e-01
    2.36230e+22         1.35674e+07    3.68501e-01
    2.36230e+22         1.26826e+07    3.68501e-01
    2.36230e+22         1.16700e+07    3.68501e-01
    2.36230e+22         1.10721e+07    3.68501e-01
    2.36230e+22         1.04079e+07    3.68500e-01
    2.36230e+22         9.65610e+06    3.68500e-01
    2.36230e+22         8.78274e+06    3.68500e-01
    2.36230e+22         8.25489e+06    3.68500e-01
    2.36230e+22         7.65738e+06    3.68500e-01
    2.36230e+22         6.96299e+06    3.68499e-01
    2.36230e+22         6.54308e+06    3.68499e-01
    2.36230e+22         6.06756e+06    3.68499e-01
    2.36230e+22         5.51458e+06    3.68499e-01
    2.36230e+22         5.17986e+06    3.68499e-01
    2.36230e+22         4.80048e+06    3.68499e-01
    2.36230e+22         4.35877e+06    3.68499e-01
    2.36230e+22         4.09088e+06    3.68499e-01
    2.36230e+22         3.78676e+06    3.68498e-01
    2.36230e+22         3.43183e+06    3.68498e-01
    2.36230e+22         3.21576e+06    3.68498e-01
    2.36230e+22         2.96968e+06    3.68498e-01
    2.36230e+22         2.68113e+06    3.68498e-01
    2.36230e+22         2.50412e+06    3.68498e-01
    2.36230e+22         2.30121e+06    3.68498e-01
    2.36230e+22         2.18107e+06    3.68498e-01
    2.36230e+22         2.04734e+06    3.68498e-01
    2.36230e+22         1.89556e+06    3.68498e-01
    2.36230e+22         1.71850e+06    3.68498e-01
    2.36230e+22         1.61079e+06    3.68498e-01
    2.36230e+22         1.48820e+06    3.68498e-01
    2.36230e+22         1.34457e+06    3.68498e-01
    2.36230e+22         1.25660e+06    3.68498e-01
    2.36230e+22         1.15587e+06    3.68498e-01
    2.36230e+22         1.09635e+06    3.68498e-01
    2.36230e+22         1.03019e+06    3.68498e-01
    2.36230e+22         9.55257e+05    3.68497e-01
    2.36230e+22         8.68109e+05    3.68497e-01
    2.36230e+22         8.15348e+05    3.68497e-01
    2.36230e+22         7.55536e+05    3.68497e-01
    2.36230e+22         6.85881e+05    3.68497e-01
    2.36230e+22         6.43619e+05    3.68497e-01
    2.36230e+22         5.95626e+05    3.68497e-01
    2.36230e+22         5.39587e+05    3.68497e-01
    2.36230e+22         5.05446e+05    3.68497e-01
    2.36230e+22         4.66536e+05    3.68497e-01
    2.36230e+22         4.20865e+05    3.68497e-01
    2.36230e+22         3.92805e+05    3.68497e-01
    2.36230e+22         3.60592e+05    3.68497e-01
    2.36230e+22         3.41480e+05    3.68497e-01
    2.36230e+22         3.20168e+05    3.68497e-01
    2.36230e+22         2.95925e+05    3.68497e-01
    2.36230e+22         2.67546e+05    3.68497e-01
    2.36230e+22         2.50188e+05    3.68497e-01
    2.36230e+22         2.30336e+05    3.68497e-01
    2.36230e+22         2.18626e+05    3.68497e-01
    2.36230e+22         2.05628e+05    3.68497e-01
    2.36230e+22         1.90935e+05    3.68497e-01
    2.36230e+22         1.73893e+05    3.68497e-01
    2.36230e+22         1.63620e+05    3.68497e-01
    2.36230e+22         1.52016e+05    3.68497e-01
    2.36230e+22         1.38574e+05    3.68497e-01
    2.36230e+22         1.30485e+05    3.68497e-01
    2.36230e+22         1.21363e+05    3.68497e-01
    2.36230e+22         1.10818e+05    3.68497e-01
    2.36230e+22         1.04494e+05    3.68497e-01
    2.36230e+22         9.73816e+04    3.68497e-01
    2.36230e+22         8.91924e+04    3.68497e-01
    2.36230e+22         8.43113e+04    3.68497e-01
    2.36230e+22         7.88487e+04    3.68497e-01
    2.36230e+22         7.26031e+04    3.68497e-01
    2.36230e+22         6.89199e+04    3.68497e-01
    2.36230e+22         6.48324e+04    3.68497e-01
    2.36230e+22         6.02134e+04    3.68497e-01
    2.36230e+22         5.48585e+04    3.68497e-01
    2.36230e+22         5.16328e+04    3.68497e-01
    2.36230e+22         4.79915e+04    3.68497e-01
    2.36230e+22         4.37767e+04    3.68497e-01
    2.36230e+22         4.12439e+04    3.68497e-01
    2.36230e+22         3.83906e+04    3.68497e-01
    2.36230e+22         3.50973e+04    3.68497e-01
    2.36230e+22         3.31271e+04    3.68497e-01
    2.36230e+22         3.09157e+04    3.68497e-01
    2.36230e+22         2.83765e+04    3.68497e-01
    2.36230e+22         2.68695e+04    3.68497e-01
    2.36230e+22         2.51888e+04    3.68497e-01
    2.36230e+22         2.32763e+04    3.68497e-01
    2.36230e+22         2.10366e+04    3.68497e-01
    2.36230e+22         1.96656e+04    3.68497e-01
    2.36230e+22         1.80968e+04    3.68497e-01
    2.36230e+22         1.71705e+04    3.68497e-01
    2.36230e+22         1.61415e+04    3.68497e-01
    2.36230e+22         1.49772e+04    3.68497e-01
    2.36230e+22         1.36248e+04    3.68497e-01
    2.36230e+22         1.28077e+04    3.68497e-01
    2.36230e+22         1.18831e+04    3.68497e-01
    2.36230e+22         1.08089e+04    3.68497e-01
    2.36230e+22         1.01598e+04    3.68497e-01
    2.36230e+22         9.42506e+03    3.68497e-01
    2.36230e+22         8.57131e+03    3.68497e-01
    2.36230e+22         8.05516e+03    3.68497e-01
    2.36230e+22         7.47075e+03    3.68497e-01
    2.36230e+22         6.79133e+03    3.68497e-01
    2.36230e+22         6.38024e+03    3.68497e-01
    2.36230e+22         5.91448e+03    3.68497e-01
    2.36230e+22         5.37247e+03    3.68497e-01
    2.36230e+22         5.04403e+03    3.68497e-01
    2.36230e+22         4.67142e+03    3.68497e-01
    2.36230e+22         4.23700e+03    3.68497e-01
    2.36230e+22         3.97297e+03    3.68497e-01
    2.36230e+22         3.67268e+03    3.68497e-01
    2.36230e+22         3.32127e+03    3.68497e-01
    2.36230e+22         3.10641e+03    3.68497e-01
    2.36230e+22         2.86081e+03    3.68497e-01
    2.36230e+22         2.71602e+03    3.68497e-01
    2.36230e+22         2.55539e+03    3.68497e-01
    2.36230e+22         2.37391e+03    3.68497e-01
    2.36230e+22         2.16364e+03    3.68497e-01
    2.36230e+22         2.03707e+03    3.68497e-01
    2.36230e+22         1.89429e+03    3.68497e-01
    2.36230e+22         1.72917e+03    3.68497e-01
    2.36230e+22         1.63009e+03    3.68497e-01
    2.36230e+22         1.51860e+03    3.68497e-01
    2.36230e+22         1.39014e+03    3.68497e-01
    2.36230e+22         1.31350e+03    3.68497e-01
    2.36230e+22         1.22764e+03    3.68497e-01
    2.36230e+22         1.12935e+03    3.68497e-01
    2.36230e+22         1.07129e+03    3.68497e-01
    2.36230e+22         1.00675e+03    3.68497e-01
    2.36230e+22         9.33680e+02    3.68497e-01
    2.36230e+22         8.48722e+02    3.68497e-01
    2.36230e+22         7.97313e+02    3.68497e-01
    2.36230e+22         7.39062e+02    3.68497e-01
    2.36230e+22         6.71265e+02    3.68497e-01
    2.36230e+22         6.30174e+02    3.68497e-01
    2.36230e+22         5.83549e+02    3.68497e-01
    2.36230e+22         5.29176e+02    3.68497e-01
    2.36230e+22         4.96115e+02    3.68497e-01
    2.36230e+22         4.58502e+02    3.68497e-01
    2.36230e+22         4.14464e+02    3.68497e-01
    2.36230e+22         3.87518e+02    3.68497e-01
    2.36230e+22         3.56693e+02    3.68497e-01
    2.36230e+22         3.38502e+02    3.68497e-01
    2.36230e+22         3.18303e+02    3.68497e-01
    2.36230e+22         2.95460e+02    3.68497e-01
    2.36230e+22         2.68947e+02    3.68497e-01
    2.36230e+22         2.52949e+02    3.68497e-01
    2.36230e+22         2.34862e+02    3.68497e-01
    2.36230e+22         2.13883e+02    3.68497e-01
    2.36230e+22         2.01234e+02    3.68497e-01
    2.36230e+22         1.86946e+02    3.68497e-01
    2.36230e+22         1.70390e+02    3.68497e-01
    2.36230e+22         1.60425e+02    3.68497e-01
    2.36230e+22         1.49184e+02    3.68497e-01
    2.36230e+22         1.36185e+02    3.68497e-01
    2.36230e+22         1.28385e+02    3.68497e-01
    2.36230e+22         1.19609e+02    3.68497e-01
    2.36230e+22         1.09498e+02    3.68497e-01
    2.36230e+22         1.03466e+02    3.68497e-01
    2.36230e+22         9.67094e+01    3.68497e-01
    2.36230e+22         8.89762e+01    3.68497e-01
    2.36230e+22         8.44083e+01    3.68497e-01
    2.36230e+22         7.93325e+01    3.68497e-01
    2.36230e+22         7.35865e+01    3.68497e-01
    2.36230e+22         6.69081e+01    3.68497e-01
    2.36230e+22         6.28691e+01    3.68497e-01
    2.36230e+22         5.82944e+01    3.68497e-01
    2.36230e+22         5.29735e+01    3.68497e-01
    2.36230e+22         4.97517e+01    3.68497e-01
    2.36230e+22         4.60992e+01    3.68497e-01
    2.36230e+22         4.18450e+01    3.68497e-01
    2.36230e+22         3.92634e+01    3.68497e-01
    2.36230e+22         3.63311e+01    3.68497e-01
    2.36230e+22         3.29064e+01    3.68497e-01
    2.36230e+22         3.08191e+01    3.68497e-01
    2.36230e+22         2.84395e+01    3.68497e-01
    2.36230e+22         2.56449e+01    3.68497e-01
    2.36230e+22         2.39266e+01    3.68497e-01
    2.36230e+22         2.19525e+01    3.68497e-01
    2.36230e+22         2.07800e+01    3.68497e-01
    2.36230e+22         1.94715e+01    3.68497e-01
    2.36230e+22         1.79811e+01    3.68497e-01
    2.36230e+22         1.62334e+01    3.68497e-01
    2.36230e+22         1.51613e+01    3.68497e-01
    2.36230e+22         1.39322e+01    3.68497e-01
    2.36230e+22         1.32045e+01    3.68497e-01
    2.36230e+22         1.23943e+01    3.68497e-01
    2.36230e+22         1.14747e+01    3.68497e-01
    2.36230e+22         1.04019e+01    3.68497e-01
    2.36230e+22         9.74906e+00    3.68497e-01
    2.36230e+22         9.00592e+00    3.68497e-01
    2.36230e+22         8.13507e+00    3.68497e-01
    2.36230e+22         7.60144e+00    3.68497e-01
    2.36230e+22         6.99025e+00    3.68497e-01
    2.36230e+22         6.62888e+00    3.68497e-01
    2.36230e+22         6.22703e+00    3.68497e-01
    2.36230e+22         5.77165e+00    3.68497e-01
    2.36230e+22         5.24157e+00    3.68497e-01
    2.36230e+22         4.92022e+00    3.68497e-01
    2.36230e+22         4.55552e+00    3.68497e-01
    2.36230e+22         4.13008e+00    3.68497e-01
    2.36230e+22         3.87128e+00    3.68497e-01
    2.36230e+22         3.57673e+00    3.68497e-01
    2.36230e+22         3.23166e+00    3.68497e-01
    2.36230e+22         3.02031e+00    3.68497e-01
    2.36230e+22         2.77835e+00    3.68497e-01
    2.36230e+22         2.63538e+00    3.68497e-01
    2.36230e+22         2.47648e+00    3.68497e-01
    2.36230e+22         2.29653e+00    3.68497e-01
    2.36230e+22         2.08727e+00    3.68497e-01
    2.36230e+22         1.96062e+00    3.68497e-01
    2.36230e+22         1.81707e+00    3.68497e-01
    2.36230e+22         1.64994e+00    3.68497e-01
    2.36230e+22         1.54859e+00    3.68497e-01
    2.36230e+22         1.43354e+00    3.68497e-01
    2.36230e+22         1.29928e+00    3.68497e-01
    2.36230e+22         1.21756e+00    3.68497e-01
    2.36230e+22         1.12451e+00    3.68497e-01
    2.36230e+22         1.01541e+00    3.68497e-01
    2.36230e+22         9.48514e-01    3.68497e-01
    2.36230e+22         8.71846e-01    3.68497e-01
    2.36230e+22         8.26474e-01    3.68497e-01
    2.36230e+22         7.75983e-01    3.68497e-01
    2.36230e+22         7.18709e-01    3.68497e-01
    2.36230e+22         6.51942e-01    3.68497e-01
    2.36230e+22         6.11370e-01    3.68497e-01
    2.36230e+22         5.65235e-01    3.68497e-01
    2.36230e+22         5.11262e-01    3.68497e-01
    2.36230e+22         4.78276e-01    3.68497e-01
    2.36230e+22         4.40584e-01    3.68497e-01
    2.36230e+22         4.18376e-01    3.68497e-01
    2.36230e+22         3.93747e-01    3.68497e-01
    2.36230e+22         3.65941e-01    3.68497e-01
    2.36230e+22         3.33748e-01    3.68497e-01
    2.36230e+22         3.14397e-01    3.68497e-01
    2.36230e+22         2.92590e-01    3.68497e-01
    2.36230e+22         2.67411e-01    3.68497e-01
    2.36230e+22         2.52340e-01    3.68497e-01
    2.36230e+22         2.35414e-01    3.68497e-01
    2.36230e+22         2.15967e-01    3.68497e-01
    2.36230e+22         2.04413e-01    3.68497e-01
    2.36230e+22         1.91517e-01    3.68497e-01
    2.36230e+22         1.76825e-01    3.68497e-01
    2.36230e+22         1.59591e-01    3.68497e-01
    2.36230e+22         1.49012e-01    3.68497e-01
    2.36230e+22         1.36877e-01    3.68497e-01
    2.36230e+22         1.29687e-01    3.68497e-01
    2.36230e+22         1.21677e-01    3.68497e-01
    2.36230e+22         1.12577e-01    3.68497e-01
    2.36230e+22         1.01947e-01    3.68497e-01
    2.36230e+22         9.54661e-02    3.68497e-01
    2.36230e+22         8.80752e-02    3.68497e-01
    2.36230e+22         7.93918e-02    3.68497e-01
    2.36230e+22         7.40484e-02    3.68497e-01
    2.36230e+22         6.79060e-02    3.68497e-01
    2.36230e+22         6.42541e-02    3.68497e-01
    2.36230e+22         6.01752e-02    3.68497e-01
    2.36230e+22         5.55247e-02    3.68497e-01
    2.36230e+22         5.00625e-02    3.68497e-01
    2.36230e+22         4.67029e-02    3.68497e-01
    2.36230e+22         4.28426e-02    3.68497e-01
    2.36230e+22         4.05490e-02    3.68497e-01
    2.36230e+22         3.79885e-02    3.68497e-01
    2.36230e+22         3.50713e-02    3.68497e-01
    2.36230e+22         3.16485e-02    3.68497e-01
    2.36230e+22         2.95470e-02    3.68497e-01
    2.36230e+22         2.71358e-02    3.68497e-01
    2.36230e+22         2.57065e-02    3.68497e-01
    2.36230e+22         2.41138e-02    3.68497e-01
    2.36230e+22         2.23038e-02    3.68497e-01
    2.36230e+22         2.01881e-02    3.68497e-01
    2.36230e+22         1.88969e-02    3.68497e-01
    2.36230e+22         1.74232e-02    3.68497e-01
    2.36230e+22         1.56896e-02    3.68497e-01
    2.36230e+22         1.46207e-02    3.68497e-01
    2.36230e+22         1.33898e-02    3.68497e-01
    2.36230e+22         1.26560e-02    3.68497e-01
    2.36230e+22         1.18347e-02    3.68497e-01
    2.36230e+22         1.08953e-02    3.68497e-01
    2.36230e+22         1.03412e-02    3.68497e-01
    2.36230e+22         9.72607e-03    3.68497e-01
    2.36230e+22         9.03069e-03    3.68497e-01
    2.36230e+22         8.22409e-03    3.68497e-01
    2.36230e+22         7.73780e-03    3.68497e-01
    2.36230e+22         7.18848e-03    3.68497e-01
    2.36230e+22         6.55198e-03    3.68497e-01
    2.36230e+22         6.16890e-03    3.68497e-01
    2.36230e+22         5.73676e-03    3.68497e-01
    2.36230e+22         5.23706e-03    3.68497e-01
    2.36230e+22         4.93726e-03    3.68497e-01
    2.36230e+22         4.59995e-03    3.68497e-01
    2.36230e+22         4.21135e-03    3.68497e-01
    2.36230e+22         3.97954e-03    3.68497e-01
    2.36230e+22         3.71993e-03    3.68497e-01
    2.36230e+22         3.42283e-03    3.68497e-01
    2.36230e+22         3.24737e-03    3.68497e-01
    2.36230e+22         3.05243e-03    3.68497e-01
    2.36230e+22         2.83181e-03    3.68497e-01
    2.36230e+22         2.57547e-03    3.68497e-01
    2.36230e+22         2.42051e-03    3.68497e-01
    2.36230e+22         2.24508e-03    3.68497e-01
    2.36230e+22         2.04116e-03    3.68497e-01
    2.36230e+22         1.91782e-03    3.68497e-01
    2.36230e+22         1.77809e-03    3.68497e-01
    2.36230e+22         1.61554e-03    3.68497e-01
    2.36230e+22         1.51709e-03    3.68497e-01
    2.36230e+22         1.40545e-03    3.68497e-01
    2.36230e+22         1.27536e-03    3.68497e-01
    2.36230e+22         1.19637e-03    3.68497e-01
    2.36230e+22         1.10661e-03    3.68497e-01
    2.36230e+22         1.00170e-03    3.68497e-01
    2.36230e+22         9.37675e-04    3.68497e-01
    2.36230e+22         8.64613e-04    3.68497e-01
    2.36230e+22         7.78681e-04    3.68497e-01
    2.36230e+22         7.25708e-04    3.68497e-01
    2.36230e+22         6.64720e-04    3.68497e-01
    2.36230e+22         6.28374e-04    3.68497e-01
    2.36230e+22         5.87701e-04    3.68497e-01
    2.36230e+22         5.41204e-04    3.68497e-01
    2.36230e+22         5.13789e-04    3.68497e-01
    2.36230e+22         4.83371e-04    3.68497e-01
    2.36230e+22         4.49003e-04    3.68497e-01
    2.36230e+22         4.09173e-04    3.68497e-01
    2.36230e+22         3.85192e-04    3.68497e-01
    2.36230e+22         3.58133e-04    3.68497e-01
    2.36230e+22         3.26829e-04    3.68497e-01
    2.36230e+22         3.08036e-04    3.68497e-01
    2.36230e+22         2.86879e-04    3.68497e-01
    2.36230e+22         2.62487e-04    3.68497e-01
    2.36230e+22         2.47919e-04    3.68497e-01
    2.36230e+22         2.31589e-04    3.68497e-01
    2.36230e+22         2.12874e-04    3.68497e-01
    2.36230e+22         2.01799e-04    3.68497e-01
    2.36230e+22         1.89475e-04    3.68497e-01
    2.36230e+22         1.75496e-04    3.68497e-01
    2.36230e+22         1.59201e-04    3.68497e-01
    2.36230e+22         1.49300e-04    3.68497e-01
    2.36230e+22         1.38042e-04    3.68497e-01
    2.36230e+22         1.24874e-04    3.68497e-01
    2.36230e+22         1.16828e-04    3.68497e-01
    2.36230e+22         1.07635e-04    3.68497e-01
    2.36230e+22         1.02220e-04    3.68497e-01
    2.36230e+22         9.62166e-05    3.68497e-01
    2.36230e+22         8.94403e-05    3.68497e-01
    2.36230e+22         8.15982e-05    3.68497e-01
    2.36230e+22         7.68872e-05    3.68497e-01
    2.36230e+22         7.15813e-05    3.68497e-01
    2.36230e+22         6.54596e-05    3.68497e-01
    2.36230e+22         6.17996e-05    3.68497e-01
    2.36230e+22         5.76931e-05    3.68497e-01
    2.36230e+22         5.29813e-05    3.68497e-01
    2.36230e+22         5.01877e-05    3.68497e-01
    2.36230e+22         4.70744e-05    3.68497e-01
    2.36230e+22         4.35357e-05    3.68497e-01
    2.36230e+22         3.93985e-05    3.68497e-01
    2.36230e+22         3.68725e-05    3.68497e-01
    2.36230e+22         3.39887e-05    3.68497e-01
    2.36230e+22         3.05947e-05    3.68497e-01
    2.36230e+22         2.85003e-05    3.68497e-01
    2.36230e+22         2.60868e-05    3.68497e-01
    2.36230e+22         2.46464e-05    3.68497e-01


