              t                   M              a
    1.23833e-21         1.00000e+17    8.00000e-01
    2.47665e-21         1.00000e+17    8.00000e-01
    4.95331e-21         1.00000e+17    8.00000e-01
    9.90662e-21         1.00000e+17    8.00000e-01
    1.98132e-20         1.00000e+17    8.00000e-01
    3.96265e-20         1.00000e+17    8.00000e-01
    7.92530e-20         1.00000e+17    8.00000e-01
    1.58506e-19         1.00000e+17    8.00000e-01
    3.17012e-19         1.00000e+17    8.00000e-01
    6.34024e-19         1.00000e+17    8.00000e-01
    1.26805e-18         1.00000e+17    8.00000e-01
    2.53609e-18         1.00000e+17    8.00000e-01
    5.07219e-18         1.00000e+17    8.00000e-01
    1.01444e-17         1.00000e+17    8.00000e-01
    2.02888e-17         1.00000e+17    8.00000e-01
    4.05775e-17         1.00000e+17    8.00000e-01
    8.11550e-17         1.00000e+17    8.00000e-01
    1.62310e-16         1.00000e+17    8.00000e-01
    3.24620e-16         1.00000e+17    8.00000e-01
    6.49240e-16         1.00000e+17    8.00000e-01
    1.29848e-15         1.00000e+17    8.00000e-01
    2.59696e-15         1.00000e+17    8.00000e-01
    5.19392e-15         1.00000e+17    8.00000e-01
    1.03878e-14         1.00000e+17    8.00000e-01
    2.07757e-14         1.00000e+17    8.00000e-01
    4.15514e-14         1.00000e+17    8.00000e-01
    8.31027e-14         1.00000e+17    8.00000e-01
    1.66205e-13         1.00000e+17    8.00000e-01
    3.32411e-13         1.00000e+17    8.00000e-01
    6.64822e-13         1.00000e+17    8.00000e-01
    1.32964e-12         1.00000e+17    8.00000e-01
    2.65929e-12         1.00000e+17    8.00000e-01
    5.31858e-12         1.00000e+17    8.00000e-01
    1.06372e-11         1.00000e+17    8.00000e-01
    2.12743e-11         1.00000e+17    8.00000e-01
    4.25486e-11         1.00000e+17    8.00000e-01
    8.50972e-11         1.00000e+17    8.00000e-01
    1.70194e-10         1.00000e+17    8.00000e-01
    3.40389e-10         1.00000e+17    8.00000e-01
    6.80778e-10         1.00000e+17    8.00000e-01
    1.36156e-09         1.00000e+17    8.00000e-01
    2.72311e-09         1.00000e+17    8.00000e-01
    5.44622e-09         1.00000e+17    8.00000e-01
    1.08924e-08         1.00000e+17    8.00000e-01
    2.17849e-08         1.00000e+17    8.00000e-01
    4.35698e-08         1.00000e+17    8.00000e-01
    8.71395e-08         1.00000e+17    8.00000e-01
    1.74279e-07         1.00000e+17    8.00000e-01
    3.48558e-07         1.00000e+17    8.00000e-01
    6.97116e-07         1.00000e+17    8.00000e-01
    1.39423e-06         1.00000e+17    8.00000e-01
    2.78847e-06         1.00000e+17    8.00000e-01
    5.57693e-06         1.00000e+17    8.00000e-01
    1.11539e-05         1.00000e+17    8.00000e-01
    2.23077e-05         1.00000e+17    8.00000e-01
    4.46154e-05         1.00000e+17    8.00000e-01
    8.92309e-05         1.00000e+17    8.00000e-01
    1.78462e-04         1.00000e+17    8.00000e-01
    3.56924e-04         1.00000e+17    8.00000e-01
    7.13847e-04         1.00000e+17    8.00000e-01
    1.42769e-03         1.00000e+17    8.00000e-01
    2.85539e-03         1.00000e+17    8.00000e-01
    5.71078e-03         1.00000e+17    8.00000e-01
    1.14216e-02         1.00000e+17    8.00000e-01
    2.28431e-02         1.00000e+17    8.00000e-01
    4.56862e-02         1.00000e+17    8.00000e-01
    9.13724e-02         1.00000e+17    8.00000e-01
    1.82745e-01         1.00000e+17    8.00000e-01
    3.65490e-01         1.00000e+17    8.00000e-01
    7.30979e-01         1.00000e+17    8.00000e-01
    1.46196e+00         1.00000e+17    8.00000e-01
    2.92392e+00         1.00000e+17    8.00000e-01
    5.84784e+00         1.00000e+17    8.00000e-01
    1.16957e+01         1.00000e+17    8.00000e-01
    2.33913e+01         1.00000e+17    8.00000e-01
    4.67827e+01         1.00000e+17    8.00000e-01
    9.35654e+01         1.00000e+17    8.00000e-01
    1.87131e+02         1.00000e+17    8.00000e-01
    3.74261e+02         1.00000e+17    8.00000e-01
    7.48523e+02         1.00000e+17    8.00000e-01
    1.49705e+03         1.00000e+17    8.00000e-01
    2.99409e+03         1.00000e+17    8.00000e-01
    5.98818e+03         1.00000e+17    8.00000e-01
    1.19764e+04         1.00000e+17    8.00000e-01
    2.39527e+04         1.00000e+17    8.00000e-01
    4.79055e+04         1.00000e+17    8.00000e-01
    9.58109e+04         1.00000e+17    8.00000e-01
    1.91622e+05         1.00000e+17    8.00000e-01
    3.83244e+05         1.00000e+17    8.00000e-01
    7.66488e+05         1.00000e+17    8.00000e-01
    1.53298e+06         1.00000e+17    8.00000e-01
    3.06595e+06         1.00000e+17    8.00000e-01
    6.13190e+06         1.00000e+17    8.00000e-01
    1.22638e+07         1.00000e+17    8.00000e-01
    2.45276e+07         1.00000e+17    8.00000e-01
    4.90552e+07         1.00000e+17    8.00000e-01
    9.81104e+07         1.00000e+17    8.00000e-01
    1.96221e+08         1.00000e+17    8.00000e-01
    3.92442e+08         1.00000e+17    8.00000e-01
    7.84883e+08         1.00000e+17    8.00000e-01
    1.56977e+09         1.00000e+17    8.00000e-01
    3.13953e+09         1.00000e+17    8.00000e-01
    6.27907e+09         1.00000e+17    8.00000e-01
    1.25581e+10         1.00000e+17    8.00000e-01
    2.51163e+10         1.00000e+17    8.00000e-01
    5.02325e+10         1.00000e+17    8.00000e-01
    1.00465e+11         1.00000e+17    8.00000e-01
    2.00930e+11         1.00000e+17    8.00000e-01
    4.01860e+11         1.00000e+17    8.00000e-01
    8.03720e+11         1.00000e+17    8.00000e-01
    1.60744e+12         1.00000e+17    8.00000e-01
    3.21488e+12         9.99999e+16    7.99999e-01
    6.42976e+12         9.99999e+16    7.99999e-01
    1.28595e+13         9.99998e+16    7.99997e-01
    2.57191e+13         9.99996e+16    7.99994e-01
    5.14381e+13         9.99992e+16    7.99988e-01
    1.02876e+14         9.99983e+16    7.99977e-01
    2.05752e+14         9.99967e+16    7.99953e-01
    4.11505e+14         9.99933e+16    7.99906e-01
    8.23010e+14         9.99866e+16    7.99812e-01
    1.64602e+15         9.99733e+16    7.99625e-01
    3.29204e+15         9.99466e+16    7.99250e-01
    6.58408e+15         9.98933e+16    7.98502e-01
    1.31682e+16         9.97869e+16    7.97011e-01
    2.63363e+16         9.95753e+16    7.94048e-01
    5.26726e+16         9.91565e+16    7.88198e-01
    1.05345e+17         9.83338e+16    7.76745e-01
    1.58018e+17         9.75282e+16    7.65761e-01
    2.10690e+17         9.67391e+16    7.55232e-01
    2.63363e+17         9.59663e+16    7.45146e-01
    3.16036e+17         9.52005e+16    7.35379e-01
    3.68708e+17         9.44445e+16    7.25873e-01
    4.21381e+17         9.36918e+16    7.16705e-01
    4.74054e+17         9.29439e+16    7.07818e-01
    5.26726e+17         9.21940e+16    6.99196e-01
    5.79399e+17         9.14416e+16    6.90833e-01
    6.32071e+17         9.06865e+16    6.82721e-01
    6.84744e+17         8.99281e+16    6.74856e-01
    7.37417e+17         8.91623e+16    6.67195e-01
    7.90089e+17         8.83868e+16    6.59750e-01
    8.42762e+17         8.76010e+16    6.52514e-01
    8.95435e+17         8.68048e+16    6.45475e-01
    9.48107e+17         8.59966e+16    6.38644e-01
    1.00078e+18         8.51769e+16    6.31927e-01
    1.05345e+18         8.43431e+16    6.25357e-01
    1.10613e+18         8.34941e+16    6.18930e-01
    1.15880e+18         8.26290e+16    6.12645e-01
    1.21147e+18         8.17467e+16    6.06501e-01
    1.26414e+18         8.08449e+16    6.00495e-01
    1.31682e+18         7.99192e+16    5.94643e-01
    1.36949e+18         7.89652e+16    5.88980e-01
    1.42216e+18         7.79865e+16    5.83433e-01
    1.47483e+18         7.69815e+16    5.78001e-01
    1.52751e+18         7.59481e+16    5.72685e-01
    1.58018e+18         7.48881e+16    5.67431e-01
    1.63285e+18         7.37932e+16    5.62283e-01
    1.68552e+18         7.26614e+16    5.57225e-01
    1.73820e+18         7.14889e+16    5.52272e-01
    1.79087e+18         7.02720e+16    5.47427e-01
    1.84354e+18         6.90065e+16    5.42694e-01
    1.89621e+18         6.76872e+16    5.38078e-01
    1.94889e+18         6.63086e+16    5.33582e-01
    2.00156e+18         6.48746e+16    5.29032e-01
    2.05423e+18         6.33653e+16    5.24618e-01
    2.10690e+18         6.17706e+16    5.20351e-01
    2.15958e+18         6.00796e+16    5.16230e-01
    2.21225e+18         5.82783e+16    5.12266e-01
    2.26492e+18         5.63482e+16    5.08484e-01
    2.31760e+18         5.42664e+16    5.04904e-01
    2.37027e+18         5.20086e+16    5.01453e-01
    2.42294e+18         4.95342e+16    4.98179e-01
    2.47561e+18         4.67825e+16    4.95194e-01
    2.52829e+18         4.36646e+16    4.92659e-01
    2.58096e+18         4.00605e+16    4.90437e-01
    2.60729e+18         3.79024e+16    4.89600e-01
    2.63363e+18         3.54793e+16    4.88997e-01
    2.65997e+18         3.27002e+16    4.88700e-01
    2.67314e+18         3.10561e+16    4.88772e-01
    2.68630e+18         2.92297e+16    4.88958e-01
    2.69947e+18         2.71625e+16    4.89335e-01
    2.71264e+18         2.47638e+16    4.89922e-01
    2.71922e+18         2.33171e+16    4.90395e-01
    2.72581e+18         2.16832e+16    4.91003e-01
    2.73239e+18         1.97921e+16    4.91742e-01
    2.73568e+18         1.86558e+16    4.92232e-01
    2.73898e+18         1.73758e+16    4.92819e-01
    2.74227e+18         1.58996e+16    4.93506e-01
    2.74391e+18         1.50175e+16    4.93926e-01
    2.74556e+18         1.40286e+16    4.94394e-01
    2.74721e+18         1.28949e+16    4.94933e-01
    2.74803e+18         1.22239e+16    4.95253e-01
    2.74885e+18         1.14770e+16    4.95604e-01
    2.74968e+18         1.06296e+16    4.95994e-01
    2.75050e+18         9.64169e+15    4.96441e-01
    2.75091e+18         9.04122e+15    4.96704e-01
    2.75132e+18         8.35829e+15    4.96997e-01
    2.75173e+18         7.55917e+15    4.97327e-01
    2.75194e+18         7.07064e+15    4.97520e-01
    2.75214e+18         6.51224e+15    4.97734e-01
    2.75225e+18         6.18311e+15    4.97854e-01
    2.75235e+18         5.81799e+15    4.97985e-01
    2.75245e+18         5.40561e+15    4.98127e-01
    2.75256e+18         4.92791e+15    4.98285e-01
    2.75261e+18         4.64050e+15    4.98375e-01
    2.75266e+18         4.31639e+15    4.98472e-01
    2.75271e+18         3.94178e+15    4.98581e-01
    2.75274e+18         3.71718e+15    4.98642e-01
    2.75276e+18         3.46462e+15    4.98708e-01
    2.75279e+18         3.17390e+15    4.98780e-01
    2.75280e+18         3.00069e+15    4.98821e-01
    2.75281e+18         2.80690e+15    4.98866e-01
    2.75283e+18         2.58544e+15    4.98913e-01
    2.75283e+18         2.45492e+15    4.98940e-01
    2.75284e+18         2.31016e+15    4.98969e-01
    2.75285e+18         2.14668e+15    4.99000e-01
    2.75285e+18         1.95737e+15    4.99034e-01
    2.75286e+18         1.84351e+15    4.99053e-01
    2.75286e+18         1.71516e+15    4.99074e-01
    2.75286e+18         1.56688e+15    4.99097e-01
    2.75286e+18         1.47804e+15    4.99110e-01
    2.75286e+18         1.37820e+15    4.99123e-01
    2.75287e+18         1.26338e+15    4.99139e-01
    2.75287e+18         1.19505e+15    4.99147e-01
    2.75287e+18         1.11869e+15    4.99157e-01
    2.75287e+18         1.03155e+15    4.99167e-01
    2.75287e+18         9.29071e+14    4.99178e-01
    2.75287e+18         8.65902e+14    4.99184e-01
    2.75287e+18         7.93180e+14    4.99191e-01
    2.75287e+18         7.49846e+14    4.99195e-01
    2.75287e+18         7.01358e+14    4.99199e-01
    2.75287e+18         6.45935e+14    4.99203e-01
    2.75287e+18         6.13263e+14    4.99206e-01
    2.75287e+18         5.77018e+14    4.99208e-01
    2.75287e+18         5.36077e+14    4.99211e-01
    2.75287e+18         4.88643e+14    4.99214e-01
    2.75287e+18         4.60098e+14    4.99215e-01
    2.75287e+18         4.27901e+14    4.99217e-01
    2.75287e+18         3.90677e+14    4.99219e-01
    2.75287e+18         3.68349e+14    4.99220e-01
    2.75287e+18         3.43232e+14    4.99221e-01
    2.75287e+18         3.14305e+14    4.99222e-01
    2.75287e+18         2.97057e+14    4.99223e-01
    2.75287e+18         2.77747e+14    4.99223e-01
    2.75287e+18         2.55659e+14    4.99224e-01
    2.75287e+18         2.42625e+14    4.99224e-01
    2.75287e+18         2.28152e+14    4.99224e-01
    2.75287e+18         2.11785e+14    4.99225e-01
    2.75287e+18         1.92790e+14    4.99225e-01
    2.75287e+18         1.81329e+14    4.99225e-01
    2.75287e+18         1.68373e+14    4.99225e-01
    2.75287e+18         1.53347e+14    4.99226e-01
    2.75287e+18         1.44289e+14    4.99226e-01
    2.75287e+18         1.34059e+14    4.99226e-01
    2.75287e+18         1.22207e+14    4.99226e-01
    2.75287e+18         1.15077e+14    4.99226e-01
    2.75287e+18         1.07035e+14    4.99226e-01
    2.75287e+18         9.77391e+13    4.99226e-01
    2.75287e+18         9.21652e+13    4.99226e-01
    2.75287e+18         8.58966e+13    4.99227e-01
    2.75287e+18         7.86797e+13    4.99227e-01
    2.75287e+18         7.43789e+13    4.99227e-01
    2.75287e+18         6.95664e+13    4.99227e-01
    2.75287e+18         6.40650e+13    4.99227e-01
    2.75287e+18         6.08216e+13    4.99227e-01
    2.75287e+18         5.72230e+13    4.99227e-01
    2.75287e+18         5.31577e+13    4.99227e-01
    2.75287e+18         4.84467e+13    4.99227e-01
    2.75287e+18         4.56108e+13    4.99227e-01
    2.75287e+18         4.24114e+13    4.99227e-01
    2.75287e+18         3.87110e+13    4.99226e-01
    2.75287e+18         3.64902e+13    4.99226e-01
    2.75287e+18         3.39908e+13    4.99226e-01
    2.75287e+18         3.11104e+13    4.99226e-01
    2.75287e+18         2.93911e+13    4.99226e-01
    2.75287e+18         2.74648e+13    4.99226e-01
    2.75287e+18         2.52588e+13    4.99226e-01
    2.75287e+18         2.39548e+13    4.99226e-01
    2.75287e+18         2.25049e+13    4.99226e-01
    2.75287e+18         2.08621e+13    4.99226e-01
    2.75287e+18         1.89505e+13    4.99226e-01
    2.75287e+18         1.77921e+13    4.99226e-01
    2.75287e+18         1.64780e+13    4.99226e-01
    2.75287e+18         1.49459e+13    4.99225e-01
    2.75287e+18         1.40148e+13    4.99225e-01
    2.75287e+18         1.29558e+13    4.99225e-01
    2.75287e+18         1.17166e+13    4.99225e-01
    2.75287e+18         1.09590e+13    4.99225e-01
    2.75287e+18         1.00931e+13    4.99226e-01
    2.75287e+18         9.58261e+12    4.99226e-01
    2.75287e+18         9.01633e+12    4.99226e-01
    2.75287e+18         8.37667e+12    4.99226e-01
    2.75287e+18         7.63560e+12    4.99226e-01
    2.75287e+18         7.18964e+12    4.99226e-01
    2.75287e+18         6.68665e+12    4.99226e-01
    2.75287e+18         6.10514e+12    4.99226e-01
    2.75287e+18         5.75636e+12    4.99226e-01
    2.75287e+18         5.36403e+12    4.99226e-01
    2.75287e+18         4.91221e+12    4.99227e-01
    2.75287e+18         4.64284e+12    4.99227e-01
    2.75287e+18         4.34129e+12    4.99227e-01
    2.75287e+18         3.99641e+12    4.99227e-01
    2.75287e+18         3.79292e+12    4.99227e-01
    2.75287e+18         3.56700e+12    4.99227e-01
    2.75287e+18         3.31157e+12    4.99227e-01
    2.75287e+18         3.01521e+12    4.99227e-01
    2.75287e+18         2.83647e+12    4.99227e-01
    2.75287e+18         2.63450e+12    4.99227e-01
    2.75287e+18         2.40037e+12    4.99227e-01
    2.75287e+18         2.25935e+12    4.99227e-01
    2.75287e+18         2.10018e+12    4.99227e-01
    2.75287e+18         1.91598e+12    4.99227e-01
    2.75287e+18         1.80531e+12    4.99227e-01
    2.75287e+18         1.68066e+12    4.99227e-01
    2.75287e+18         1.53683e+12    4.99227e-01
    2.75287e+18         1.45083e+12    4.99227e-01
    2.75287e+18         1.35433e+12    4.99227e-01
    2.75287e+18         1.24359e+12    4.99227e-01
    2.75287e+18         1.17792e+12    4.99227e-01
    2.75287e+18         1.10472e+12    4.99227e-01
    2.75287e+18         1.02150e+12    4.99227e-01
    2.75287e+18         9.24164e+11    4.99227e-01
    2.75287e+18         8.64706e+11    4.99226e-01
    2.75287e+18         7.96791e+11    4.99226e-01
    2.75287e+18         7.56798e+11    4.99226e-01
    2.75287e+18         7.12466e+11    4.99226e-01
    2.75287e+18         6.62445e+11    4.99226e-01
    2.75287e+18         6.04586e+11    4.99226e-01
    2.75287e+18         5.69854e+11    4.99226e-01
    2.75287e+18         5.30759e+11    4.99226e-01
    2.75287e+18         4.85693e+11    4.99226e-01
    2.75287e+18         4.58784e+11    4.99225e-01
    2.75287e+18         4.28627e+11    4.99225e-01
    2.75287e+18         3.94076e+11    4.99225e-01
    2.75287e+18         3.73639e+11    4.99225e-01
    2.75287e+18         3.50904e+11    4.99225e-01
    2.75287e+18         3.25129e+11    4.99225e-01
    2.75287e+18         2.95104e+11    4.99225e-01
    2.75287e+18         2.76882e+11    4.99225e-01
    2.75287e+18         2.56182e+11    4.99225e-01
    2.75287e+18         2.32002e+11    4.99224e-01
    2.75287e+18         2.17261e+11    4.99224e-01
    2.75287e+18         2.00451e+11    4.99224e-01
    2.75287e+18         1.80704e+11    4.99224e-01
    2.75287e+18         1.68554e+11    4.99224e-01
    2.75287e+18         1.54590e+11    4.99224e-01
    2.75287e+18         1.46290e+11    4.99224e-01
    2.75287e+18         1.37020e+11    4.99224e-01
    2.75287e+18         1.26455e+11    4.99224e-01
    2.75287e+18         1.14050e+11    4.99224e-01
    2.75287e+18         1.06425e+11    4.99223e-01
    2.75287e+18         9.76679e+10    4.99223e-01
    2.75287e+18         9.24691e+10    4.99223e-01
    2.75287e+18         8.66693e+10    4.99223e-01
    2.75287e+18         8.00673e+10    4.99223e-01
    2.75287e+18         7.23317e+10    4.99223e-01
    2.75287e+18         6.75923e+10    4.99223e-01
    2.75287e+18         6.21651e+10    4.99223e-01
    2.75287e+18         5.89570e+10    4.99223e-01
    2.75287e+18         5.53902e+10    4.99223e-01
    2.75287e+18         5.13493e+10    4.99223e-01
    2.75287e+18         4.66473e+10    4.99223e-01
    2.75287e+18         4.37985e+10    4.99223e-01
    2.75287e+18         4.05671e+10    4.99223e-01
    2.75287e+18         3.68003e+10    4.99223e-01
    2.75287e+18         3.45117e+10    4.99223e-01
    2.75287e+18         3.19094e+10    4.99223e-01
    2.75287e+18         2.88654e+10    4.99223e-01
    2.75287e+18         2.70054e+10    4.99223e-01
    2.75287e+18         2.48805e+10    4.99223e-01
    2.75287e+18         2.36287e+10    4.99223e-01
    2.75287e+18         2.22409e+10    4.99223e-01
    2.75287e+18         2.06744e+10    4.99223e-01
    2.75287e+18         1.88616e+10    4.99223e-01
    2.75287e+18         1.77726e+10    4.99223e-01
    2.75287e+18         1.65460e+10    4.99223e-01
    2.75287e+18         1.51308e+10    4.99223e-01
    2.75287e+18         1.42847e+10    4.99223e-01
    2.75287e+18         1.33353e+10    4.99223e-01
    2.75287e+18         1.22460e+10    4.99223e-01
    2.75287e+18         1.16001e+10    4.99223e-01
    2.75287e+18         1.08803e+10    4.99223e-01
    2.75287e+18         1.00622e+10    4.99223e-01
    2.75287e+18         9.10552e+09    4.99223e-01
    2.75287e+18         8.52140e+09    4.99223e-01
    2.75287e+18         7.85447e+09    4.99223e-01
    2.75287e+18         7.06947e+09    4.99223e-01
    2.75287e+18         6.58496e+09    4.99223e-01
    2.75287e+18         6.02653e+09    4.99223e-01
    2.75287e+18         5.69317e+09    4.99223e-01
    2.75287e+18         5.31963e+09    4.99223e-01
    2.75287e+18         4.89179e+09    4.99223e-01
    2.75287e+18         4.63881e+09    4.99223e-01
    2.75287e+18         4.35749e+09    4.99223e-01
    2.75287e+18         4.03867e+09    4.99223e-01
    2.75287e+18         3.66754e+09    4.99223e-01
    2.75287e+18         3.44251e+09    4.99223e-01
    2.75287e+18         3.18710e+09    4.99223e-01
    2.75287e+18         2.88911e+09    4.99223e-01
    2.75287e+18         2.70780e+09    4.99223e-01
    2.75287e+18         2.50140e+09    4.99223e-01
    2.75287e+18         2.25952e+09    4.99223e-01
    2.75287e+18         2.11131e+09    4.99223e-01
    2.75287e+18         1.94155e+09    4.99223e-01
    2.75287e+18         1.84118e+09    4.99223e-01
    2.75287e+18         1.72957e+09    4.99223e-01
    2.75287e+18         1.60310e+09    4.99223e-01
    2.75287e+18         1.45587e+09    4.99223e-01
    2.75287e+18         1.36662e+09    4.99223e-01
    2.75287e+18         1.26533e+09    4.99223e-01
    2.75287e+18         1.14717e+09    4.99223e-01
    2.75287e+18         1.07530e+09    4.99223e-01
    2.75287e+18         9.93493e+08    4.99223e-01
    2.75287e+18         8.97662e+08    4.99223e-01
    2.75287e+18         8.38970e+08    4.99223e-01
    2.75287e+18         7.71779e+08    4.99223e-01
    2.75287e+18         7.32079e+08    4.99223e-01
    2.75287e+18         6.87957e+08    4.99223e-01
    2.75287e+18         6.37993e+08    4.99223e-01
    2.75287e+18         5.79898e+08    4.99223e-01
    2.75287e+18         5.44738e+08    4.99223e-01
    2.75287e+18         5.04894e+08    4.99223e-01
    2.75287e+18         4.58512e+08    4.99223e-01
    2.75287e+18         4.30392e+08    4.99223e-01
    2.75287e+18         3.98478e+08    4.99223e-01
    2.75287e+18         3.61246e+08    4.99223e-01
    2.75287e+18         3.38596e+08    4.99223e-01
    2.75287e+18         3.12814e+08    4.99223e-01
    2.75287e+18         2.82606e+08    4.99223e-01
    2.75287e+18         2.64101e+08    4.99223e-01
    2.75287e+18         2.42912e+08    4.99223e-01
    2.75287e+18         2.30388e+08    4.99223e-01
    2.75287e+18         2.16466e+08    4.99223e-01
    2.75287e+18         2.00696e+08    4.99223e-01
    2.75287e+18         1.82349e+08    4.99223e-01
    2.75287e+18         1.71237e+08    4.99223e-01
    2.75287e+18         1.58637e+08    4.99223e-01
    2.75287e+18         1.43955e+08    4.99223e-01
    2.75287e+18         1.35040e+08    4.99223e-01
    2.75287e+18         1.24909e+08    4.99223e-01
    2.75287e+18         1.13068e+08    4.99223e-01
    2.75287e+18         1.05843e+08    4.99223e-01
    2.75287e+18         9.75976e+07    4.99223e-01
    2.75287e+18         8.79002e+07    4.99223e-01
    2.75287e+18         8.19226e+07    4.99223e-01
    2.75287e+18         7.50409e+07    4.99223e-01
    2.75287e+18         7.09400e+07    4.99223e-01
    2.75287e+18         6.63512e+07    4.99223e-01
    2.75287e+18         6.11059e+07    4.99223e-01
    2.75287e+18         5.80136e+07    4.99223e-01
    2.75287e+18         5.45828e+07    4.99223e-01
    2.75287e+18         5.07073e+07    4.99223e-01
    2.75287e+18         4.62167e+07    4.99223e-01
    2.75287e+18         4.35139e+07    4.99223e-01
    2.75287e+18         4.04648e+07    4.99223e-01
    2.75287e+18         3.69390e+07    4.99223e-01
    2.75287e+18         3.48235e+07    4.99223e-01
    2.75287e+18         3.24432e+07    4.99223e-01
    2.75287e+18         2.97007e+07    4.99223e-01
    2.75287e+18         2.80646e+07    4.99223e-01
    2.75287e+18         2.62321e+07    4.99223e-01
    2.75287e+18         2.41347e+07    4.99223e-01
    2.75287e+18         2.28958e+07    4.99223e-01
    2.75287e+18         2.15191e+07    4.99223e-01
    2.75287e+18         1.99608e+07    4.99223e-01
    2.75287e+18         1.81495e+07    4.99223e-01
    2.75287e+18         1.70542e+07    4.99223e-01
    2.75287e+18         1.58136e+07    4.99223e-01
    2.75287e+18         1.43707e+07    4.99223e-01
    2.75287e+18         1.34971e+07    4.99223e-01
    2.75287e+18         1.25067e+07    4.99223e-01
    2.75287e+18         1.13533e+07    4.99223e-01
    2.75287e+18         1.06535e+07    4.99223e-01
    2.75287e+18         9.85870e+06    4.99223e-01
    2.75287e+18         8.93059e+06    4.99223e-01
    2.75287e+18         8.36508e+06    4.99223e-01
    2.75287e+18         7.72052e+06    4.99223e-01
    2.75287e+18         6.96384e+06    4.99223e-01
    2.75287e+18         6.49881e+06    4.99223e-01
    2.75287e+18         5.96485e+06    4.99223e-01
    2.75287e+18         5.64793e+06    4.99223e-01
    2.75287e+18         5.29445e+06    4.99223e-01
    2.75287e+18         4.89219e+06    4.99223e-01
    2.75287e+18         4.42107e+06    4.99223e-01
    2.75287e+18         4.13262e+06    4.99223e-01
    2.75287e+18         3.80251e+06    4.99223e-01
    2.75287e+18         3.60755e+06    4.99223e-01
    2.75287e+18         3.39095e+06    4.99223e-01
    2.75287e+18         3.14579e+06    4.99223e-01
    2.75287e+18         2.86094e+06    4.99223e-01
    2.75287e+18         2.68873e+06    4.99223e-01
    2.75287e+18         2.49377e+06    4.99223e-01
    2.75287e+18         2.26712e+06    4.99223e-01
    2.75287e+18         2.13001e+06    4.99223e-01
    2.75287e+18         1.97468e+06    4.99223e-01
    2.75287e+18         1.79395e+06    4.99223e-01
    2.75287e+18         1.68446e+06    4.99223e-01
    2.75287e+18         1.56027e+06    4.99223e-01
    2.75287e+18         1.41553e+06    4.99223e-01
    2.75287e+18         1.32760e+06    4.99223e-01
    2.75287e+18         1.22764e+06    4.99223e-01
    2.75287e+18         1.11073e+06    4.99223e-01
    2.75287e+18         1.03933e+06    4.99223e-01
    2.75287e+18         9.57781e+05    4.99223e-01
    2.75287e+18         9.09767e+05    4.99223e-01
    2.75287e+18         8.56550e+05    4.99223e-01
    2.75287e+18         7.96516e+05    4.99223e-01
    2.75287e+18         7.27091e+05    4.99223e-01
    2.75287e+18         6.85433e+05    4.99223e-01
    2.75287e+18         6.38557e+05    4.99223e-01
    2.75287e+18         5.84547e+05    4.99223e-01
    2.75287e+18         5.52321e+05    4.99223e-01
    2.75287e+18         5.16225e+05    4.99223e-01
    2.75287e+18         4.74904e+05    4.99223e-01
    2.75287e+18         4.50492e+05    4.99223e-01
    2.75287e+18         4.23363e+05    4.99223e-01
    2.75287e+18         3.92645e+05    4.99223e-01
    2.75287e+18         3.56933e+05    4.99223e-01
    2.75287e+18         3.35325e+05    4.99223e-01
    2.75287e+18         3.10842e+05    4.99223e-01
    2.75287e+18         2.82351e+05    4.99223e-01
    2.75287e+18         2.65086e+05    4.99223e-01
    2.75287e+18         2.45498e+05    4.99223e-01
    2.75287e+18         2.22660e+05    4.99223e-01
    2.75287e+18         2.08779e+05    4.99223e-01
    2.75287e+18         1.92990e+05    4.99223e-01
    2.75287e+18         1.74512e+05    4.99223e-01
    2.75287e+18         1.63212e+05    4.99223e-01
    2.75287e+18         1.50295e+05    4.99223e-01
    2.75287e+18         1.42678e+05    4.99223e-01
    2.75287e+18         1.34226e+05    4.99223e-01
    2.75287e+18         1.24676e+05    4.99223e-01
    2.75287e+18         1.13607e+05    4.99223e-01
    2.75287e+18         1.06942e+05    4.99223e-01
    2.75287e+18         9.94199e+04    4.99223e-01
    2.75287e+18         9.07166e+04    4.99223e-01
    2.75287e+18         8.54898e+04    4.99223e-01
    2.75287e+18         7.96044e+04    4.99223e-01
    2.75287e+18         7.28165e+04    4.99223e-01
    2.75287e+18         6.87604e+04    4.99223e-01
    2.75287e+18         6.42116e+04    4.99223e-01
    2.75287e+18         5.89954e+04    4.99223e-01
    2.75287e+18         5.59058e+04    4.99223e-01
    2.75287e+18         5.24652e+04    4.99223e-01
    2.75287e+18         4.85586e+04    4.99223e-01
    2.75287e+18         4.39981e+04    4.99223e-01
    2.75287e+18         4.12206e+04    4.99223e-01
    2.75287e+18         3.80562e+04    4.99223e-01
    2.75287e+18         3.43437e+04    4.99223e-01
    2.75287e+18         3.20645e+04    4.99223e-01
    2.75287e+18         2.94497e+04    4.99223e-01
    2.75287e+18         2.78999e+04    4.99223e-01
    2.75287e+18         2.61730e+04    4.99223e-01
    2.75287e+18         2.42108e+04    4.99223e-01
    2.75287e+18         2.19176e+04    4.99223e-01
    2.75287e+18         2.05186e+04    4.99223e-01
    2.75287e+18         1.89222e+04    4.99223e-01
    2.75287e+18         1.70451e+04    4.99223e-01
    2.75287e+18         1.58885e+04    4.99223e-01
    2.75287e+18         1.45573e+04    4.99223e-01
    2.75287e+18         1.37644e+04    4.99223e-01
    2.75287e+18         1.28776e+04    4.99223e-01
    2.75287e+18         1.18644e+04    4.99223e-01
    2.75287e+18         1.12676e+04    4.99223e-01
    2.75287e+18         1.06058e+04    4.99223e-01
    2.75287e+18         9.85898e+03    4.99223e-01
    2.75287e+18         8.99467e+03    4.99223e-01
    2.75287e+18         8.47547e+03    4.99223e-01
    2.75287e+18         7.89070e+03    4.99223e-01
    2.75287e+18         7.21606e+03    4.99223e-01
    2.75287e+18         6.81272e+03    4.99223e-01
    2.75287e+18         6.36020e+03    4.99223e-01
    2.75287e+18         5.84100e+03    4.99223e-01
    2.75287e+18         5.53320e+03    4.99223e-01
    2.75287e+18         5.19020e+03    4.99223e-01
    2.75287e+18         4.80037e+03    4.99223e-01
    2.75287e+18         4.34465e+03    4.99223e-01
    2.75287e+18         4.06649e+03    4.99223e-01
    2.75287e+18         3.74896e+03    4.99223e-01
    2.75287e+18         3.37537e+03    4.99223e-01
    2.75287e+18         3.14494e+03    4.99223e-01
    2.75287e+18         2.87951e+03    4.99223e-01
    2.75287e+18         2.72119e+03    4.99223e-01
    2.75287e+18         2.54392e+03    4.99223e-01
    2.75287e+18         2.34108e+03    4.99223e-01
    2.75287e+18         2.22133e+03    4.99223e-01
    2.75287e+18         2.08831e+03    4.99223e-01
    2.75287e+18         1.93781e+03    4.99223e-01
    2.75287e+18         1.76303e+03    4.99223e-01
    2.75287e+18         1.65745e+03    4.99223e-01
    2.75287e+18         1.53800e+03    4.99223e-01
    2.75287e+18         1.39926e+03    4.99223e-01
    2.75287e+18         1.31546e+03    4.99223e-01
    2.75287e+18         1.22063e+03    4.99223e-01
    2.75287e+18         1.11051e+03    4.99223e-01
    2.75287e+18         1.04398e+03    4.99223e-01
    2.75287e+18         9.68703e+02    4.99223e-01
    2.75287e+18         8.81275e+02    4.99223e-01
    2.75287e+18         8.28457e+02    4.99223e-01
    2.75287e+18         7.68689e+02    4.99223e-01
    2.75287e+18         6.99266e+02    4.99223e-01
    2.75287e+18         6.57320e+02    4.99223e-01
    2.75287e+18         6.09850e+02    4.99223e-01
    2.75287e+18         5.54702e+02    4.99223e-01
    2.75287e+18         5.21372e+02    4.99223e-01
    2.75287e+18         4.83646e+02    4.99223e-01
    2.75287e+18         4.39803e+02    4.99223e-01
    2.75287e+18         4.13294e+02    4.99223e-01
    2.75287e+18         3.83275e+02    4.99223e-01
    2.75287e+18         3.48370e+02    4.99223e-01
    2.75287e+18         3.27244e+02    4.99223e-01
    2.75287e+18         3.03303e+02    4.99223e-01
    2.75287e+18         2.75434e+02    4.99223e-01
    2.75287e+18         2.58536e+02    4.99223e-01
    2.75287e+18         2.39358e+02    4.99223e-01
    2.75287e+18         2.16983e+02    4.99223e-01
    2.75287e+18         2.03369e+02    4.99223e-01
    2.75287e+18         1.87872e+02    4.99223e-01
    2.75287e+18         1.69712e+02    4.99223e-01
    2.75287e+18         1.58586e+02    4.99223e-01
    2.75287e+18         1.45843e+02    4.99223e-01
    2.75287e+18         1.38309e+02    4.99223e-01
    2.75287e+18         1.29933e+02    4.99223e-01
    2.75287e+18         1.20442e+02    4.99223e-01
    2.75287e+18         1.09395e+02    4.99223e-01
    2.75287e+18         1.02701e+02    4.99223e-01
    2.75287e+18         9.51045e+01    4.99223e-01
    2.75287e+18         8.62466e+01    4.99223e-01
    2.75287e+18         8.08611e+01    4.99223e-01
    2.75287e+18         7.47344e+01    4.99223e-01
    2.75287e+18         6.75620e+01    4.99223e-01
    2.75287e+18         6.31740e+01    4.99223e-01
    2.75287e+18         5.81552e+01    4.99223e-01
    2.75287e+18         5.51940e+01    4.99223e-01
    2.75287e+18         5.19065e+01    4.99223e-01
    2.75287e+18         4.81895e+01    4.99223e-01
    2.75287e+18         4.38768e+01    4.99223e-01
    2.75287e+18         4.12758e+01    4.99223e-01
    2.75287e+18         3.83366e+01    4.99223e-01
    2.75287e+18         3.49295e+01    4.99223e-01
    2.75287e+18         3.28774e+01    4.99223e-01
    2.75287e+18         3.05611e+01    4.99223e-01
    2.75287e+18         2.78805e+01    4.99223e-01
    2.75287e+18         2.62700e+01    4.99223e-01
    2.75287e+18         2.44560e+01    4.99223e-01
    2.75287e+18         2.23629e+01    4.99223e-01
    2.75287e+18         2.11113e+01    4.99223e-01
    2.75287e+18         1.97069e+01    4.99223e-01
    2.75287e+18         1.80951e+01    4.99223e-01
    2.75287e+18         1.71393e+01    4.99223e-01
    2.75287e+18         1.60739e+01    4.99223e-01
    2.75287e+18         1.48627e+01    4.99223e-01
    2.75287e+18         1.34459e+01    4.99223e-01
    2.75287e+18         1.25803e+01    4.99223e-01
    2.75287e+18         1.15916e+01    4.99223e-01
    2.75287e+18         1.10093e+01    4.99223e-01
    2.75287e+18         1.03638e+01    4.99223e-01
    2.75287e+18         9.63530e+00    4.99223e-01
    2.75287e+18         8.79254e+00    4.99223e-01
    2.75287e+18         8.28651e+00    4.99223e-01
    2.75287e+18         7.71679e+00    4.99223e-01
    2.75287e+18         7.05984e+00    4.99223e-01
    2.75287e+18         6.66738e+00    4.99223e-01
    2.75287e+18         6.22737e+00    4.99223e-01
    2.75287e+18         5.72298e+00    4.99223e-01
    2.75287e+18         5.42438e+00    4.99223e-01
    2.75287e+18         5.09199e+00    4.99223e-01
    2.75287e+18         4.71479e+00    4.99223e-01
    2.75287e+18         4.27482e+00    4.99223e-01
    2.75287e+18         4.00722e+00    4.99223e-01
    2.75287e+18         3.70270e+00    4.99223e-01
    2.75287e+18         3.34601e+00    4.99223e-01
    2.75287e+18         3.12763e+00    4.99223e-01
    2.75287e+18         2.87767e+00    4.99223e-01
    2.75287e+18         2.73004e+00    4.99223e-01
    2.75287e+18         2.56602e+00    4.99223e-01
    2.75287e+18         2.38035e+00    4.99223e-01
    2.75287e+18         2.16459e+00    4.99223e-01
    2.75287e+18         2.03413e+00    4.99223e-01
    2.75287e+18         1.88640e+00    4.99223e-01
    2.75287e+18         1.71462e+00    4.99223e-01
    2.75287e+18         1.61067e+00    4.99223e-01
    2.75287e+18         1.49286e+00    4.99223e-01
    2.75287e+18         1.35572e+00    4.99223e-01
    2.75287e+18         1.27257e+00    4.99223e-01
    2.75287e+18         1.17821e+00    4.99223e-01
    2.75287e+18         1.06813e+00    4.99223e-01
    2.75287e+18         1.00116e+00    4.99223e-01
    2.75287e+18         9.24926e-01    4.99223e-01
    2.75287e+18         8.35612e-01    4.99223e-01
    2.75287e+18         7.80898e-01    4.99223e-01
    2.75287e+18         7.18249e-01    4.99223e-01
    2.75287e+18         6.81221e-01    4.99223e-01
    2.75287e+18         6.40059e-01    4.99223e-01
    2.75287e+18         5.93432e-01    4.99223e-01
    2.75287e+18         5.39190e-01    4.99223e-01
    2.75287e+18         5.06338e-01    4.99223e-01
    2.75287e+18         4.69085e-01    4.99223e-01
    2.75287e+18         4.25680e-01    4.99223e-01
    2.75287e+18         3.99326e-01    4.99223e-01
    2.75287e+18         3.69378e-01    4.99223e-01
    2.75287e+18         3.34378e-01    4.99223e-01
    2.75287e+18         3.13022e-01    4.99223e-01
    2.75287e+18         2.88653e-01    4.99223e-01
    2.75287e+18         2.59996e-01    4.99223e-01
    2.75287e+18         2.42335e-01    4.99223e-01
    2.75287e+18         2.22006e-01    4.99223e-01
    2.75287e+18         2.09894e-01    4.99223e-01
    2.75287e+18         1.96345e-01    4.99223e-01
    2.75287e+18         1.80860e-01    4.99223e-01
    2.75287e+18         1.71736e-01    4.99223e-01
    2.75287e+18         1.61616e-01    4.99223e-01
    2.75287e+18         1.50189e-01    4.99223e-01
    2.75287e+18         1.36957e-01    4.99223e-01
    2.75287e+18         1.29001e-01    4.99223e-01
    2.75287e+18         1.20034e-01    4.99223e-01
    2.75287e+18         1.09676e-01    4.99223e-01
    2.75287e+18         1.03473e-01    4.99223e-01
    2.75287e+18         9.65038e-02    4.99223e-01
    2.75287e+18         8.84917e-02    4.99223e-01
    2.75287e+18         8.37274e-02    4.99223e-01
    2.75287e+18         7.84054e-02    4.99223e-01
    2.75287e+18         7.23365e-02    4.99223e-01
    2.75287e+18         6.52064e-02    4.99223e-01
    2.75287e+18         6.08192e-02    4.99223e-01
    2.75287e+18         5.57761e-02    4.99223e-01
    2.75287e+18         5.27780e-02    4.99223e-01
    2.75287e+18         4.94295e-02    4.99223e-01
    2.75287e+18         4.56121e-02    4.99223e-01
    2.75287e+18         4.11289e-02    4.99223e-01
    2.75287e+18         3.83720e-02    4.99223e-01
    2.75287e+18         3.52047e-02    4.99223e-01
    2.75287e+18         3.33233e-02    4.99223e-01
    2.75287e+18         3.12235e-02    4.99223e-01
    2.75287e+18         2.88317e-02    4.99223e-01
    2.75287e+18         2.60266e-02    4.99223e-01
    2.75287e+18         2.43055e-02    4.99223e-01
    2.75287e+18         2.23319e-02    4.99223e-01
    2.75287e+18         2.11630e-02    4.99223e-01
    2.75287e+18         1.98614e-02    4.99223e-01
    2.75287e+18         1.83837e-02    4.99223e-01
    2.75287e+18         1.66588e-02    4.99223e-01
    2.75287e+18         1.56085e-02    4.99223e-01
    2.75287e+18         1.44121e-02    4.99223e-01
    2.75287e+18         1.30088e-02    4.99223e-01
    2.75287e+18         1.21476e-02    4.99223e-01
    2.75287e+18         1.11600e-02    4.99223e-01
    2.75287e+18         1.05750e-02    4.99223e-01
    2.75287e+18         9.92339e-03    4.99223e-01
    2.75287e+18         9.18342e-03    4.99223e-01
    2.75287e+18         8.31939e-03    4.99223e-01
    2.75287e+18         7.79298e-03    4.99223e-01
    2.75287e+18         7.19305e-03    4.99223e-01
    2.75287e+18         6.48888e-03    4.99223e-01
    2.75287e+18         6.05623e-03    4.99223e-01
    2.75287e+18         5.55956e-03    4.99223e-01
    2.75287e+18         5.26487e-03    4.99223e-01
    2.75287e+18         4.93626e-03    4.99223e-01
    2.75287e+18         4.56246e-03    4.99223e-01
    2.75287e+18         4.12489e-03    4.99223e-01
    2.75287e+18         3.85722e-03    4.99223e-01
    2.75287e+18         3.55112e-03    4.99223e-01
    2.75287e+18         3.37054e-03    4.99223e-01
    2.75287e+18         3.17010e-03    4.99223e-01
    2.75287e+18         2.94351e-03    4.99223e-01
    2.75287e+18         2.68070e-03    4.99223e-01
    2.75287e+18         2.52226e-03    4.99223e-01
    2.75287e+18         2.34329e-03    4.99223e-01
    2.75287e+18         2.13594e-03    4.99223e-01
    2.75287e+18         2.01116e-03    4.99223e-01
    2.75287e+18         1.87041e-03    4.99223e-01
    2.75287e+18         1.70769e-03    4.99223e-01
    2.75287e+18         1.61008e-03    4.99223e-01
    2.75287e+18         1.50028e-03    4.99223e-01
    2.75287e+18         1.37382e-03    4.99223e-01
    2.75287e+18         1.29842e-03    4.99223e-01
    2.75287e+18         1.21400e-03    4.99223e-01
    2.75287e+18         1.11743e-03    4.99223e-01
    2.75287e+18         1.06045e-03    4.99223e-01
    2.75287e+18         9.97166e-04    4.99223e-01
    2.75287e+18         9.25601e-04    4.99223e-01
    2.75287e+18         8.42542e-04    4.99223e-01
    2.75287e+18         7.92421e-04    4.99223e-01
    2.75287e+18         7.35758e-04    4.99223e-01
    2.75287e+18         6.70032e-04    4.99223e-01
    2.75287e+18         6.30406e-04    4.99223e-01
    2.75287e+18         5.85641e-04    4.99223e-01
    2.75287e+18         5.33772e-04    4.99223e-01
    2.75287e+18         5.02552e-04    4.99223e-01
    2.75287e+18         4.67332e-04    4.99223e-01
    2.75287e+18         4.26604e-04    4.99223e-01
    2.75287e+18         4.02166e-04    4.99223e-01
    2.75287e+18         3.74668e-04    4.99223e-01
    2.75287e+18         3.42985e-04    4.99223e-01
    2.75287e+18         3.24082e-04    4.99223e-01
    2.75287e+18         3.02909e-04    4.99223e-01
    2.75287e+18         2.78673e-04    4.99223e-01
    2.75287e+18         2.64356e-04    4.99223e-01
    2.75287e+18         2.48446e-04    4.99223e-01
    2.75287e+18         2.30432e-04    4.99223e-01
    2.75287e+18         2.09493e-04    4.99223e-01
    2.75287e+18         1.96825e-04    4.99223e-01
    2.75287e+18         1.82475e-04    4.99223e-01
    2.75287e+18         1.65779e-04    4.99223e-01
    2.75287e+18         1.55665e-04    4.99223e-01
    2.75287e+18         1.44193e-04    4.99223e-01
    2.75287e+18         1.30824e-04    4.99223e-01
    2.75287e+18         1.22703e-04    4.99223e-01
    2.75287e+18         1.13472e-04    4.99223e-01
    2.75287e+18         1.02678e-04    4.99223e-01
    2.75287e+18         9.60866e-05    4.99223e-01
    2.75287e+18         8.85598e-05    4.99223e-01
    2.75287e+18         8.41295e-05    4.99223e-01
    2.75287e+18         7.92203e-05    4.99223e-01
    2.75287e+18         7.36839e-05    4.99223e-01
    2.75287e+18         6.72841e-05    4.99223e-01
    2.75287e+18         6.34466e-05    4.99223e-01
    2.75287e+18         5.91308e-05    4.99223e-01
    2.75287e+18         5.41621e-05    4.99223e-01
    2.75287e+18         5.12010e-05    4.99223e-01
    2.75287e+18         4.78875e-05    4.99223e-01
    2.75287e+18         4.40995e-05    4.99223e-01
    2.75287e+18         4.18662e-05    4.99223e-01
    2.75287e+18         3.93883e-05    4.99223e-01
    2.75287e+18         3.65888e-05    4.99223e-01
    2.75287e+18         3.33445e-05    4.99223e-01
    2.75287e+18         3.13913e-05    4.99223e-01
    2.75287e+18         2.91876e-05    4.99223e-01
    2.75287e+18         2.66385e-05    4.99223e-01
    2.75287e+18         2.51083e-05    4.99223e-01


