              t                   M              a
    1.23833e-21         1.00000e+17    8.00000e-01
    2.47665e-21         1.00000e+17    8.00000e-01
    4.95331e-21         1.00000e+17    8.00000e-01
    9.90662e-21         1.00000e+17    8.00000e-01
    1.98132e-20         1.00000e+17    8.00000e-01
    3.96265e-20         1.00000e+17    8.00000e-01
    7.92530e-20         1.00000e+17    8.00000e-01
    1.58506e-19         1.00000e+17    8.00000e-01
    3.17012e-19         1.00000e+17    8.00000e-01
    6.34024e-19         1.00000e+17    8.00000e-01
    1.26805e-18         1.00000e+17    8.00000e-01
    2.53609e-18         1.00000e+17    8.00000e-01
    5.07219e-18         1.00000e+17    8.00000e-01
    1.01444e-17         1.00000e+17    8.00000e-01
    2.02888e-17         1.00000e+17    8.00000e-01
    4.05775e-17         1.00000e+17    8.00000e-01
    8.11550e-17         1.00000e+17    8.00000e-01
    1.62310e-16         1.00000e+17    8.00000e-01
    3.24620e-16         1.00000e+17    8.00000e-01
    6.49240e-16         1.00000e+17    8.00000e-01
    1.29848e-15         1.00000e+17    8.00000e-01
    2.59696e-15         1.00000e+17    8.00000e-01
    5.19392e-15         1.00000e+17    8.00000e-01
    1.03878e-14         1.00000e+17    8.00000e-01
    2.07757e-14         1.00000e+17    8.00000e-01
    4.15514e-14         1.00000e+17    8.00000e-01
    8.31027e-14         1.00000e+17    8.00000e-01
    1.66205e-13         1.00000e+17    8.00000e-01
    3.32411e-13         1.00000e+17    8.00000e-01
    6.64822e-13         1.00000e+17    8.00000e-01
    1.32964e-12         1.00000e+17    8.00000e-01
    2.65929e-12         1.00000e+17    8.00000e-01
    5.31858e-12         1.00000e+17    8.00000e-01
    1.06372e-11         1.00000e+17    8.00000e-01
    2.12743e-11         1.00000e+17    8.00000e-01
    4.25486e-11         1.00000e+17    8.00000e-01
    8.50972e-11         1.00000e+17    8.00000e-01
    1.70194e-10         1.00000e+17    8.00000e-01
    3.40389e-10         1.00000e+17    8.00000e-01
    6.80778e-10         1.00000e+17    8.00000e-01
    1.36156e-09         1.00000e+17    8.00000e-01
    2.72311e-09         1.00000e+17    8.00000e-01
    5.44622e-09         1.00000e+17    8.00000e-01
    1.08924e-08         1.00000e+17    8.00000e-01
    2.17849e-08         1.00000e+17    8.00000e-01
    4.35698e-08         1.00000e+17    8.00000e-01
    8.71395e-08         1.00000e+17    8.00000e-01
    1.74279e-07         1.00000e+17    8.00000e-01
    3.48558e-07         1.00000e+17    8.00000e-01
    6.97116e-07         1.00000e+17    8.00000e-01
    1.39423e-06         1.00000e+17    8.00000e-01
    2.78847e-06         1.00000e+17    8.00000e-01
    5.57693e-06         1.00000e+17    8.00000e-01
    1.11539e-05         1.00000e+17    8.00000e-01
    2.23077e-05         1.00000e+17    8.00000e-01
    4.46154e-05         1.00000e+17    8.00000e-01
    8.92309e-05         1.00000e+17    8.00000e-01
    1.78462e-04         1.00000e+17    8.00000e-01
    3.56924e-04         1.00000e+17    8.00000e-01
    7.13847e-04         1.00000e+17    8.00000e-01
    1.42769e-03         1.00000e+17    8.00000e-01
    2.85539e-03         1.00000e+17    8.00000e-01
    5.71078e-03         1.00000e+17    8.00000e-01
    1.14216e-02         1.00000e+17    8.00000e-01
    2.28431e-02         1.00000e+17    8.00000e-01
    4.56862e-02         1.00000e+17    8.00000e-01
    9.13724e-02         1.00000e+17    8.00000e-01
    1.82745e-01         1.00000e+17    8.00000e-01
    3.65490e-01         1.00000e+17    8.00000e-01
    7.30979e-01         1.00000e+17    8.00000e-01
    1.46196e+00         1.00000e+17    8.00000e-01
    2.92392e+00         1.00000e+17    8.00000e-01
    5.84784e+00         1.00000e+17    8.00000e-01
    1.16957e+01         1.00000e+17    8.00000e-01
    2.33913e+01         1.00000e+17    8.00000e-01
    4.67827e+01         1.00000e+17    8.00000e-01
    9.35654e+01         1.00000e+17    8.00000e-01
    1.87131e+02         1.00000e+17    8.00000e-01
    3.74261e+02         1.00000e+17    8.00000e-01
    7.48523e+02         1.00000e+17    8.00000e-01
    1.49705e+03         1.00000e+17    8.00000e-01
    2.99409e+03         1.00000e+17    8.00000e-01
    5.98818e+03         1.00000e+17    8.00000e-01
    1.19764e+04         1.00000e+17    8.00000e-01
    2.39527e+04         1.00000e+17    8.00000e-01
    4.79055e+04         1.00000e+17    8.00000e-01
    9.58109e+04         1.00000e+17    8.00000e-01
    1.91622e+05         1.00000e+17    8.00000e-01
    3.83244e+05         1.00000e+17    8.00000e-01
    7.66488e+05         1.00000e+17    8.00000e-01
    1.53298e+06         1.00000e+17    8.00000e-01
    3.06595e+06         1.00000e+17    8.00000e-01
    6.13190e+06         1.00000e+17    8.00000e-01
    1.22638e+07         1.00000e+17    8.00000e-01
    2.45276e+07         1.00000e+17    8.00000e-01
    4.90552e+07         1.00000e+17    8.00000e-01
    9.81104e+07         1.00000e+17    8.00000e-01
    1.96221e+08         1.00000e+17    8.00000e-01
    3.92442e+08         1.00000e+17    8.00000e-01
    7.84883e+08         1.00000e+17    8.00000e-01
    1.56977e+09         1.00000e+17    8.00000e-01
    3.13953e+09         1.00000e+17    8.00000e-01
    6.27907e+09         1.00000e+17    8.00000e-01
    1.25581e+10         1.00000e+17    8.00000e-01
    2.51163e+10         1.00000e+17    8.00000e-01
    5.02325e+10         1.00000e+17    8.00000e-01
    1.00465e+11         1.00000e+17    8.00000e-01
    2.00930e+11         1.00000e+17    8.00000e-01
    4.01860e+11         1.00000e+17    8.00000e-01
    8.03720e+11         1.00000e+17    8.00000e-01
    1.60744e+12         1.00000e+17    8.00000e-01
    3.21488e+12         1.00000e+17    8.00000e-01
    6.42976e+12         1.00000e+17    8.00000e-01
    1.28595e+13         1.00000e+17    8.00000e-01
    2.57191e+13         1.00000e+17    8.00000e-01
    5.14381e+13         1.00000e+17    8.00000e-01
    1.02876e+14         1.00000e+17    8.00000e-01
    2.05752e+14         1.00000e+17    8.00000e-01
    4.11505e+14         1.00000e+17    8.00000e-01
    8.23010e+14         1.00000e+17    8.00000e-01
    1.64602e+15         1.00000e+17    8.00000e-01
    3.29204e+15         1.00000e+17    8.00000e-01
    6.58408e+15         1.00000e+17    8.00000e-01
    1.31682e+16         1.00000e+17    8.00000e-01
    2.63363e+16         1.00000e+17    8.00000e-01
    5.26726e+16         1.00000e+17    8.00000e-01
    1.05345e+17         1.00000e+17    8.00000e-01
    2.10690e+17         1.00000e+17    8.00000e-01
    4.21381e+17         1.00000e+17    8.00000e-01
    8.42762e+17         1.00000e+17    8.00000e-01
    1.68552e+18         9.99999e+16    7.99999e-01
    3.37105e+18         9.99999e+16    7.99998e-01
    6.74210e+18         9.99998e+16    7.99997e-01
    1.34842e+19         9.99995e+16    7.99993e-01
    2.69684e+19         9.99990e+16    7.99987e-01
    5.39368e+19         9.99981e+16    7.99974e-01
    1.07874e+20         9.99961e+16    7.99947e-01
    2.15747e+20         9.99922e+16    7.99895e-01
    4.31494e+20         9.99845e+16    7.99789e-01
    8.62988e+20         9.99690e+16    7.99579e-01
    1.72598e+21         9.99380e+16    7.99158e-01
    3.45195e+21         9.98761e+16    7.98316e-01
    6.90391e+21         9.97527e+16    7.96634e-01
    1.38078e+22         9.95071e+16    7.93272e-01
    2.76156e+22         9.90209e+16    7.86562e-01
    5.52312e+22         9.80660e+16    7.73183e-01
    8.28469e+22         9.71531e+16    7.59925e-01
    1.10462e+23         9.62846e+16    7.46807e-01
    1.38078e+23         9.54463e+16    7.33760e-01
    1.65694e+23         9.46262e+16    7.20702e-01
    1.93309e+23         9.38308e+16    7.07706e-01
    2.20925e+23         9.30544e+16    6.94810e-01
    2.48541e+23         9.22965e+16    6.81998e-01
    2.76156e+23         9.15577e+16    6.69279e-01
    3.03772e+23         9.08308e+16    6.56573e-01
    3.31387e+23         9.01179e+16    6.43908e-01
    3.59003e+23         8.94184e+16    6.31285e-01
    3.86619e+23         8.87300e+16    6.18733e-01
    4.14234e+23         8.80531e+16    6.06259e-01
    4.41850e+23         8.73871e+16    5.93828e-01
    4.69466e+23         8.67278e+16    5.81290e-01
    4.97081e+23         8.60788e+16    5.68694e-01
    5.24697e+23         8.54410e+16    5.56133e-01
    5.52312e+23         8.48107e+16    5.43624e-01
    5.79928e+23         8.41883e+16    5.31176e-01
    6.07544e+23         8.35721e+16    5.18780e-01
    6.35159e+23         8.29613e+16    5.06469e-01
    6.62775e+23         8.23562e+16    4.94247e-01
    6.90391e+23         8.17552e+16    4.82090e-01
    7.18006e+23         8.11594e+16    4.70009e-01
    7.45622e+23         8.05688e+16    4.58008e-01
    7.73237e+23         7.99792e+16    4.46021e-01
    8.00853e+23         7.93933e+16    4.34123e-01
    8.28469e+23         7.88112e+16    4.22320e-01
    8.56084e+23         7.82337e+16    4.10653e-01
    8.83700e+23         7.76574e+16    3.99058e-01
    9.11316e+23         7.70822e+16    3.87542e-01
    9.38931e+23         7.65062e+16    3.76082e-01
    9.66547e+23         7.59312e+16    3.64728e-01
    9.94162e+23         7.53571e+16    3.53485e-01
    1.02178e+24         7.47844e+16    3.42366e-01
    1.04939e+24         7.42099e+16    3.31336e-01
    1.07701e+24         7.36334e+16    3.20399e-01
    1.10462e+24         7.30549e+16    3.09561e-01
    1.13224e+24         7.24764e+16    2.98876e-01
    1.15986e+24         7.18947e+16    2.88300e-01
    1.18747e+24         7.13097e+16    2.77840e-01
    1.21509e+24         7.07210e+16    2.67501e-01
    1.24270e+24         7.01282e+16    2.57298e-01
    1.27032e+24         6.95311e+16    2.47233e-01
    1.29793e+24         6.89295e+16    2.37311e-01
    1.32555e+24         6.83221e+16    2.27535e-01
    1.35317e+24         6.77083e+16    2.17907e-01
    1.38078e+24         6.70883e+16    2.08438e-01
    1.40840e+24         6.64608e+16    1.99118e-01
    1.43601e+24         6.58250e+16    1.89962e-01
    1.46363e+24         6.51805e+16    1.80973e-01
    1.49124e+24         6.45266e+16    1.72153e-01
    1.51886e+24         6.38630e+16    1.63509e-01
    1.54647e+24         6.31877e+16    1.55043e-01
    1.57409e+24         6.25000e+16    1.46757e-01
    1.60171e+24         6.17993e+16    1.38654e-01
    1.62932e+24         6.10848e+16    1.30734e-01
    1.65694e+24         6.03550e+16    1.23009e-01
    1.68455e+24         5.96086e+16    1.15487e-01
    1.71217e+24         5.88446e+16    1.08167e-01
    1.73978e+24         5.80617e+16    1.01050e-01
    1.76740e+24         5.72584e+16    9.41378e-02
    1.79502e+24         5.64323e+16    8.74089e-02
    1.82263e+24         5.55815e+16    8.08635e-02
    1.85025e+24         5.47038e+16    7.45042e-02
    1.87786e+24         5.37969e+16    6.83367e-02
    1.90548e+24         5.28581e+16    6.23674e-02
    1.93309e+24         5.18845e+16    5.66028e-02
    1.96071e+24         5.08720e+16    5.10423e-02
    1.97452e+24         5.03445e+16    4.83685e-02
    1.98832e+24         4.98050e+16    4.57471e-02
    2.00213e+24         4.92531e+16    4.31792e-02
    2.01594e+24         4.86879e+16    4.06659e-02
    2.02975e+24         4.81086e+16    3.82085e-02
    2.04356e+24         4.75142e+16    3.58075e-02
    2.05736e+24         4.69033e+16    3.34620e-02
    2.07117e+24         4.62747e+16    3.11733e-02
    2.08498e+24         4.56271e+16    2.89431e-02
    2.09879e+24         4.49590e+16    2.67731e-02
    2.11260e+24         4.42689e+16    2.46650e-02
    2.12640e+24         4.35548e+16    2.26207e-02
    2.14021e+24         4.28145e+16    2.06432e-02
    2.15402e+24         4.20456e+16    1.87346e-02
    2.16783e+24         4.12454e+16    1.68971e-02
    2.17473e+24         4.08280e+16    1.60149e-02
    2.18163e+24         4.04011e+16    1.51507e-02
    2.18854e+24         3.99640e+16    1.43044e-02
    2.19544e+24         3.95157e+16    1.34758e-02
    2.20235e+24         3.90555e+16    1.26655e-02
    2.20925e+24         3.85826e+16    1.18737e-02
    2.21615e+24         3.80962e+16    1.11008e-02
    2.22306e+24         3.75952e+16    1.03472e-02
    2.22996e+24         3.70788e+16    9.61343e-03
    2.23687e+24         3.65452e+16    8.89945e-03
    2.24377e+24         3.59923e+16    8.20508e-03
    2.25067e+24         3.54183e+16    7.53088e-03
    2.25758e+24         3.48215e+16    6.87746e-03
    2.26448e+24         3.41995e+16    6.24545e-03
    2.27139e+24         3.35498e+16    5.63555e-03
    2.27484e+24         3.32082e+16    5.34109e-03
    2.27829e+24         3.28574e+16    5.05175e-03
    2.28174e+24         3.24968e+16    4.76768e-03
    2.28519e+24         3.21257e+16    4.48899e-03
    2.28864e+24         3.17434e+16    4.21583e-03
    2.29210e+24         3.13492e+16    3.94834e-03
    2.29555e+24         3.09422e+16    3.68667e-03
    2.29900e+24         3.05212e+16    3.43084e-03
    2.30245e+24         3.00851e+16    3.18104e-03
    2.30590e+24         2.96326e+16    2.93747e-03
    2.30936e+24         2.91623e+16    2.70034e-03
    2.31281e+24         2.86725e+16    2.46988e-03
    2.31626e+24         2.81605e+16    2.24596e-03
    2.31971e+24         2.76210e+16    2.02777e-03
    2.32144e+24         2.73359e+16    1.92174e-03
    2.32316e+24         2.70423e+16    1.81724e-03
    2.32489e+24         2.67395e+16    1.71429e-03
    2.32662e+24         2.64270e+16    1.61297e-03
    2.32834e+24         2.61041e+16    1.51333e-03
    2.33007e+24         2.57691e+16    1.41514e-03
    2.33179e+24         2.54210e+16    1.31848e-03
    2.33352e+24         2.50587e+16    1.22344e-03
    2.33525e+24         2.46808e+16    1.13015e-03
    2.33697e+24         2.42861e+16    1.03871e-03
    2.33870e+24         2.38726e+16    0.00000e+00
    2.34042e+24         2.34391e+16    0.00000e+00
    2.34215e+24         2.29832e+16    0.00000e+00
    2.34388e+24         2.25025e+16    0.00000e+00
    2.34560e+24         2.19937e+16    0.00000e+00
    2.34733e+24         2.14513e+16    0.00000e+00
    2.34905e+24         2.08688e+16    0.00000e+00
    2.35078e+24         2.02393e+16    0.00000e+00
    2.35251e+24         1.95536e+16    0.00000e+00
    2.35423e+24         1.87993e+16    0.00000e+00
    2.35596e+24         1.79597e+16    0.00000e+00
    2.35768e+24         1.70108e+16    0.00000e+00
    2.35941e+24         1.59182e+16    0.00000e+00
    2.36114e+24         1.46323e+16    0.00000e+00
    2.36200e+24         1.38328e+16    0.00000e+00
    2.36286e+24         1.29065e+16    0.00000e+00
    2.36372e+24         1.17957e+16    0.00000e+00
    2.36416e+24         1.10960e+16    0.00000e+00
    2.36459e+24         1.02815e+16    0.00000e+00
    2.36502e+24         9.29002e+15    0.00000e+00
    2.36524e+24         8.65275e+15    0.00000e+00
    2.36545e+24         7.90161e+15    0.00000e+00
    2.36556e+24         7.43746e+15    0.00000e+00
    2.36567e+24         6.90540e+15    0.00000e+00
    2.36577e+24         6.27880e+15    0.00000e+00
    2.36583e+24         5.89513e+15    0.00000e+00
    2.36588e+24         5.45695e+15    0.00000e+00
    2.36594e+24         4.94188e+15    0.00000e+00
    2.36596e+24         4.62582e+15    0.00000e+00
    2.36599e+24         4.26403e+15    0.00000e+00
    2.36600e+24         4.05059e+15    0.00000e+00
    2.36602e+24         3.81370e+15    0.00000e+00
    2.36603e+24         3.54608e+15    0.00000e+00
    2.36604e+24         3.23616e+15    0.00000e+00
    2.36605e+24         3.04990e+15    0.00000e+00
    2.36606e+24         2.84004e+15    0.00000e+00
    2.36606e+24         2.59789e+15    0.00000e+00
    2.36607e+24         2.45311e+15    0.00000e+00
    2.36607e+24         2.29070e+15    0.00000e+00
    2.36607e+24         2.10441e+15    0.00000e+00
    2.36608e+24         1.99401e+15    0.00000e+00
    2.36608e+24         1.87104e+15    0.00000e+00
    2.36608e+24         1.73136e+15    0.00000e+00
    2.36608e+24         1.56821e+15    0.00000e+00
    2.36608e+24         1.46875e+15    0.00000e+00
    2.36608e+24         1.35533e+15    0.00000e+00
    2.36608e+24         1.22205e+15    0.00000e+00
    2.36608e+24         1.13995e+15    0.00000e+00
    2.36608e+24         1.04537e+15    0.00000e+00
    2.36608e+24         9.88862e+14    0.00000e+00
    2.36608e+24         9.25482e+14    0.00000e+00
    2.36609e+24         8.52754e+14    0.00000e+00
    2.36609e+24         8.09476e+14    0.00000e+00
    2.36609e+24         7.60983e+14    0.00000e+00
    2.36609e+24         7.05379e+14    0.00000e+00
    2.36609e+24         6.39414e+14    0.00000e+00
    2.36609e+24         5.97982e+14    0.00000e+00
    2.36609e+24         5.49227e+14    0.00000e+00
    2.36609e+24         5.19167e+14    0.00000e+00
    2.36609e+24         4.84783e+14    0.00000e+00
    2.36609e+24         4.44069e+14    0.00000e+00
    2.36609e+24         4.18782e+14    0.00000e+00
    2.36609e+24         3.89598e+14    0.00000e+00
    2.36609e+24         3.54890e+14    0.00000e+00
    2.36609e+24         3.33287e+14    0.00000e+00
    2.36609e+24         3.08203e+14    0.00000e+00
    2.36609e+24         2.78102e+14    0.00000e+00
    2.36609e+24         2.59163e+14    0.00000e+00
    2.36609e+24         2.37095e+14    0.00000e+00
    2.36609e+24         2.23738e+14    0.00000e+00
    2.36609e+24         2.08650e+14    0.00000e+00
    2.36609e+24         1.91209e+14    0.00000e+00
    2.36609e+24         1.80776e+14    0.00000e+00
    2.36609e+24         1.69071e+14    0.00000e+00
    2.36609e+24         1.55658e+14    0.00000e+00
    2.36609e+24         1.47730e+14    0.00000e+00
    2.36609e+24         1.38920e+14    0.00000e+00
    2.36609e+24         1.28950e+14    0.00000e+00
    2.36609e+24         1.17367e+14    0.00000e+00
    2.36609e+24         1.10370e+14    0.00000e+00
    2.36609e+24         1.02454e+14    0.00000e+00
    2.36609e+24         9.32627e+13    0.00000e+00
    2.36609e+24         8.77100e+13    0.00000e+00
    2.36609e+24         8.14239e+13    0.00000e+00
    2.36609e+24         7.41165e+13    0.00000e+00
    2.36609e+24         6.96920e+13    0.00000e+00
    2.36609e+24         6.46715e+13    0.00000e+00
    2.36609e+24         5.88115e+13    0.00000e+00
    2.36609e+24         5.52399e+13    0.00000e+00
    2.36609e+24         5.11579e+13    0.00000e+00
    2.36609e+24         4.63339e+13    0.00000e+00
    2.36609e+24         4.33288e+13    0.00000e+00
    2.36609e+24         3.98445e+13    0.00000e+00
    2.36609e+24         3.77401e+13    0.00000e+00
    2.36609e+24         3.53596e+13    0.00000e+00
    2.36609e+24         3.26017e+13    0.00000e+00
    2.36609e+24         3.09514e+13    0.00000e+00
    2.36609e+24         2.90976e+13    0.00000e+00
    2.36609e+24         2.69733e+13    0.00000e+00
    2.36609e+24         2.44668e+13    0.00000e+00
    2.36609e+24         2.29194e+13    0.00000e+00
    2.36609e+24         2.11407e+13    0.00000e+00
    2.36609e+24         1.90300e+13    0.00000e+00
    2.36609e+24         1.77098e+13    0.00000e+00
    2.36609e+24         1.61709e+13    0.00000e+00
    2.36609e+24         1.52362e+13    0.00000e+00
    2.36609e+24         1.41752e+13    0.00000e+00
    2.36609e+24         1.29327e+13    0.00000e+00
    2.36609e+24         1.21725e+13    0.00000e+00
    2.36609e+24         1.13058e+13    0.00000e+00
    2.36609e+24         1.02881e+13    0.00000e+00
    2.36609e+24         9.66344e+12    0.00000e+00
    2.36609e+24         8.94883e+12    0.00000e+00
    2.36609e+24         8.10795e+12    0.00000e+00
    2.36609e+24         7.59184e+12    0.00000e+00
    2.36609e+24         7.00021e+12    0.00000e+00
    2.36609e+24         6.30111e+12    0.00000e+00
    2.36609e+24         5.86817e+12    0.00000e+00
    2.36609e+24         5.36784e+12    0.00000e+00
    2.36609e+24         5.06826e+12    0.00000e+00
    2.36609e+24         4.73187e+12    0.00000e+00
    2.36609e+24         4.34564e+12    0.00000e+00
    2.36609e+24         4.11649e+12    0.00000e+00
    2.36609e+24         3.86100e+12    0.00000e+00
    2.36609e+24         3.57044e+12    0.00000e+00
    2.36609e+24         3.23054e+12    0.00000e+00
    2.36609e+24         3.02289e+12    0.00000e+00
    2.36609e+24         2.78568e+12    0.00000e+00
    2.36609e+24         2.64599e+12    0.00000e+00
    2.36609e+24         2.49116e+12    0.00000e+00
    2.36609e+24         2.31646e+12    0.00000e+00
    2.36609e+24         2.11442e+12    0.00000e+00
    2.36609e+24         1.99315e+12    0.00000e+00
    2.36609e+24         1.85668e+12    0.00000e+00
    2.36609e+24         1.69939e+12    0.00000e+00
    2.36609e+24         1.60551e+12    0.00000e+00
    2.36609e+24         1.50031e+12    0.00000e+00
    2.36609e+24         1.37982e+12    0.00000e+00
    2.36609e+24         1.30857e+12    0.00000e+00
    2.36609e+24         1.22930e+12    0.00000e+00
    2.36609e+24         1.13942e+12    0.00000e+00
    2.36609e+24         1.03466e+12    0.00000e+00
    2.36609e+24         9.70983e+11    0.00000e+00
    2.36609e+24         8.98494e+11    0.00000e+00
    2.36609e+24         8.13497e+11    0.00000e+00
    2.36609e+24         7.61316e+11    0.00000e+00
    2.36609e+24         7.01499e+11    0.00000e+00
    2.36609e+24         6.66087e+11    0.00000e+00
    2.36609e+24         6.26679e+11    0.00000e+00
    2.36609e+24         5.81995e+11    0.00000e+00
    2.36609e+24         5.29976e+11    0.00000e+00
    2.36609e+24         4.98429e+11    0.00000e+00
    2.36609e+24         4.62622e+11    0.00000e+00
    2.36609e+24         4.20870e+11    0.00000e+00
    2.36609e+24         3.95447e+11    0.00000e+00
    2.36609e+24         3.66444e+11    0.00000e+00
    2.36609e+24         3.32362e+11    0.00000e+00
    2.36609e+24         3.11365e+11    0.00000e+00
    2.36609e+24         2.87174e+11    0.00000e+00
    2.36609e+24         2.72753e+11    0.00000e+00
    2.36609e+24         2.56625e+11    0.00000e+00
    2.36609e+24         2.38265e+11    0.00000e+00
    2.36609e+24         2.16772e+11    0.00000e+00
    2.36609e+24         2.03643e+11    0.00000e+00
    2.36609e+24         1.88686e+11    0.00000e+00
    2.36609e+24         1.71178e+11    0.00000e+00
    2.36609e+24         1.60481e+11    0.00000e+00
    2.36609e+24         1.48274e+11    0.00000e+00
    2.36609e+24         1.33934e+11    0.00000e+00
    2.36609e+24         1.25127e+11    0.00000e+00
    2.36609e+24         1.15023e+11    0.00000e+00
    2.36609e+24         1.09037e+11    0.00000e+00
    2.36609e+24         1.02372e+11    0.00000e+00
    2.36609e+24         9.48059e+10    0.00000e+00
    2.36609e+24         8.59798e+10    0.00000e+00
    2.36609e+24         8.06110e+10    0.00000e+00
    2.36609e+24         7.45016e+10    0.00000e+00
    2.36609e+24         6.73475e+10    0.00000e+00
    2.36609e+24         6.29691e+10    0.00000e+00
    2.36609e+24         5.79600e+10    0.00000e+00
    2.36609e+24         5.50035e+10    0.00000e+00
    2.36609e+24         5.17204e+10    0.00000e+00
    2.36609e+24         4.80071e+10    0.00000e+00
    2.36609e+24         4.36970e+10    0.00000e+00
    2.36609e+24         4.10956e+10    0.00000e+00
    2.36609e+24         3.81545e+10    0.00000e+00
    2.36609e+24         3.47424e+10    0.00000e+00
    2.36609e+24         3.26847e+10    0.00000e+00
    2.36609e+24         3.03597e+10    0.00000e+00
    2.36609e+24         2.76650e+10    0.00000e+00
    2.36609e+24         2.60423e+10    0.00000e+00
    2.36609e+24         2.42112e+10    0.00000e+00
    2.36609e+24         2.20926e+10    0.00000e+00
    2.36609e+24         2.08203e+10    0.00000e+00
    2.36609e+24         1.93879e+10    0.00000e+00
    2.36609e+24         1.77359e+10    0.00000e+00
    2.36609e+24         1.67489e+10    0.00000e+00
    2.36609e+24         1.56421e+10    0.00000e+00
    2.36609e+24         1.43732e+10    0.00000e+00
    2.36609e+24         1.36217e+10    0.00000e+00
    2.36609e+24         1.27851e+10    0.00000e+00
    2.36609e+24         1.18354e+10    0.00000e+00
    2.36609e+24         1.07271e+10    0.00000e+00
    2.36609e+24         1.00526e+10    0.00000e+00
    2.36609e+24         9.28446e+09    0.00000e+00
    2.36609e+24         8.38401e+09    0.00000e+00
    2.36609e+24         7.83188e+09    0.00000e+00
    2.36609e+24         7.19916e+09    0.00000e+00
    2.36609e+24         6.82475e+09    0.00000e+00
    2.36609e+24         6.40813e+09    0.00000e+00
    2.36609e+24         5.93557e+09    0.00000e+00
    2.36609e+24         5.38478e+09    0.00000e+00
    2.36609e+24         5.05016e+09    0.00000e+00
    2.36609e+24         4.66973e+09    0.00000e+00
    2.36609e+24         4.22479e+09    0.00000e+00
    2.36609e+24         3.95299e+09    0.00000e+00
    2.36609e+24         3.64254e+09    0.00000e+00
    2.36609e+24         3.45972e+09    0.00000e+00
    2.36609e+24         3.25707e+09    0.00000e+00
    2.36609e+24         3.02842e+09    0.00000e+00
    2.36609e+24         2.76394e+09    0.00000e+00
    2.36609e+24         2.60518e+09    0.00000e+00
    2.36609e+24         2.42649e+09    0.00000e+00
    2.36609e+24         2.22050e+09    0.00000e+00
    2.36609e+24         2.09751e+09    0.00000e+00
    2.36609e+24         1.95968e+09    0.00000e+00
    2.36609e+24         1.80178e+09    0.00000e+00
    2.36609e+24         1.70838e+09    0.00000e+00
    2.36609e+24         1.60449e+09    0.00000e+00
    2.36609e+24         1.48671e+09    0.00000e+00
    2.36609e+24         1.34954e+09    0.00000e+00
    2.36609e+24         1.26630e+09    0.00000e+00
    2.36609e+24         1.17175e+09    0.00000e+00
    2.36609e+24         1.06134e+09    0.00000e+00
    2.36609e+24         9.94042e+08    0.00000e+00
    2.36609e+24         9.17330e+08    0.00000e+00
    2.36609e+24         8.27251e+08    0.00000e+00
    2.36609e+24         7.71869e+08    0.00000e+00
    2.36609e+24         7.08254e+08    0.00000e+00
    2.36609e+24         6.70476e+08    0.00000e+00
    2.36609e+24         6.28322e+08    0.00000e+00
    2.36609e+24         5.80321e+08    0.00000e+00
    2.36609e+24         5.24050e+08    0.00000e+00
    2.36609e+24         4.89549e+08    0.00000e+00
    2.36609e+24         4.50013e+08    0.00000e+00
    2.36609e+24         4.26619e+08    0.00000e+00
    2.36609e+24         4.00589e+08    0.00000e+00
    2.36609e+24         3.71066e+08    0.00000e+00
    2.36609e+24         3.36659e+08    0.00000e+00
    2.36609e+24         3.15759e+08    0.00000e+00
    2.36609e+24         2.92000e+08    0.00000e+00
    2.36609e+24         2.64219e+08    0.00000e+00
    2.36609e+24         2.47253e+08    0.00000e+00
    2.36609e+24         2.27880e+08    0.00000e+00
    2.36609e+24         2.16476e+08    0.00000e+00
    2.36609e+24         2.03839e+08    0.00000e+00
    2.36609e+24         1.89586e+08    0.00000e+00
    2.36609e+24         1.73111e+08    0.00000e+00
    2.36609e+24         1.63230e+08    0.00000e+00
    2.36609e+24         1.52117e+08    0.00000e+00
    2.36609e+24         1.39321e+08    0.00000e+00
    2.36609e+24         1.31693e+08    0.00000e+00
    2.36609e+24         1.23157e+08    0.00000e+00
    2.36609e+24         1.13396e+08    0.00000e+00
    2.36609e+24         1.07639e+08    0.00000e+00
    2.36609e+24         1.01250e+08    0.00000e+00
    2.36609e+24         9.40293e+07    0.00000e+00
    2.36609e+24         8.56569e+07    0.00000e+00
    2.36609e+24         8.06124e+07    0.00000e+00
    2.36609e+24         7.49168e+07    0.00000e+00
    2.36609e+24         6.83222e+07    0.00000e+00
    2.36609e+24         6.43577e+07    0.00000e+00
    2.36609e+24         5.98897e+07    0.00000e+00
    2.36609e+24         5.47301e+07    0.00000e+00
    2.36609e+24         5.16410e+07    0.00000e+00
    2.36609e+24         4.81713e+07    0.00000e+00
    2.36609e+24         4.41837e+07    0.00000e+00
    2.36609e+24         4.18138e+07    0.00000e+00
    2.36609e+24         3.91677e+07    0.00000e+00
    2.36609e+24         3.61519e+07    0.00000e+00
    2.36609e+24         3.26120e+07    0.00000e+00
    2.36609e+24         3.04370e+07    0.00000e+00
    2.36609e+24         2.79399e+07    0.00000e+00
    2.36609e+24         2.64583e+07    0.00000e+00
    2.36609e+24         2.48061e+07    0.00000e+00
    2.36609e+24         2.29264e+07    0.00000e+00
    2.36609e+24         2.07259e+07    0.00000e+00
    2.36609e+24         1.93796e+07    0.00000e+00
    2.36609e+24         1.78398e+07    0.00000e+00
    2.36609e+24         1.69312e+07    0.00000e+00
    2.36609e+24         1.59225e+07    0.00000e+00
    2.36609e+24         1.47820e+07    0.00000e+00
    2.36609e+24         1.34586e+07    0.00000e+00
    2.36609e+24         1.26604e+07    0.00000e+00
    2.36609e+24         1.17584e+07    0.00000e+00
    2.36609e+24         1.07127e+07    0.00000e+00
    2.36609e+24         1.00828e+07    0.00000e+00
    2.36609e+24         9.37178e+06    0.00000e+00
    2.36609e+24         8.54872e+06    0.00000e+00
    2.36609e+24         8.05413e+06    0.00000e+00
    2.36609e+24         7.49694e+06    0.00000e+00
    2.36609e+24         6.85384e+06    0.00000e+00
    2.36609e+24         6.46912e+06    0.00000e+00
    2.36609e+24         6.03728e+06    0.00000e+00
    2.36609e+24         5.54145e+06    0.00000e+00
    2.36609e+24         5.24718e+06    0.00000e+00
    2.36609e+24         4.91899e+06    0.00000e+00
    2.36609e+24         4.54554e+06    0.00000e+00
    2.36609e+24         4.10820e+06    0.00000e+00
    2.36609e+24         3.84050e+06    0.00000e+00
    2.36609e+24         3.53418e+06    0.00000e+00
    2.36609e+24         3.35332e+06    0.00000e+00
    2.36609e+24         3.15242e+06    0.00000e+00
    2.36609e+24         2.92510e+06    0.00000e+00
    2.36609e+24         2.66108e+06    0.00000e+00
    2.36609e+24         2.50157e+06    0.00000e+00
    2.36609e+24         2.32107e+06    0.00000e+00
    2.36609e+24         2.11141e+06    0.00000e+00
    2.36609e+24         1.98473e+06    0.00000e+00
    2.36609e+24         1.84136e+06    0.00000e+00
    2.36609e+24         1.67479e+06    0.00000e+00
    2.36609e+24         1.57412e+06    0.00000e+00
    2.36609e+24         1.46016e+06    0.00000e+00
    2.36609e+24         1.32771e+06    0.00000e+00
    2.36609e+24         1.24762e+06    0.00000e+00
    2.36609e+24         1.15691e+06    0.00000e+00
    2.36609e+24         1.05143e+06    0.00000e+00
    2.36609e+24         9.87568e+05    0.00000e+00
    2.36609e+24         9.15185e+05    0.00000e+00
    2.36609e+24         8.30899e+05    0.00000e+00
    2.36609e+24         7.79772e+05    0.00000e+00
    2.36609e+24         7.21721e+05    0.00000e+00
    2.36609e+24         6.53956e+05    0.00000e+00
    2.36609e+24         6.12687e+05    0.00000e+00
    2.36609e+24         5.65672e+05    0.00000e+00
    2.36609e+24         5.10517e+05    0.00000e+00
    2.36609e+24         4.76659e+05    0.00000e+00
    2.36609e+24         4.37820e+05    0.00000e+00
    2.36609e+24         4.14802e+05    0.00000e+00
    2.36609e+24         3.89159e+05    0.00000e+00
    2.36609e+24         3.60025e+05    0.00000e+00
    2.36609e+24         3.25985e+05    0.00000e+00
    2.36609e+24         3.05225e+05    0.00000e+00
    2.36609e+24         2.81545e+05    0.00000e+00
    2.36609e+24         2.53714e+05    0.00000e+00
    2.36609e+24         2.36578e+05    0.00000e+00
    2.36609e+24         2.16870e+05    0.00000e+00
    2.36609e+24         2.05144e+05    0.00000e+00
    2.36609e+24         1.92038e+05    0.00000e+00
    2.36609e+24         1.77083e+05    0.00000e+00
    2.36609e+24         1.59496e+05    0.00000e+00
    2.36609e+24         1.48655e+05    0.00000e+00
    2.36609e+24         1.36177e+05    0.00000e+00
    2.36609e+24         1.28741e+05    0.00000e+00
    2.36609e+24         1.20422e+05    0.00000e+00
    2.36609e+24         1.10914e+05    0.00000e+00
    2.36609e+24         1.05310e+05    0.00000e+00
    2.36609e+24         9.90939e+04    0.00000e+00
    2.36609e+24         9.20731e+04    0.00000e+00
    2.36609e+24         8.39409e+04    0.00000e+00
    2.36609e+24         7.90488e+04    0.00000e+00
    2.36609e+24         7.35324e+04    0.00000e+00
    2.36609e+24         6.71573e+04    0.00000e+00
    2.36609e+24         6.33359e+04    0.00000e+00
    2.36609e+24         5.90394e+04    0.00000e+00
    2.36609e+24         5.40948e+04    0.00000e+00
    2.36609e+24         5.11499e+04    0.00000e+00
    2.36609e+24         4.78561e+04    0.00000e+00
    2.36609e+24         4.40933e+04    0.00000e+00
    2.36609e+24         4.18771e+04    0.00000e+00
    2.36609e+24         3.94201e+04    0.00000e+00
    2.36609e+24         3.66474e+04    0.00000e+00
    2.36609e+24         3.34391e+04    0.00000e+00
    2.36609e+24         3.15124e+04    0.00000e+00
    2.36609e+24         2.93429e+04    0.00000e+00
    2.36609e+24         2.68407e+04    0.00000e+00
    2.36609e+24         2.53455e+04    0.00000e+00
    2.36609e+24         2.36686e+04    0.00000e+00
    2.36609e+24         2.17458e+04    0.00000e+00
    2.36609e+24         2.06068e+04    0.00000e+00
    2.36609e+24         1.93384e+04    0.00000e+00
    2.36609e+24         1.78982e+04    0.00000e+00
    2.36609e+24         1.62169e+04    0.00000e+00
    2.36609e+24         1.51929e+04    0.00000e+00
    2.36609e+24         1.40262e+04    0.00000e+00
    2.36609e+24         1.26574e+04    0.00000e+00
    2.36609e+24         1.18169e+04    0.00000e+00
    2.36609e+24         1.08527e+04    0.00000e+00
    2.36609e+24         1.02810e+04    0.00000e+00
    2.36609e+24         9.64411e+03    0.00000e+00
    2.36609e+24         8.92025e+03    0.00000e+00
    2.36609e+24         8.07416e+03    0.00000e+00
    2.36609e+24         7.55780e+03    0.00000e+00
    2.36609e+24         6.96847e+03    0.00000e+00
    2.36609e+24         6.27526e+03    0.00000e+00
    2.36609e+24         5.84784e+03    0.00000e+00
    2.36609e+24         5.35566e+03    0.00000e+00
    2.36609e+24         5.06226e+03    0.00000e+00
    2.36609e+24         4.73387e+03    0.00000e+00
    2.36609e+24         4.35833e+03    0.00000e+00
    2.36609e+24         4.13681e+03    0.00000e+00
    2.36609e+24         3.89093e+03    0.00000e+00
    2.36609e+24         3.61299e+03    0.00000e+00
    2.36609e+24         3.29065e+03    0.00000e+00
    2.36609e+24         3.09635e+03    0.00000e+00
    2.36609e+24         2.87691e+03    0.00000e+00
    2.36609e+24         2.62271e+03    0.00000e+00
    2.36609e+24         2.46978e+03    0.00000e+00
    2.36609e+24         2.29732e+03    0.00000e+00
    2.36609e+24         2.09801e+03    0.00000e+00
    2.36609e+24         1.97851e+03    0.00000e+00
    2.36609e+24         1.84414e+03    0.00000e+00
    2.36609e+24         1.68949e+03    0.00000e+00
    2.36609e+24         1.59735e+03    0.00000e+00
    2.36609e+24         1.49428e+03    0.00000e+00
    2.36609e+24         1.37650e+03    0.00000e+00
    2.36609e+24         1.30710e+03    0.00000e+00
    2.36609e+24         1.23014e+03    0.00000e+00
    2.36609e+24         1.14324e+03    0.00000e+00
    2.36609e+24         1.04263e+03    0.00000e+00
    2.36609e+24         9.82154e+02    0.00000e+00
    2.36609e+24         9.13996e+02    0.00000e+00
    2.36609e+24         8.35294e+02    0.00000e+00
    2.36609e+24         7.88178e+02    0.00000e+00
    2.36609e+24         7.35261e+02    0.00000e+00
    2.36609e+24         6.74453e+02    0.00000e+00
    2.36609e+24         6.38320e+02    0.00000e+00
    2.36609e+24         5.97980e+02    0.00000e+00
    2.36609e+24         5.52013e+02    0.00000e+00
    2.36609e+24         4.98073e+02    0.00000e+00
    2.36609e+24         4.64944e+02    0.00000e+00
    2.36609e+24         4.26927e+02    0.00000e+00
    2.36609e+24         4.04382e+02    0.00000e+00
    2.36609e+24         3.79253e+02    0.00000e+00
    2.36609e+24         3.50684e+02    0.00000e+00
    2.36609e+24         3.17271e+02    0.00000e+00
    2.36609e+24         2.96859e+02    0.00000e+00
    2.36609e+24         2.73545e+02    0.00000e+00
    2.36609e+24         2.59816e+02    0.00000e+00
    2.36609e+24         2.44598e+02    0.00000e+00
    2.36609e+24         2.27427e+02    0.00000e+00
    2.36609e+24         2.07566e+02    0.00000e+00
    2.36609e+24         1.95644e+02    0.00000e+00
    2.36609e+24         1.82225e+02    0.00000e+00
    2.36609e+24         1.66756e+02    0.00000e+00
    2.36609e+24         1.57520e+02    0.00000e+00
    2.36609e+24         1.47170e+02    0.00000e+00
    2.36609e+24         1.35312e+02    0.00000e+00
    2.36609e+24         1.28299e+02    0.00000e+00
    2.36609e+24         1.20497e+02    0.00000e+00
    2.36609e+24         1.11653e+02    0.00000e+00
    2.36609e+24         1.01353e+02    0.00000e+00
    2.36609e+24         9.51024e+01    0.00000e+00
    2.36609e+24         8.80035e+01    0.00000e+00
    2.36609e+24         7.97131e+01    0.00000e+00
    2.36609e+24         7.46609e+01    0.00000e+00
    2.36609e+24         6.89017e+01    0.00000e+00
    2.36609e+24         6.21396e+01    0.00000e+00
    2.36609e+24         5.79826e+01    0.00000e+00
    2.36609e+24         5.32082e+01    0.00000e+00
    2.36609e+24         5.03734e+01    0.00000e+00
    2.36609e+24         4.72105e+01    0.00000e+00
    2.36609e+24         4.36096e+01    0.00000e+00
    2.36609e+24         3.93895e+01    0.00000e+00
    2.36609e+24         3.68031e+01    0.00000e+00
    2.36609e+24         3.38405e+01    0.00000e+00
    2.36609e+24         3.20884e+01    0.00000e+00
    2.36609e+24         3.01398e+01    0.00000e+00
    2.36609e+24         2.79310e+01    0.00000e+00
    2.36609e+24         2.53591e+01    0.00000e+00
    2.36609e+24         2.37991e+01    0.00000e+00
    2.36609e+24         2.20279e+01    0.00000e+00
    2.36609e+24         1.99604e+01    0.00000e+00
    2.36609e+24         1.87014e+01    0.00000e+00
    2.36609e+24         1.72672e+01    0.00000e+00
    2.36609e+24         1.55848e+01    0.00000e+00
    2.36609e+24         1.45522e+01    0.00000e+00
    2.36609e+24         1.33678e+01    0.00000e+00
    2.36609e+24         1.26661e+01    0.00000e+00
    2.36609e+24         1.18844e+01    0.00000e+00
    2.36609e+24         1.09966e+01    0.00000e+00
    2.36609e+24         9.95954e+00    0.00000e+00
    2.36609e+24         9.32742e+00    0.00000e+00
    2.36609e+24         8.60673e+00    0.00000e+00
    2.36609e+24         7.76028e+00    0.00000e+00
    2.36609e+24         7.23970e+00    0.00000e+00
    2.36609e+24         6.64156e+00    0.00000e+00
    2.36609e+24         6.28619e+00    0.00000e+00
    2.36609e+24         5.88951e+00    0.00000e+00
    2.36609e+24         5.43760e+00    0.00000e+00
    2.36609e+24         4.90745e+00    0.00000e+00
    2.36609e+24         4.58201e+00    0.00000e+00
    2.36609e+24         4.20869e+00    0.00000e+00
    2.36609e+24         3.98746e+00    0.00000e+00
    2.36609e+24         3.74099e+00    0.00000e+00
    2.36609e+24         3.46097e+00    0.00000e+00
    2.36609e+24         3.13381e+00    0.00000e+00
    2.36609e+24         2.93430e+00    0.00000e+00
    2.36609e+24         2.70673e+00    0.00000e+00
    2.36609e+24         2.43928e+00    0.00000e+00
    2.36609e+24         2.27463e+00    0.00000e+00
    2.36609e+24         2.08527e+00    0.00000e+00
    2.36609e+24         1.97262e+00    0.00000e+00
    2.36609e+24         1.84673e+00    0.00000e+00
    2.36609e+24         1.70310e+00    0.00000e+00
    2.36609e+24         1.53422e+00    0.00000e+00
    2.36609e+24         1.43016e+00    0.00000e+00
    2.36609e+24         1.31041e+00    0.00000e+00
    2.36609e+24         1.23910e+00    0.00000e+00
    2.36609e+24         1.15934e+00    0.00000e+00
    2.36609e+24         1.06822e+00    0.00000e+00
    2.36609e+24         1.01456e+00    0.00000e+00
    2.36609e+24         9.55076e-01    0.00000e+00
    2.36609e+24         8.87949e-01    0.00000e+00
    2.36609e+24         8.10288e-01    0.00000e+00
    2.36609e+24         7.63658e-01    0.00000e+00
    2.36609e+24         7.11160e-01    0.00000e+00
    2.36609e+24         6.50625e-01    0.00000e+00
    2.36609e+24         6.14462e-01    0.00000e+00
    2.36609e+24         5.73919e-01    0.00000e+00
    2.36609e+24         5.27444e-01    0.00000e+00
    2.36609e+24         4.99932e-01    0.00000e+00
    2.36609e+24         4.69308e-01    0.00000e+00
    2.36609e+24         4.34556e-01    0.00000e+00
    2.36609e+24         3.94025e-01    0.00000e+00
    2.36609e+24         3.69375e-01    0.00000e+00
    2.36609e+24         3.41326e-01    0.00000e+00
    2.36609e+24         3.08478e-01    0.00000e+00
    2.36609e+24         2.88370e-01    0.00000e+00
    2.36609e+24         2.65359e-01    0.00000e+00
    2.36609e+24         2.51772e-01    0.00000e+00
    2.36609e+24         2.36679e-01    0.00000e+00
    2.36609e+24         2.19599e-01    0.00000e+00
    2.36609e+24         1.99760e-01    0.00000e+00
    2.36609e+24         1.87772e-01    0.00000e+00
    2.36609e+24         1.74204e-01    0.00000e+00
    2.36609e+24         1.58441e-01    0.00000e+00
    2.36609e+24         1.48913e-01    0.00000e+00
    2.36609e+24         1.38126e-01    0.00000e+00
    2.36609e+24         1.25590e-01    0.00000e+00
    2.36609e+24         1.18007e-01    0.00000e+00
    2.36609e+24         1.09420e-01    0.00000e+00
    2.36609e+24         9.94307e-02    0.00000e+00
    2.36609e+24         9.33824e-02    0.00000e+00
    2.36609e+24         8.65252e-02    0.00000e+00
    2.36609e+24         7.85381e-02    0.00000e+00
    2.36609e+24         7.36909e-02    0.00000e+00
    2.36609e+24         6.81852e-02    0.00000e+00
    2.36609e+24         6.17544e-02    0.00000e+00
    2.36609e+24         5.78345e-02    0.00000e+00
    2.36609e+24         5.33651e-02    0.00000e+00
    2.36609e+24         4.81159e-02    0.00000e+00
    2.36609e+24         4.48873e-02    0.00000e+00
    2.36609e+24         4.11776e-02    0.00000e+00
    2.36609e+24         3.89735e-02    0.00000e+00
    2.36609e+24         3.65131e-02    0.00000e+00
    2.36609e+24         3.37098e-02    0.00000e+00
    2.36609e+24         3.04210e-02    0.00000e+00
    2.36609e+24         2.84018e-02    0.00000e+00
    2.36609e+24         2.60853e-02    0.00000e+00
    2.36609e+24         2.47122e-02    0.00000e+00
    2.36609e+24         2.31823e-02    0.00000e+00
    2.36609e+24         2.14437e-02    0.00000e+00
    2.36609e+24         1.94119e-02    0.00000e+00
    2.36609e+24         1.81721e-02    0.00000e+00
    2.36609e+24         1.67575e-02    0.00000e+00
    2.36609e+24         1.50939e-02    0.00000e+00
    2.36609e+24         1.40686e-02    0.00000e+00
    2.36609e+24         1.28885e-02    0.00000e+00
    2.36609e+24         1.21854e-02    0.00000e+00
    2.36609e+24         1.13989e-02    0.00000e+00
    2.36609e+24         1.05000e-02    0.00000e+00
    2.36609e+24         9.97038e-03    0.00000e+00
    2.36609e+24         9.38296e-03    0.00000e+00
    2.36609e+24         8.71968e-03    0.00000e+00
    2.36609e+24         7.95166e-03    0.00000e+00
    2.36609e+24         7.48988e-03    0.00000e+00
    2.36609e+24         6.96941e-03    0.00000e+00
    2.36609e+24         6.36830e-03    0.00000e+00
    2.36609e+24         6.00833e-03    0.00000e+00
    2.36609e+24         5.60394e-03    0.00000e+00
    2.36609e+24         5.13907e-03    0.00000e+00
    2.36609e+24         4.86268e-03    0.00000e+00
    2.36609e+24         4.55399e-03    0.00000e+00
    2.36609e+24         4.20202e-03    0.00000e+00
    2.36609e+24         3.78862e-03    0.00000e+00
    2.36609e+24         3.53435e-03    0.00000e+00
    2.36609e+24         3.24218e-03    0.00000e+00
    2.36609e+24         3.06858e-03    0.00000e+00
    2.36609e+24         2.87479e-03    0.00000e+00
    2.36609e+24         2.65398e-03    0.00000e+00
    2.36609e+24         2.39490e-03    0.00000e+00
    2.36609e+24         2.23582e-03    0.00000e+00
    2.36609e+24         2.05330e-03    0.00000e+00
    2.36609e+24         1.94509e-03    0.00000e+00
    2.36609e+24         1.82450e-03    0.00000e+00
    2.36609e+24         1.68746e-03    0.00000e+00
    2.36609e+24         1.52724e-03    0.00000e+00
    2.36609e+24         1.42945e-03    0.00000e+00
    2.36609e+24         1.31781e-03    0.00000e+00
    2.36609e+24         1.18646e-03    0.00000e+00
    2.36609e+24         1.10544e-03    0.00000e+00
    2.36609e+24         1.01211e-03    0.00000e+00
    2.36609e+24         9.56440e-04    0.00000e+00
    2.36609e+24         8.94101e-04    0.00000e+00
    2.36609e+24         8.22766e-04    0.00000e+00
    2.36609e+24         7.80646e-04    0.00000e+00
    2.36609e+24         7.33858e-04    0.00000e+00
    2.36609e+24         6.80913e-04    0.00000e+00
    2.36609e+24         6.19415e-04    0.00000e+00
    2.36609e+24         5.82257e-04    0.00000e+00
    2.36609e+24         5.40206e-04    0.00000e+00
    2.36609e+24         4.91352e-04    0.00000e+00
    2.36609e+24         4.61826e-04    0.00000e+00
    2.36609e+24         4.28405e-04    0.00000e+00
    2.36609e+24         3.89565e-04    0.00000e+00
    2.36609e+24         3.66080e-04    0.00000e+00
    2.36609e+24         3.39485e-04    0.00000e+00
    2.36609e+24         3.08559e-04    0.00000e+00
    2.36609e+24         2.89842e-04    0.00000e+00
    2.36609e+24         2.68629e-04    0.00000e+00
    2.36609e+24         2.43933e-04    0.00000e+00
    2.36609e+24         2.28958e-04    0.00000e+00
    2.36609e+24         2.11961e-04    0.00000e+00
    2.36609e+24         1.92128e-04    0.00000e+00
    2.36609e+24         1.80059e-04    0.00000e+00
    2.36609e+24         1.66317e-04    0.00000e+00
    2.36609e+24         1.50211e-04    0.00000e+00
    2.36609e+24         1.40339e-04    0.00000e+00
    2.36609e+24         1.29028e-04    0.00000e+00
    2.36609e+24         1.22338e-04    0.00000e+00
    2.36609e+24         1.14896e-04    0.00000e+00
    2.36609e+24         1.06459e-04    0.00000e+00
    2.36609e+24         9.66319e-05    0.00000e+00
    2.36609e+24         9.06679e-05    0.00000e+00
    2.36609e+24         8.38936e-05    0.00000e+00
    2.36609e+24         7.59810e-05    0.00000e+00
    2.36609e+24         7.11578e-05    0.00000e+00
    2.36609e+24         6.56586e-05    0.00000e+00
    2.36609e+24         5.91997e-05    0.00000e+00
    2.36609e+24         5.52271e-05    0.00000e+00
    2.36609e+24         5.06624e-05    0.00000e+00
    2.36609e+24         4.79503e-05    0.00000e+00
    2.36609e+24         4.49226e-05    0.00000e+00
    2.36609e+24         4.14732e-05    0.00000e+00
    2.36609e+24         3.74260e-05    0.00000e+00
    2.36609e+24         3.49411e-05    0.00000e+00
    2.36609e+24         3.20902e-05    0.00000e+00
    2.36609e+24         3.04002e-05    0.00000e+00
    2.36609e+24         2.85171e-05    0.00000e+00
    2.36609e+24         2.63771e-05    0.00000e+00


