              t                   M              a
    1.23833e-21         1.00000e+17    8.00000e-01
    2.47665e-21         1.00000e+17    8.00000e-01
    4.95331e-21         1.00000e+17    8.00000e-01
    9.90662e-21         1.00000e+17    8.00000e-01
    1.98132e-20         1.00000e+17    8.00000e-01
    3.96265e-20         1.00000e+17    8.00000e-01
    7.92530e-20         1.00000e+17    8.00000e-01
    1.58506e-19         1.00000e+17    8.00000e-01
    3.17012e-19         1.00000e+17    8.00000e-01
    6.34024e-19         1.00000e+17    8.00000e-01
    1.26805e-18         1.00000e+17    8.00000e-01
    2.53609e-18         1.00000e+17    8.00000e-01
    5.07219e-18         1.00000e+17    8.00000e-01
    1.01444e-17         1.00000e+17    8.00000e-01
    2.02888e-17         1.00000e+17    8.00000e-01
    4.05775e-17         1.00000e+17    8.00000e-01
    8.11550e-17         1.00000e+17    8.00000e-01
    1.62310e-16         1.00000e+17    8.00000e-01
    3.24620e-16         1.00000e+17    8.00000e-01
    6.49240e-16         1.00000e+17    8.00000e-01
    1.29848e-15         1.00000e+17    8.00000e-01
    2.59696e-15         1.00000e+17    8.00000e-01
    5.19392e-15         1.00000e+17    8.00000e-01
    1.03878e-14         1.00000e+17    8.00000e-01
    2.07757e-14         1.00000e+17    8.00000e-01
    4.15514e-14         1.00000e+17    8.00000e-01
    8.31027e-14         1.00000e+17    8.00000e-01
    1.66205e-13         1.00000e+17    8.00000e-01
    3.32411e-13         1.00000e+17    8.00000e-01
    6.64822e-13         1.00000e+17    8.00000e-01
    1.32964e-12         1.00000e+17    8.00000e-01
    2.65929e-12         1.00000e+17    8.00000e-01
    5.31858e-12         1.00000e+17    8.00000e-01
    1.06372e-11         1.00000e+17    8.00000e-01
    2.12743e-11         1.00000e+17    8.00000e-01
    4.25486e-11         1.00000e+17    8.00000e-01
    8.50972e-11         1.00000e+17    8.00000e-01
    1.70194e-10         1.00000e+17    8.00000e-01
    3.40389e-10         1.00000e+17    8.00000e-01
    6.80778e-10         1.00000e+17    8.00000e-01
    1.36156e-09         1.00000e+17    8.00000e-01
    2.72311e-09         1.00000e+17    8.00000e-01
    5.44622e-09         1.00000e+17    8.00000e-01
    1.08924e-08         1.00000e+17    8.00000e-01
    2.17849e-08         1.00000e+17    8.00000e-01
    4.35698e-08         1.00000e+17    8.00000e-01
    8.71395e-08         1.00000e+17    8.00000e-01
    1.74279e-07         1.00000e+17    8.00000e-01
    3.48558e-07         1.00000e+17    8.00000e-01
    6.97116e-07         1.00000e+17    8.00000e-01
    1.39423e-06         1.00000e+17    8.00000e-01
    2.78847e-06         1.00000e+17    8.00000e-01
    5.57693e-06         1.00000e+17    8.00000e-01
    1.11539e-05         1.00000e+17    8.00000e-01
    2.23077e-05         1.00000e+17    8.00000e-01
    4.46154e-05         1.00000e+17    8.00000e-01
    8.92309e-05         1.00000e+17    8.00000e-01
    1.78462e-04         1.00000e+17    8.00000e-01
    3.56924e-04         1.00000e+17    8.00000e-01
    7.13847e-04         1.00000e+17    8.00000e-01
    1.42769e-03         1.00000e+17    8.00000e-01
    2.85539e-03         1.00000e+17    8.00000e-01
    5.71078e-03         1.00000e+17    8.00000e-01
    1.14216e-02         1.00000e+17    8.00000e-01
    2.28431e-02         1.00000e+17    8.00000e-01
    4.56862e-02         1.00000e+17    8.00000e-01
    9.13724e-02         1.00000e+17    8.00000e-01
    1.82745e-01         1.00000e+17    8.00000e-01
    3.65490e-01         1.00000e+17    8.00000e-01
    7.30979e-01         1.00000e+17    8.00000e-01
    1.46196e+00         1.00000e+17    8.00000e-01
    2.92392e+00         1.00000e+17    8.00000e-01
    5.84784e+00         1.00000e+17    8.00000e-01
    1.16957e+01         1.00000e+17    8.00000e-01
    2.33913e+01         1.00000e+17    8.00000e-01
    4.67827e+01         1.00000e+17    8.00000e-01
    9.35654e+01         1.00000e+17    8.00000e-01
    1.87131e+02         1.00000e+17    8.00000e-01
    3.74261e+02         1.00000e+17    8.00000e-01
    7.48523e+02         1.00000e+17    8.00000e-01
    1.49705e+03         1.00000e+17    8.00000e-01
    2.99409e+03         1.00000e+17    8.00000e-01
    5.98818e+03         1.00000e+17    8.00000e-01
    1.19764e+04         1.00000e+17    8.00000e-01
    2.39527e+04         1.00000e+17    8.00000e-01
    4.79055e+04         1.00000e+17    8.00000e-01
    9.58109e+04         1.00000e+17    8.00000e-01
    1.91622e+05         1.00000e+17    8.00000e-01
    3.83244e+05         1.00000e+17    8.00000e-01
    7.66488e+05         1.00000e+17    8.00000e-01
    1.53298e+06         1.00000e+17    8.00000e-01
    3.06595e+06         1.00000e+17    8.00000e-01
    6.13190e+06         1.00000e+17    8.00000e-01
    1.22638e+07         1.00000e+17    8.00000e-01
    2.45276e+07         1.00000e+17    8.00000e-01
    4.90552e+07         1.00000e+17    8.00000e-01
    9.81104e+07         1.00000e+17    8.00000e-01
    1.96221e+08         1.00000e+17    8.00000e-01
    3.92442e+08         1.00000e+17    8.00000e-01
    7.84883e+08         1.00000e+17    8.00000e-01
    1.56977e+09         1.00000e+17    8.00000e-01
    3.13953e+09         1.00000e+17    8.00000e-01
    6.27907e+09         1.00000e+17    8.00000e-01
    1.25581e+10         1.00000e+17    8.00000e-01
    2.51163e+10         1.00000e+17    8.00000e-01
    5.02325e+10         1.00000e+17    8.00000e-01
    1.00465e+11         1.00000e+17    8.00000e-01
    2.00930e+11         1.00000e+17    8.00000e-01
    4.01860e+11         1.00000e+17    8.00000e-01
    8.03720e+11         1.00000e+17    8.00000e-01
    1.60744e+12         1.00000e+17    8.00000e-01
    3.21488e+12         1.00000e+17    8.00000e-01
    6.42976e+12         1.00000e+17    8.00000e-01
    1.28595e+13         1.00000e+17    8.00000e-01
    2.57191e+13         1.00000e+17    8.00000e-01
    5.14381e+13         1.00000e+17    8.00000e-01
    1.02876e+14         1.00000e+17    8.00000e-01
    2.05752e+14         1.00000e+17    8.00000e-01
    4.11505e+14         9.99999e+16    7.99999e-01
    8.23010e+14         9.99999e+16    7.99998e-01
    1.64602e+15         9.99997e+16    7.99997e-01
    3.29204e+15         9.99994e+16    7.99993e-01
    6.58408e+15         9.99988e+16    7.99986e-01
    1.31682e+16         9.99976e+16    7.99973e-01
    2.63363e+16         9.99953e+16    7.99946e-01
    5.26726e+16         9.99905e+16    7.99891e-01
    1.05345e+17         9.99810e+16    7.99782e-01
    2.10690e+17         9.99621e+16    7.99565e-01
    4.21381e+17         9.99241e+16    7.99130e-01
    8.42762e+17         9.98484e+16    7.98262e-01
    1.68552e+18         9.96971e+16    7.96534e-01
    3.37105e+18         9.93959e+16    7.93108e-01
    6.74210e+18         9.87984e+16    7.86373e-01
    1.34842e+19         9.76140e+16    7.73298e-01
    2.02263e+19         9.64418e+16    7.60935e-01
    2.69684e+19         9.52806e+16    7.49255e-01
    3.37105e+19         9.41221e+16    7.38160e-01
    4.04526e+19         9.29574e+16    7.27534e-01
    4.71947e+19         9.17855e+16    7.17361e-01
    5.39368e+19         9.06050e+16    7.07613e-01
    6.06789e+19         8.94068e+16    6.98213e-01
    6.74210e+19         8.81895e+16    6.89151e-01
    7.41631e+19         8.69513e+16    6.80418e-01
    8.09051e+19         8.56902e+16    6.71982e-01
    8.76472e+19         8.43974e+16    6.63807e-01
    9.43893e+19         8.30704e+16    6.55885e-01
    1.01131e+20         8.17064e+16    6.48209e-01
    1.07874e+20         8.03022e+16    6.40773e-01
    1.14616e+20         7.88550e+16    6.33486e-01
    1.21358e+20         7.73601e+16    6.26315e-01
    1.28100e+20         7.58128e+16    6.19259e-01
    1.34842e+20         7.42077e+16    6.12314e-01
    1.41584e+20         7.25387e+16    6.05477e-01
    1.48326e+20         7.07950e+16    5.98751e-01
    1.55068e+20         6.89642e+16    5.92141e-01
    1.61810e+20         6.70345e+16    5.85645e-01
    1.68552e+20         6.49917e+16    5.79258e-01
    1.75294e+20         6.28185e+16    5.72970e-01
    1.82037e+20         6.04923e+16    5.66776e-01
    1.88779e+20         5.79864e+16    5.60507e-01
    1.95521e+20         5.52622e+16    5.54138e-01
    2.02263e+20         5.22661e+16    5.47637e-01
    2.09005e+20         4.89203e+16    5.40969e-01
    2.15747e+20         4.51064e+16    5.34064e-01
    2.22489e+20         4.06231e+16    5.26834e-01
    2.25860e+20         3.78573e+16    5.22972e-01
    2.29231e+20         3.46716e+16    5.18898e-01
    2.30917e+20         3.27718e+16    5.16721e-01
    2.32602e+20         3.06449e+16    5.14440e-01
    2.34288e+20         2.82120e+16    5.12025e-01
    2.35131e+20         2.67765e+16    5.10729e-01
    2.35973e+20         2.51827e+16    5.09371e-01
    2.36816e+20         2.33805e+16    5.07934e-01
    2.37659e+20         2.12895e+16    5.06396e-01
    2.38080e+20         2.00285e+16    5.05557e-01
    2.38502e+20         1.86035e+16    5.04668e-01
    2.38923e+20         1.69517e+16    5.03713e-01
    2.39134e+20         1.59570e+16    5.03191e-01
    2.39344e+20         1.48343e+16    5.02636e-01
    2.39555e+20         1.35352e+16    5.02040e-01
    2.39660e+20         1.27550e+16    5.01713e-01
    2.39766e+20         1.18763e+16    5.01366e-01
    2.39871e+20         1.08628e+16    5.00991e-01
    2.39924e+20         1.02571e+16    5.00786e-01
    2.39976e+20         9.57765e+15    5.00567e-01
    2.40029e+20         8.79841e+15    5.00332e-01
    2.40055e+20         8.33671e+15    5.00203e-01
    2.40082e+20         7.82245e+15    5.00066e-01
    2.40108e+20         7.23834e+15    4.99919e-01
    2.40134e+20         6.55615e+15    4.99759e-01
    2.40148e+20         6.14037e+15    4.99667e-01
    2.40161e+20         5.66637e+15    4.99568e-01
    2.40174e+20         5.10974e+15    4.99458e-01
    2.40181e+20         4.76748e+15    4.99395e-01
    2.40187e+20         4.37431e+15    4.99326e-01
    2.40190e+20         4.14080e+15    4.99288e-01
    2.40194e+20         3.88021e+15    4.99246e-01
    2.40197e+20         3.58344e+15    4.99201e-01
    2.40200e+20         3.23547e+15    4.99151e-01
    2.40202e+20         3.02206e+15    4.99122e-01
    2.40204e+20         2.77743e+15    4.99091e-01
    2.40204e+20         2.63262e+15    4.99074e-01
    2.40205e+20         2.47145e+15    4.99055e-01
    2.40206e+20         2.28856e+15    4.99035e-01
    2.40207e+20         2.07528e+15    4.99013e-01
    2.40207e+20         1.94559e+15    4.99000e-01
    2.40208e+20         1.79804e+15    4.98986e-01
    2.40208e+20         1.62527e+15    4.98972e-01
    2.40208e+20         1.51955e+15    4.98963e-01
    2.40209e+20         1.39860e+15    4.98953e-01
    2.40209e+20         1.32722e+15    4.98947e-01
    2.40209e+20         1.24795e+15    4.98941e-01
    2.40209e+20         1.15829e+15    4.98934e-01
    2.40209e+20         1.05421e+15    4.98926e-01
    2.40209e+20         9.91381e+14    4.98921e-01
    2.40209e+20         9.20343e+14    4.98915e-01
    2.40209e+20         8.37914e+14    4.98908e-01
    2.40209e+20         7.88192e+14    4.98904e-01
    2.40209e+20         7.31998e+14    4.98898e-01
    2.40209e+20         6.66845e+14    4.98891e-01
    2.40209e+20         6.27591e+14    4.98886e-01
    2.40209e+20         5.83273e+14    4.98880e-01
    2.40209e+20         5.31963e+14    4.98872e-01
    2.40209e+20         5.01119e+14    4.98865e-01
    2.40209e+20         4.66362e+14    4.98857e-01
    2.40209e+20         4.26230e+14    4.98845e-01
    2.40209e+20         4.02207e+14    4.98836e-01
    2.40209e+20         3.75228e+14    4.98824e-01
    2.40209e+20         3.44229e+14    4.98808e-01
    2.40209e+20         3.25812e+14    4.98795e-01
    2.40209e+20         3.05253e+14    4.98780e-01
    2.40209e+20         2.81832e+14    4.98761e-01
    2.40209e+20         2.54357e+14    4.98736e-01
    2.40209e+20         2.37490e+14    4.98720e-01
    2.40209e+20         2.18143e+14    4.98701e-01
    2.40209e+20         2.06677e+14    4.98689e-01
    2.40209e+20         1.93904e+14    4.98677e-01
    2.40209e+20         1.79393e+14    4.98662e-01
    2.40209e+20         1.62438e+14    4.98645e-01
    2.40209e+20         1.52099e+14    4.98636e-01
    2.40209e+20         1.40307e+14    4.98624e-01
    2.40209e+20         1.26449e+14    4.98611e-01
    2.40209e+20         1.17918e+14    4.98603e-01
    2.40209e+20         1.08107e+14    4.98594e-01
    2.40209e+20         1.02272e+14    4.98589e-01
    2.40209e+20         9.57510e+13    4.98583e-01
    2.40209e+20         8.83119e+13    4.98576e-01
    2.40209e+20         7.95667e+13    4.98568e-01
    2.40209e+20         7.41801e+13    4.98562e-01
    2.40209e+20         6.79827e+13    4.98556e-01
    2.40209e+20         6.42933e+13    4.98552e-01
    2.40209e+20         6.01683e+13    4.98547e-01
    2.40209e+20         5.54583e+13    4.98542e-01
    2.40209e+20         4.99143e+13    4.98535e-01
    2.40209e+20         4.64922e+13    4.98530e-01
    2.40209e+20         4.25478e+13    4.98524e-01
    2.40209e+20         4.01930e+13    4.98520e-01
    2.40209e+20         3.75541e+13    4.98515e-01
    2.40209e+20         3.45313e+13    4.98508e-01
    2.40209e+20         3.27437e+13    4.98503e-01
    2.40209e+20         3.07556e+13    4.98497e-01
    2.40209e+20         2.85021e+13    4.98490e-01
    2.40209e+20         2.58781e+13    4.98480e-01
    2.40209e+20         2.42865e+13    4.98473e-01
    2.40209e+20         2.24796e+13    4.98464e-01
    2.40209e+20         2.03704e+13    4.98454e-01
    2.40209e+20         1.90860e+13    4.98447e-01
    2.40209e+20         1.76231e+13    4.98438e-01
    2.40209e+20         1.59071e+13    4.98428e-01
    2.40209e+20         1.48540e+13    4.98422e-01
    2.40209e+20         1.36463e+13    4.98414e-01
    2.40209e+20         1.29308e+13    4.98408e-01
    2.40209e+20         1.21340e+13    4.98402e-01
    2.40209e+20         1.12290e+13    4.98394e-01
    2.40209e+20         1.01723e+13    4.98384e-01
    2.40209e+20         9.52846e+12    4.98377e-01
    2.40209e+20         8.79467e+12    4.98370e-01
    2.40209e+20         7.93332e+12    4.98360e-01
    2.40209e+20         7.40405e+12    4.98353e-01
    2.40209e+20         6.79640e+12    4.98345e-01
    2.40209e+20         6.43581e+12    4.98341e-01
    2.40209e+20         6.03369e+12    4.98336e-01
    2.40209e+20         5.57618e+12    4.98330e-01
    2.40209e+20         5.04052e+12    4.98323e-01
    2.40209e+20         4.71274e+12    4.98318e-01
    2.40209e+20         4.33778e+12    4.98314e-01
    2.40209e+20         4.11649e+12    4.98311e-01
    2.40209e+20         3.87076e+12    4.98308e-01
    2.40209e+20         3.59284e+12    4.98305e-01
    2.40209e+20         3.27026e+12    4.98301e-01
    2.40209e+20         3.07559e+12    4.98299e-01
    2.40209e+20         2.85549e+12    4.98297e-01
    2.40209e+20         2.60015e+12    4.98294e-01
    2.40209e+20         2.44617e+12    4.98293e-01
    2.40209e+20         2.27220e+12    4.98291e-01
    2.40209e+20         2.07057e+12    4.98289e-01
    2.40209e+20         1.94917e+12    4.98287e-01
    2.40209e+20         1.81217e+12    4.98286e-01
    2.40209e+20         1.65367e+12    4.98284e-01
    2.40209e+20         1.55850e+12    4.98283e-01
    2.40209e+20         1.45135e+12    4.98281e-01
    2.40209e+20         1.32780e+12    4.98279e-01
    2.40209e+20         1.25400e+12    4.98278e-01
    2.40209e+20         1.17125e+12    4.98277e-01
    2.40209e+20         1.07639e+12    4.98275e-01
    2.40209e+20         1.02023e+12    4.98273e-01
    2.40209e+20         9.57726e+11    4.98270e-01
    2.40209e+20         8.86792e+11    4.98265e-01
    2.40209e+20         8.04053e+11    4.98259e-01
    2.40209e+20         7.53732e+11    4.98253e-01
    2.40209e+20         6.96467e+11    4.98246e-01
    2.40209e+20         6.29397e+11    4.98236e-01
    2.40209e+20         5.88333e+11    4.98229e-01
    2.40209e+20         5.41337e+11    4.98219e-01
    2.40209e+20         5.13582e+11    4.98214e-01
    2.40209e+20         4.82746e+11    4.98207e-01
    2.40209e+20         4.47845e+11    4.98200e-01
    2.40209e+20         4.07291e+11    4.98190e-01
    2.40209e+20         3.82775e+11    4.98185e-01
    2.40209e+20         3.55018e+11    4.98178e-01
    2.40209e+20         3.22751e+11    4.98170e-01
    2.40209e+20         3.03230e+11    4.98164e-01
    2.40209e+20         2.81114e+11    4.98156e-01
    2.40209e+20         2.55381e+11    4.98148e-01
    2.40209e+20         2.39791e+11    4.98142e-01
    2.40209e+20         2.22108e+11    4.98135e-01
    2.40209e+20         2.01497e+11    4.98126e-01
    2.40209e+20         1.88975e+11    4.98120e-01
    2.40209e+20         1.74739e+11    4.98113e-01
    2.40209e+20         1.58088e+11    4.98106e-01
    2.40209e+20         1.47916e+11    4.98101e-01
    2.40209e+20         1.36298e+11    4.98095e-01
    2.40209e+20         1.29456e+11    4.98092e-01
    2.40209e+20         1.21872e+11    4.98088e-01
    2.40209e+20         1.13315e+11    4.98084e-01
    2.40209e+20         1.03416e+11    4.98079e-01
    2.40209e+20         9.74741e+10    4.98077e-01
    2.40209e+20         9.07853e+10    4.98074e-01
    2.40209e+20         8.30747e+10    4.98071e-01
    2.40209e+20         7.84705e+10    4.98069e-01
    2.40209e+20         7.33101e+10    4.98067e-01
    2.40209e+20         6.73977e+10    4.98064e-01
    2.40209e+20         6.39000e+10    4.98063e-01
    2.40209e+20         6.00090e+10    4.98062e-01
    2.40209e+20         5.55971e+10    4.98060e-01
    2.40209e+20         5.04571e+10    4.98058e-01
    2.40209e+20         4.73369e+10    4.98057e-01
    2.40209e+20         4.37918e+10    4.98056e-01
    2.40209e+20         3.96494e+10    4.98054e-01
    2.40209e+20         3.71228e+10    4.98054e-01
    2.40209e+20         3.42407e+10    4.98053e-01
    2.40209e+20         3.08528e+10    4.98052e-01
    2.40209e+20         2.87665e+10    4.98051e-01
    2.40209e+20         2.63666e+10    4.98051e-01
    2.40209e+20         2.49382e+10    4.98051e-01
    2.40209e+20         2.33416e+10    4.98050e-01
    2.40209e+20         2.15190e+10    4.98050e-01
    2.40209e+20         1.93746e+10    4.98049e-01
    2.40209e+20         1.80520e+10    4.98049e-01
    2.40209e+20         1.65284e+10    4.98049e-01
    2.40209e+20         1.56197e+10    4.98049e-01
    2.40209e+20         1.46022e+10    4.98049e-01
    2.40209e+20         1.34379e+10    4.98048e-01
    2.40209e+20         1.27506e+10    4.98048e-01
    2.40209e+20         1.19871e+10    4.98048e-01
    2.40209e+20         1.11233e+10    4.98048e-01
    2.40209e+20         1.01201e+10    4.98048e-01
    2.40209e+20         9.51411e+09    4.98048e-01
    2.40209e+20         8.82848e+09    4.98048e-01
    2.40209e+20         8.03223e+09    4.98048e-01
    2.40209e+20         7.55126e+09    4.98048e-01
    2.40209e+20         7.00706e+09    4.98048e-01
    2.40209e+20         6.37505e+09    4.98048e-01
    2.40209e+20         5.99329e+09    4.98048e-01
    2.40209e+20         5.56134e+09    4.98048e-01
    2.40209e+20         5.05968e+09    4.98048e-01
    2.40209e+20         4.75665e+09    4.98048e-01
    2.40209e+20         4.41378e+09    4.98048e-01
    2.40209e+20         4.01557e+09    4.98048e-01
    2.40209e+20         3.77502e+09    4.98047e-01
    2.40209e+20         3.50283e+09    4.98047e-01
    2.40209e+20         3.18670e+09    4.98047e-01
    2.40209e+20         2.99572e+09    4.98047e-01
    2.40209e+20         2.77962e+09    4.98047e-01
    2.40209e+20         2.52860e+09    4.98047e-01
    2.40209e+20         2.37693e+09    4.98047e-01
    2.40209e+20         2.20530e+09    4.98047e-01
    2.40209e+20         2.00590e+09    4.98047e-01
    2.40209e+20         1.88540e+09    4.98047e-01
    2.40209e+20         1.74901e+09    4.98047e-01
    2.40209e+20         1.59051e+09    4.98047e-01
    2.40209e+20         1.49467e+09    4.98047e-01
    2.40209e+20         1.38616e+09    4.98047e-01
    2.40209e+20         1.25999e+09    4.98047e-01
    2.40209e+20         1.18363e+09    4.98047e-01
    2.40209e+20         1.09711e+09    4.98047e-01
    2.40209e+20         9.96409e+08    4.98047e-01
    2.40209e+20         9.35365e+08    4.98047e-01
    2.40209e+20         8.66092e+08    4.98047e-01
    2.40209e+20         7.85295e+08    4.98047e-01
    2.40209e+20         7.36155e+08    4.98047e-01
    2.40209e+20         6.80237e+08    4.98047e-01
    2.40209e+20         6.14747e+08    4.98047e-01
    2.40209e+20         5.74654e+08    4.98047e-01
    2.40209e+20         5.28771e+08    4.98047e-01
    2.40209e+20         5.01676e+08    4.98047e-01
    2.40209e+20         4.71574e+08    4.98047e-01
    2.40209e+20         4.37507e+08    4.98047e-01
    2.40209e+20         3.97928e+08    4.98047e-01
    2.40209e+20         3.74007e+08    4.98047e-01
    2.40209e+20         3.46927e+08    4.98047e-01
    2.40209e+20         3.15455e+08    4.98047e-01
    2.40209e+20         2.96422e+08    4.98047e-01
    2.40209e+20         2.74867e+08    4.98047e-01
    2.40209e+20         2.49798e+08    4.98047e-01
    2.40209e+20         2.34622e+08    4.98047e-01
    2.40209e+20         2.17419e+08    4.98047e-01
    2.40209e+20         1.97385e+08    4.98047e-01
    2.40209e+20         1.85232e+08    4.98047e-01
    2.40209e+20         1.71432e+08    4.98047e-01
    2.40209e+20         1.55321e+08    4.98047e-01
    2.40209e+20         1.45508e+08    4.98047e-01
    2.40209e+20         1.34326e+08    4.98047e-01
    2.40209e+20         1.21205e+08    4.98047e-01
    2.40209e+20         1.13147e+08    4.98047e-01
    2.40209e+20         1.03901e+08    4.98047e-01
    2.40209e+20         9.84180e+07    4.98047e-01
    2.40209e+20         9.23075e+07    4.98047e-01
    2.40209e+20         8.53613e+07    4.98047e-01
    2.40209e+20         7.72386e+07    4.98047e-01
    2.40209e+20         7.22781e+07    4.98047e-01
    2.40209e+20         6.66133e+07    4.98047e-01
    2.40209e+20         6.32788e+07    4.98047e-01
    2.40209e+20         5.95835e+07    4.98047e-01
    2.40209e+20         5.54156e+07    4.98047e-01
    2.40209e+20         5.05973e+07    4.98047e-01
    2.40209e+20         4.77074e+07    4.98047e-01
    2.40209e+20         4.44568e+07    4.98047e-01
    2.40209e+20         4.07135e+07    4.98047e-01
    2.40209e+20         3.84818e+07    4.98047e-01
    2.40209e+20         3.59838e+07    4.98047e-01
    2.40209e+20         3.31270e+07    4.98047e-01
    2.40209e+20         3.14415e+07    4.98047e-01
    2.40209e+20         2.95706e+07    4.98047e-01
    2.40209e+20         2.74553e+07    4.98047e-01
    2.40209e+20         2.50016e+07    4.98047e-01
    2.40209e+20         2.35222e+07    4.98047e-01
    2.40209e+20         2.18507e+07    4.98047e-01
    2.40209e+20         1.99138e+07    4.98047e-01
    2.40209e+20         1.87478e+07    4.98047e-01
    2.40209e+20         1.74322e+07    4.98047e-01
    2.40209e+20         1.59106e+07    4.98047e-01
    2.40209e+20         1.49973e+07    4.98047e-01
    2.40209e+20         1.39694e+07    4.98047e-01
    2.40209e+20         1.27846e+07    4.98047e-01
    2.40209e+20         1.20774e+07    4.98047e-01
    2.40209e+20         1.12849e+07    4.98047e-01
    2.40209e+20         1.03771e+07    4.98047e-01
    2.40209e+20         9.84037e+06    4.98047e-01
    2.40209e+20         9.24347e+06    4.98047e-01
    2.40209e+20         8.56699e+06    4.98047e-01
    2.40209e+20         7.77946e+06    4.98047e-01
    2.40209e+20         7.30194e+06    4.98047e-01
    2.40209e+20         6.75991e+06    4.98047e-01
    2.40209e+20         6.12748e+06    4.98047e-01
    2.40209e+20         5.74263e+06    4.98047e-01
    2.40209e+20         5.30446e+06    4.98047e-01
    2.40209e+20         4.79091e+06    4.98047e-01
    2.40209e+20         4.47614e+06    4.98047e-01
    2.40209e+20         4.11553e+06    4.98047e-01
    2.40209e+20         3.90225e+06    4.98047e-01
    2.40209e+20         3.66502e+06    4.98047e-01
    2.40209e+20         3.39608e+06    4.98047e-01
    2.40209e+20         3.08287e+06    4.98047e-01
    2.40209e+20         2.89282e+06    4.98047e-01
    2.40209e+20         2.67698e+06    4.98047e-01
    2.40209e+20         2.42493e+06    4.98047e-01
    2.40209e+20         2.27135e+06    4.98047e-01
    2.40209e+20         2.09629e+06    4.98047e-01
    2.40209e+20         1.89078e+06    4.98047e-01
    2.40209e+20         1.76447e+06    4.98047e-01
    2.40209e+20         1.61943e+06    4.98047e-01
    2.40209e+20         1.53334e+06    4.98047e-01
    2.40209e+20         1.43731e+06    4.98047e-01
    2.40209e+20         1.32801e+06    4.98047e-01
    2.40209e+20         1.19999e+06    4.98047e-01
    2.40209e+20         1.12160e+06    4.98047e-01
    2.40209e+20         1.03186e+06    4.98047e-01
    2.40209e+20         9.78846e+05    4.98047e-01
    2.40209e+20         9.19935e+05    4.98047e-01
    2.40209e+20         8.53238e+05    4.98047e-01
    2.40209e+20         7.75705e+05    4.98047e-01
    2.40209e+20         7.28802e+05    4.98047e-01
    2.40209e+20         6.75668e+05    4.98047e-01
    2.40209e+20         6.13848e+05    4.98047e-01
    2.40209e+20         5.76399e+05    4.98047e-01
    2.40209e+20         5.33925e+05    4.98047e-01
    2.40209e+20         4.84426e+05    4.98047e-01
    2.40209e+20         4.54359e+05    4.98047e-01
    2.40209e+20         4.20182e+05    4.98047e-01
    2.40209e+20         3.80219e+05    4.98047e-01
    2.40209e+20         3.55817e+05    4.98047e-01
    2.40209e+20         3.27952e+05    4.98047e-01
    2.40209e+20         3.11552e+05    4.98047e-01
    2.40209e+20         2.93379e+05    4.98047e-01
    2.40209e+20         2.72886e+05    4.98047e-01
    2.40209e+20         2.49199e+05    4.98047e-01
    2.40209e+20         2.34997e+05    4.98047e-01
    2.40209e+20         2.19026e+05    4.98047e-01
    2.40209e+20         2.00641e+05    4.98047e-01
    2.40209e+20         1.89687e+05    4.98047e-01
    2.40209e+20         1.77432e+05    4.98047e-01
    2.40209e+20         1.63425e+05    4.98047e-01
    2.40209e+20         1.55169e+05    4.98047e-01
    2.40209e+20         1.46011e+05    4.98047e-01
    2.40209e+20         1.35669e+05    4.98047e-01
    2.40209e+20         1.23690e+05    4.98047e-01
    2.40209e+20         1.16485e+05    4.98047e-01
    2.40209e+20         1.08360e+05    4.98047e-01
    2.40209e+20         9.89707e+04    4.98047e-01
    2.40209e+20         9.33432e+04    4.98047e-01
    2.40209e+20         8.70168e+04    4.98047e-01
    2.40209e+20         7.97371e+04    4.98047e-01
    2.40209e+20         7.54022e+04    4.98047e-01
    2.40209e+20         7.05546e+04    4.98047e-01
    2.40209e+20         6.50180e+04    4.98047e-01
    2.40209e+20         6.17582e+04    4.98047e-01
    2.40209e+20         5.81451e+04    4.98047e-01
    2.40209e+20         5.40691e+04    4.98047e-01
    2.40209e+20         4.93554e+04    4.98047e-01
    2.40209e+20         4.65268e+04    4.98047e-01
    2.40209e+20         4.33439e+04    4.98047e-01
    2.40209e+20         3.96763e+04    4.98047e-01
    2.40209e+20         3.74878e+04    4.98047e-01
    2.40209e+20         3.50364e+04    4.98047e-01
    2.40209e+20         3.22299e+04    4.98047e-01
    2.40209e+20         3.05716e+04    4.98047e-01
    2.40209e+20         2.87285e+04    4.98047e-01
    2.40209e+20         2.66414e+04    4.98047e-01
    2.40209e+20         2.42145e+04    4.98047e-01
    2.40209e+20         2.27456e+04    4.98047e-01
    2.40209e+20         2.10808e+04    4.98047e-01
    2.40209e+20         1.91427e+04    4.98047e-01
    2.40209e+20         1.79675e+04    4.98047e-01
    2.40209e+20         1.66336e+04    4.98047e-01
    2.40209e+20         1.50771e+04    4.98047e-01
    2.40209e+20         1.41299e+04    4.98047e-01
    2.40209e+20         1.30514e+04    4.98047e-01
    2.40209e+20         1.17874e+04    4.98047e-01
    2.40209e+20         1.10125e+04    4.98047e-01
    2.40209e+20         1.01248e+04    4.98047e-01
    2.40209e+20         9.59969e+03    4.98047e-01
    2.40209e+20         9.01556e+03    4.98047e-01
    2.40209e+20         8.35328e+03    4.98047e-01
    2.40209e+20         7.58183e+03    4.98047e-01
    2.40209e+20         7.11362e+03    4.98047e-01
    2.40209e+20         6.58174e+03    4.98047e-01
    2.40209e+20         5.96042e+03    4.98047e-01
    2.40209e+20         5.58162e+03    4.98047e-01
    2.40209e+20         5.14966e+03    4.98047e-01
    2.40209e+20         4.64220e+03    4.98047e-01
    2.40209e+20         4.32996e+03    4.98047e-01
    2.40209e+20         3.97106e+03    4.98047e-01
    2.40209e+20         3.75771e+03    4.98047e-01
    2.40209e+20         3.51945e+03    4.98047e-01
    2.40209e+20         3.24783e+03    4.98047e-01
    2.40209e+20         2.92889e+03    4.98047e-01
    2.40209e+20         2.73279e+03    4.98047e-01
    2.40209e+20         2.50754e+03    4.98047e-01
    2.40209e+20         2.37378e+03    4.98047e-01
    2.40209e+20         2.22451e+03    4.98047e-01
    2.40209e+20         2.05454e+03    4.98047e-01
    2.40209e+20         1.85528e+03    4.98047e-01
    2.40209e+20         1.73310e+03    4.98047e-01
    2.40209e+20         1.59309e+03    4.98047e-01
    2.40209e+20         1.51024e+03    4.98047e-01
    2.40209e+20         1.41805e+03    4.98047e-01
    2.40209e+20         1.31348e+03    4.98047e-01
    2.40209e+20         1.19160e+03    4.98047e-01
    2.40209e+20         1.11755e+03    4.98047e-01
    2.40209e+20         1.03337e+03    4.98047e-01
    2.40209e+20         9.34914e+02    4.98047e-01
    2.40209e+20         8.74772e+02    4.98047e-01
    2.40209e+20         8.06076e+02    4.98047e-01
    2.40209e+20         7.65623e+02    4.98047e-01
    2.40209e+20         7.20783e+02    4.98047e-01
    2.40209e+20         6.70191e+02    4.98047e-01
    2.40209e+20         6.11672e+02    4.98047e-01
    2.40209e+20         5.76546e+02    4.98047e-01
    2.40209e+20         5.37010e+02    4.98047e-01
    2.40209e+20         4.91438e+02    4.98047e-01
    2.40209e+20         4.64230e+02    4.98047e-01
    2.40209e+20         4.33739e+02    4.98047e-01
    2.40209e+20         3.98811e+02    4.98047e-01
    2.40209e+20         3.78154e+02    4.98047e-01
    2.40209e+20         3.55178e+02    4.98047e-01
    2.40209e+20         3.29134e+02    4.98047e-01
    2.40209e+20         2.98805e+02    4.98047e-01
    2.40209e+20         2.80406e+02    4.98047e-01
    2.40209e+20         2.59513e+02    4.98047e-01
    2.40209e+20         2.35121e+02    4.98047e-01
    2.40209e+20         2.20263e+02    4.98047e-01
    2.40209e+20         2.03332e+02    4.98047e-01
    2.40209e+20         1.83466e+02    4.98047e-01
    2.40209e+20         1.71264e+02    4.98047e-01
    2.40209e+20         1.57263e+02    4.98047e-01
    2.40209e+20         1.48960e+02    4.98047e-01
    2.40209e+20         1.39705e+02    4.98047e-01
    2.40209e+20         1.29184e+02    4.98047e-01
    2.40209e+20         1.16880e+02    4.98047e-01
    2.40209e+20         1.09364e+02    4.98047e-01
    2.40209e+20         1.00779e+02    4.98047e-01
    2.40209e+20         9.57249e+01    4.98047e-01
    2.40209e+20         9.01225e+01    4.98047e-01
    2.40209e+20         8.38020e+01    4.98047e-01
    2.40209e+20         7.64920e+01    4.98047e-01
    2.40209e+20         7.21050e+01    4.98047e-01
    2.40209e+20         6.71680e+01    4.98047e-01
    2.40209e+20         6.14786e+01    4.98047e-01
    2.40209e+20         5.80830e+01    4.98047e-01
    2.40209e+20         5.42788e+01    4.98047e-01
    2.40209e+20         4.99226e+01    4.98047e-01
    2.40209e+20         4.73479e+01    4.98047e-01
    2.40209e+20         4.44854e+01    4.98047e-01
    2.40209e+20         4.12428e+01    4.98047e-01
    2.40209e+20         3.74702e+01    4.98047e-01
    2.40209e+20         3.51850e+01    4.98047e-01
    2.40209e+20         3.25933e+01    4.98047e-01
    2.40209e+20         2.95730e+01    4.98047e-01
    2.40209e+20         2.77386e+01    4.98047e-01
    2.40209e+20         2.56536e+01    4.98047e-01
    2.40209e+20         2.32160e+01    4.98047e-01
    2.40209e+20         2.17277e+01    4.98047e-01
    2.40209e+20         2.00286e+01    4.98047e-01
    2.40209e+20         1.80291e+01    4.98047e-01
    2.40209e+20         1.67952e+01    4.98047e-01
    2.40209e+20         1.53734e+01    4.98047e-01
    2.40209e+20         1.45249e+01    4.98047e-01
    2.40209e+20         1.35744e+01    4.98047e-01
    2.40209e+20         1.24861e+01    4.98047e-01
    2.40209e+20         1.18429e+01    4.98047e-01
    2.40209e+20         1.11281e+01    4.98047e-01
    2.40209e+20         1.03184e+01    4.98047e-01
    2.40209e+20         9.37664e+00    4.98047e-01
    2.40209e+20         8.80643e+00    4.98047e-01
    2.40209e+20         8.16000e+00    4.98047e-01
    2.40209e+20         7.40709e+00    4.98047e-01
    2.40209e+20         6.95021e+00    4.98047e-01
    2.40209e+20         6.43129e+00    4.98047e-01
    2.40209e+20         5.82526e+00    4.98047e-01
    2.40209e+20         5.45591e+00    4.98047e-01
    2.40209e+20         5.03487e+00    4.98047e-01
    2.40209e+20         4.54045e+00    4.98047e-01
    2.40209e+20         4.23648e+00    4.98047e-01
    2.40209e+20         3.88732e+00    4.98047e-01
    2.40209e+20         3.67997e+00    4.98047e-01
    2.40209e+20         3.44860e+00    4.98047e-01
    2.40209e+20         3.18513e+00    4.98047e-01
    2.40209e+20         2.87628e+00    4.98047e-01
    2.40209e+20         2.68691e+00    4.98047e-01
    2.40209e+20         2.46991e+00    4.98047e-01
    2.40209e+20         2.34151e+00    4.98047e-01
    2.40209e+20         2.19863e+00    4.98047e-01
    2.40209e+20         2.03659e+00    4.98047e-01
    2.40209e+20         1.84773e+00    4.98047e-01
    2.40209e+20         1.73301e+00    4.98047e-01
    2.40209e+20         1.60260e+00    4.98047e-01
    2.40209e+20         1.45010e+00    4.98047e-01
    2.40209e+20         1.35697e+00    4.98047e-01
    2.40209e+20         1.25061e+00    4.98047e-01
    2.40209e+20         1.18801e+00    4.98047e-01
    2.40209e+20         1.11863e+00    4.98047e-01
    2.40209e+20         1.04038e+00    4.98047e-01
    2.40209e+20         9.49921e-01    4.98047e-01
    2.40209e+20         8.95665e-01    4.98047e-01
    2.40209e+20         8.34637e-01    4.98047e-01
    2.40209e+20         7.64357e-01    4.98047e-01
    2.40209e+20         7.22459e-01    4.98047e-01
    2.40209e+20         6.75559e-01    4.98047e-01
    2.40209e+20         6.21922e-01    4.98047e-01
    2.40209e+20         5.90278e-01    4.98047e-01
    2.40209e+20         5.55150e-01    4.98047e-01
    2.40209e+20         5.15436e-01    4.98047e-01
    2.40209e+20         4.69366e-01    4.98047e-01
    2.40209e+20         4.41587e-01    4.98047e-01
    2.40209e+20         4.10204e-01    4.98047e-01
    2.40209e+20         3.73835e-01    4.98047e-01
    2.40209e+20         3.51939e-01    4.98047e-01
    2.40209e+20         3.27235e-01    4.98047e-01
    2.40209e+20         2.98661e-01    4.98047e-01
    2.40209e+20         2.81508e-01    4.98047e-01
    2.40209e+20         2.62203e-01    4.98047e-01
    2.40209e+20         2.39949e-01    4.98047e-01
    2.40209e+20         2.26663e-01    4.98047e-01
    2.40209e+20         2.11773e-01    4.98047e-01
    2.40209e+20         1.94716e-01    4.98047e-01
    2.40209e+20         1.84628e-01    4.98047e-01
    2.40209e+20         1.73407e-01    4.98047e-01
    2.40209e+20         1.60687e-01    4.98047e-01
    2.40209e+20         1.45874e-01    4.98047e-01
    2.40209e+20         1.36886e-01    4.98047e-01
    2.40209e+20         1.26680e-01    4.98047e-01
    2.40209e+20         1.14763e-01    4.98047e-01
    2.40209e+20         1.07503e-01    4.98047e-01
    2.40209e+20         9.92292e-02    4.98047e-01
    2.40209e+20         8.95180e-02    4.98047e-01
    2.40209e+20         8.35517e-02    4.98047e-01
    2.40209e+20         7.67029e-02    4.98047e-01
    2.40209e+20         7.26397e-02    4.98047e-01
    2.40209e+20         6.81092e-02    4.98047e-01
    2.40209e+20         6.29559e-02    4.98047e-01
    2.40209e+20         5.69244e-02    4.98047e-01
    2.40209e+20         5.32358e-02    4.98047e-01
    2.40209e+20         4.90183e-02    4.98047e-01
    2.40209e+20         4.65310e-02    4.98047e-01
    2.40209e+20         4.37708e-02    4.98047e-01
    2.40209e+20         4.06514e-02    4.98047e-01
    2.40209e+20         3.70349e-02    4.98047e-01
    2.40209e+20         3.48563e-02    4.98047e-01
    2.40209e+20         3.23969e-02    4.98047e-01
    2.40209e+20         2.95498e-02    4.98047e-01
    2.40209e+20         2.78387e-02    4.98047e-01
    2.40209e+20         2.59109e-02    4.98047e-01
    2.40209e+20         2.36855e-02    4.98047e-01
    2.40209e+20         2.23538e-02    4.98047e-01
    2.40209e+20         2.08588e-02    4.98047e-01
    2.40209e+20         1.91419e-02    4.98047e-01
    2.40209e+20         1.81225e-02    4.98047e-01
    2.40209e+20         1.69852e-02    4.98047e-01
    2.40209e+20         1.56904e-02    4.98047e-01
    2.40209e+20         1.41732e-02    4.98047e-01
    2.40209e+20         1.32435e-02    4.98047e-01
    2.40209e+20         1.21787e-02    4.98047e-01
    2.40209e+20         1.15491e-02    4.98047e-01
    2.40209e+20         1.08490e-02    4.98047e-01
    2.40209e+20         1.00557e-02    4.98047e-01
    2.40209e+20         9.13220e-03    4.98047e-01
    2.40209e+20         8.57234e-03    4.98047e-01
    2.40209e+20         7.93698e-03    4.98047e-01
    2.40209e+20         7.19581e-03    4.98047e-01
    2.40209e+20         6.74496e-03    4.98047e-01
    2.40209e+20         6.23182e-03    4.98047e-01
    2.40209e+20         5.63070e-03    4.98047e-01
    2.40209e+20         5.26254e-03    4.98047e-01
    2.40209e+20         4.84106e-03    4.98047e-01
    2.40209e+20         4.59203e-03    4.98047e-01
    2.40209e+20         4.31525e-03    4.98047e-01
    2.40209e+20         4.00184e-03    4.98047e-01
    2.40209e+20         3.63740e-03    4.98047e-01
    2.40209e+20         3.41685e-03    4.98047e-01
    2.40209e+20         3.16690e-03    4.98047e-01
    2.40209e+20         2.87594e-03    4.98047e-01
    2.40209e+20         2.69953e-03    4.98047e-01
    2.40209e+20         2.49931e-03    4.98047e-01
    2.40209e+20         2.26573e-03    4.98047e-01
    2.40209e+20         2.12362e-03    4.98047e-01
    2.40209e+20         1.96186e-03    4.98047e-01
    2.40209e+20         1.77231e-03    4.98047e-01
    2.40209e+20         1.65619e-03    4.98047e-01
    2.40209e+20         1.52320e-03    4.98047e-01
    2.40209e+20         1.44459e-03    4.98047e-01
    2.40209e+20         1.35720e-03    4.98047e-01
    2.40209e+20         1.25818e-03    4.98047e-01
    2.40209e+20         1.14297e-03    4.98047e-01
    2.40209e+20         1.07317e-03    4.98047e-01
    2.40209e+20         9.93987e-04    4.98047e-01
    2.40209e+20         9.01688e-04    4.98047e-01
    2.40209e+20         8.45608e-04    4.98047e-01
    2.40209e+20         7.81842e-04    4.98047e-01
    2.40209e+20         7.07252e-04    4.98047e-01
    2.40209e+20         6.61674e-04    4.98047e-01
    2.40209e+20         6.09602e-04    4.98047e-01
    2.40209e+20         5.78928e-04    4.98047e-01
    2.40209e+20         5.44918e-04    4.98047e-01
    2.40209e+20         5.06529e-04    4.98047e-01
    2.40209e+20         4.62101e-04    4.98047e-01
    2.40209e+20         4.35410e-04    4.98047e-01
    2.40209e+20         4.05347e-04    4.98047e-01
    2.40209e+20         3.70659e-04    4.98047e-01
    2.40209e+20         3.49917e-04    4.98047e-01
    2.40209e+20         3.26642e-04    4.98047e-01
    2.40209e+20         2.99933e-04    4.98047e-01
    2.40209e+20         2.84094e-04    4.98047e-01
    2.40209e+20         2.66440e-04    4.98047e-01
    2.40209e+20         2.46369e-04    4.98047e-01
    2.40209e+20         2.22894e-04    4.98047e-01
    2.40209e+20         2.08554e-04    4.98047e-01
    2.40209e+20         1.92174e-04    4.98047e-01
    2.40209e+20         1.82529e-04    4.98047e-01
    2.40209e+20         1.71837e-04    4.98047e-01
    2.40209e+20         1.59773e-04    4.98047e-01
    2.40209e+20         1.45819e-04    4.98047e-01
    2.40209e+20         1.37443e-04    4.98047e-01
    2.40209e+20         1.28014e-04    4.98047e-01
    2.40209e+20         1.17146e-04    4.98047e-01
    2.40209e+20         1.10657e-04    4.98047e-01
    2.40209e+20         1.03384e-04    4.98047e-01
    2.40209e+20         9.50519e-05    4.98047e-01
    2.40209e+20         9.01235e-05    4.98047e-01
    2.40209e+20         8.46414e-05    4.98047e-01
    2.40209e+20         7.84261e-05    4.98047e-01
    2.40209e+20         7.11867e-05    4.98047e-01
    2.40209e+20         6.67934e-05    4.98047e-01
    2.40209e+20         6.18031e-05    4.98047e-01
    2.40209e+20         5.59743e-05    4.98047e-01
    2.40209e+20         5.24214e-05    4.98047e-01
    2.40209e+20         4.83705e-05    4.98047e-01
    2.40209e+20         4.36128e-05    4.98047e-01
    2.40209e+20         4.06866e-05    4.98047e-01
    2.40209e+20         3.73243e-05    4.98047e-01
    2.40209e+20         3.53266e-05    4.98047e-01
    2.40209e+20         3.30967e-05    4.98047e-01
    2.40209e+20         3.05561e-05    4.98047e-01
    2.40209e+20         2.75754e-05    4.98047e-01
    2.40209e+20         2.57455e-05    4.98047e-01


