              t                   M              a
    1.23833e-21         1.00000e+17    8.00000e-01
    2.47665e-21         1.00000e+17    8.00000e-01
    4.95331e-21         1.00000e+17    8.00000e-01
    9.90662e-21         1.00000e+17    8.00000e-01
    1.98132e-20         1.00000e+17    8.00000e-01
    3.96265e-20         1.00000e+17    8.00000e-01
    7.92530e-20         1.00000e+17    8.00000e-01
    1.58506e-19         1.00000e+17    8.00000e-01
    3.17012e-19         1.00000e+17    8.00000e-01
    6.34024e-19         1.00000e+17    8.00000e-01
    1.26805e-18         1.00000e+17    8.00000e-01
    2.53609e-18         1.00000e+17    8.00000e-01
    5.07219e-18         1.00000e+17    8.00000e-01
    1.01444e-17         1.00000e+17    8.00000e-01
    2.02888e-17         1.00000e+17    8.00000e-01
    4.05775e-17         1.00000e+17    8.00000e-01
    8.11550e-17         1.00000e+17    8.00000e-01
    1.62310e-16         1.00000e+17    8.00000e-01
    3.24620e-16         1.00000e+17    8.00000e-01
    6.49240e-16         1.00000e+17    8.00000e-01
    1.29848e-15         1.00000e+17    8.00000e-01
    2.59696e-15         1.00000e+17    8.00000e-01
    5.19392e-15         1.00000e+17    8.00000e-01
    1.03878e-14         1.00000e+17    8.00000e-01
    2.07757e-14         1.00000e+17    8.00000e-01
    4.15514e-14         1.00000e+17    8.00000e-01
    8.31027e-14         1.00000e+17    8.00000e-01
    1.66205e-13         1.00000e+17    8.00000e-01
    3.32411e-13         1.00000e+17    8.00000e-01
    6.64822e-13         1.00000e+17    8.00000e-01
    1.32964e-12         1.00000e+17    8.00000e-01
    2.65929e-12         1.00000e+17    8.00000e-01
    5.31858e-12         1.00000e+17    8.00000e-01
    1.06372e-11         1.00000e+17    8.00000e-01
    2.12743e-11         1.00000e+17    8.00000e-01
    4.25486e-11         1.00000e+17    8.00000e-01
    8.50972e-11         1.00000e+17    8.00000e-01
    1.70194e-10         1.00000e+17    8.00000e-01
    3.40389e-10         1.00000e+17    8.00000e-01
    6.80778e-10         1.00000e+17    8.00000e-01
    1.36156e-09         1.00000e+17    8.00000e-01
    2.72311e-09         1.00000e+17    8.00000e-01
    5.44622e-09         1.00000e+17    8.00000e-01
    1.08924e-08         1.00000e+17    8.00000e-01
    2.17849e-08         1.00000e+17    8.00000e-01
    4.35698e-08         1.00000e+17    8.00000e-01
    8.71395e-08         1.00000e+17    8.00000e-01
    1.74279e-07         1.00000e+17    8.00000e-01
    3.48558e-07         1.00000e+17    8.00000e-01
    6.97116e-07         1.00000e+17    8.00000e-01
    1.39423e-06         1.00000e+17    8.00000e-01
    2.78847e-06         1.00000e+17    8.00000e-01
    5.57693e-06         1.00000e+17    8.00000e-01
    1.11539e-05         1.00000e+17    8.00000e-01
    2.23077e-05         1.00000e+17    8.00000e-01
    4.46154e-05         1.00000e+17    8.00000e-01
    8.92309e-05         1.00000e+17    8.00000e-01
    1.78462e-04         1.00000e+17    8.00000e-01
    3.56924e-04         1.00000e+17    8.00000e-01
    7.13847e-04         1.00000e+17    8.00000e-01
    1.42769e-03         1.00000e+17    8.00000e-01
    2.85539e-03         1.00000e+17    8.00000e-01
    5.71078e-03         1.00000e+17    8.00000e-01
    1.14216e-02         1.00000e+17    8.00000e-01
    2.28431e-02         1.00000e+17    8.00000e-01
    4.56862e-02         1.00000e+17    8.00000e-01
    9.13724e-02         1.00000e+17    8.00000e-01
    1.82745e-01         1.00000e+17    8.00000e-01
    3.65490e-01         1.00000e+17    8.00000e-01
    7.30979e-01         1.00000e+17    8.00000e-01
    1.46196e+00         1.00000e+17    8.00000e-01
    2.92392e+00         1.00000e+17    8.00000e-01
    5.84784e+00         1.00000e+17    8.00000e-01
    1.16957e+01         1.00000e+17    8.00000e-01
    2.33913e+01         1.00000e+17    8.00000e-01
    4.67827e+01         1.00000e+17    8.00000e-01
    9.35654e+01         1.00000e+17    8.00000e-01
    1.87131e+02         1.00000e+17    8.00000e-01
    3.74261e+02         1.00000e+17    8.00000e-01
    7.48523e+02         1.00000e+17    8.00000e-01
    1.49705e+03         1.00000e+17    8.00000e-01
    2.99409e+03         1.00000e+17    8.00000e-01
    5.98818e+03         1.00000e+17    8.00000e-01
    1.19764e+04         1.00000e+17    8.00000e-01
    2.39527e+04         1.00000e+17    8.00000e-01
    4.79055e+04         1.00000e+17    8.00000e-01
    9.58109e+04         1.00000e+17    8.00000e-01
    1.91622e+05         1.00000e+17    8.00000e-01
    3.83244e+05         1.00000e+17    8.00000e-01
    7.66488e+05         1.00000e+17    8.00000e-01
    1.53298e+06         1.00000e+17    8.00000e-01
    3.06595e+06         1.00000e+17    8.00000e-01
    6.13190e+06         1.00000e+17    8.00000e-01
    1.22638e+07         1.00000e+17    8.00000e-01
    2.45276e+07         1.00000e+17    8.00000e-01
    4.90552e+07         1.00000e+17    8.00000e-01
    9.81104e+07         1.00000e+17    8.00000e-01
    1.96221e+08         1.00000e+17    8.00000e-01
    3.92442e+08         1.00000e+17    8.00000e-01
    7.84883e+08         1.00000e+17    8.00000e-01
    1.56977e+09         1.00000e+17    8.00000e-01
    3.13953e+09         1.00000e+17    8.00000e-01
    6.27907e+09         1.00000e+17    8.00000e-01
    1.25581e+10         1.00000e+17    8.00000e-01
    2.51163e+10         1.00000e+17    8.00000e-01
    5.02325e+10         1.00000e+17    8.00000e-01
    1.00465e+11         1.00000e+17    8.00000e-01
    2.00930e+11         1.00000e+17    8.00000e-01
    4.01860e+11         1.00000e+17    8.00000e-01
    8.03720e+11         1.00000e+17    8.00000e-01
    1.60744e+12         1.00000e+17    8.00000e-01
    3.21488e+12         1.00000e+17    8.00000e-01
    6.42976e+12         1.00000e+17    8.00000e-01
    1.28595e+13         1.00000e+17    8.00000e-01
    2.57191e+13         1.00000e+17    8.00000e-01
    5.14381e+13         1.00000e+17    8.00000e-01
    1.02876e+14         1.00000e+17    8.00000e-01
    2.05752e+14         1.00000e+17    8.00000e-01
    4.11505e+14         1.00000e+17    8.00000e-01
    8.23010e+14         1.00000e+17    8.00000e-01
    1.64602e+15         1.00000e+17    8.00000e-01
    3.29204e+15         1.00000e+17    8.00000e-01
    6.58408e+15         1.00000e+17    8.00000e-01
    1.31682e+16         1.00000e+17    8.00000e-01
    2.63363e+16         1.00000e+17    8.00000e-01
    5.26726e+16         1.00000e+17    8.00000e-01
    1.05345e+17         1.00000e+17    8.00000e-01
    2.10690e+17         1.00000e+17    8.00000e-01
    4.21381e+17         1.00000e+17    8.00000e-01
    8.42762e+17         1.00000e+17    7.99999e-01
    1.68552e+18         9.99999e+16    7.99999e-01
    3.37105e+18         9.99998e+16    7.99998e-01
    6.74210e+18         9.99997e+16    7.99995e-01
    1.34842e+19         9.99993e+16    7.99991e-01
    2.69684e+19         9.99986e+16    7.99981e-01
    5.39368e+19         9.99973e+16    7.99963e-01
    1.07874e+20         9.99945e+16    7.99925e-01
    2.15747e+20         9.99891e+16    7.99850e-01
    4.31494e+20         9.99782e+16    7.99701e-01
    8.62988e+20         9.99564e+16    7.99402e-01
    1.72598e+21         9.99129e+16    7.98805e-01
    3.45195e+21         9.98259e+16    7.97611e-01
    6.90391e+21         9.96527e+16    7.95228e-01
    1.38078e+22         9.93089e+16    7.90482e-01
    2.76156e+22         9.86306e+16    7.81052e-01
    4.14234e+22         9.79701e+16    7.71754e-01
    5.52312e+22         9.73277e+16    7.62590e-01
    6.90391e+22         9.67040e+16    7.53564e-01
    8.28469e+22         9.60980e+16    7.44670e-01
    9.66547e+22         9.55002e+16    7.35848e-01
    1.10462e+23         9.49102e+16    7.27066e-01
    1.24270e+23         9.43292e+16    7.18375e-01
    1.38078e+23         9.37575e+16    7.09777e-01
    1.51886e+23         9.31921e+16    7.01264e-01
    1.65694e+23         9.26324e+16    6.92834e-01
    1.79502e+23         9.20786e+16    6.84487e-01
    1.93309e+23         9.15309e+16    6.76225e-01
    2.07117e+23         9.09865e+16    6.68015e-01
    2.20925e+23         9.04449e+16    6.59863e-01
    2.34733e+23         8.99061e+16    6.51770e-01
    2.48541e+23         8.93703e+16    6.43737e-01
    2.62348e+23         8.88370e+16    6.35757e-01
    2.76156e+23         8.83052e+16    6.27827e-01
    2.89964e+23         8.77749e+16    6.19950e-01
    3.03772e+23         8.72461e+16    6.12121e-01
    3.17580e+23         8.67190e+16    6.04347e-01
    3.31387e+23         8.61914e+16    5.96571e-01
    3.45195e+23         8.56633e+16    5.88803e-01
    3.59003e+23         8.51349e+16    5.81043e-01
    3.72811e+23         8.46061e+16    5.73292e-01
    3.86619e+23         8.40769e+16    5.65551e-01
    4.00427e+23         8.35465e+16    5.57857e-01
    4.14234e+23         8.30153e+16    5.50182e-01
    4.28042e+23         8.24833e+16    5.42525e-01
    4.41850e+23         8.19505e+16    5.34887e-01
    4.55658e+23         8.14169e+16    5.27258e-01
    4.69466e+23         8.08802e+16    5.19662e-01
    4.83273e+23         8.03401e+16    5.12097e-01
    4.97081e+23         7.97963e+16    5.04551e-01
    5.10889e+23         7.92495e+16    4.97045e-01
    5.24697e+23         7.87007e+16    4.89586e-01
    5.38505e+23         7.81479e+16    4.82131e-01
    5.52312e+23         7.75908e+16    4.74679e-01
    5.66120e+23         7.70292e+16    4.67228e-01
    5.79928e+23         7.64631e+16    4.59780e-01
    5.93736e+23         7.58910e+16    4.52321e-01
    6.07544e+23         7.53130e+16    4.44876e-01
    6.21352e+23         7.47289e+16    4.37443e-01
    6.35159e+23         7.41385e+16    4.30022e-01
    6.48967e+23         7.35414e+16    4.22612e-01
    6.62775e+23         7.29392e+16    4.15156e-01
    6.76583e+23         7.23290e+16    4.07698e-01
    6.90391e+23         7.17104e+16    4.00238e-01
    7.04198e+23         7.10830e+16    3.92772e-01
    7.18006e+23         7.04464e+16    3.85301e-01
    7.31814e+23         6.98006e+16    3.77817e-01
    7.45622e+23         6.91447e+16    3.70313e-01
    7.59430e+23         6.84783e+16    3.62788e-01
    7.73237e+23         6.78009e+16    3.55242e-01
    7.87045e+23         6.71120e+16    3.47670e-01
    8.00853e+23         6.64110e+16    3.40070e-01
    8.14661e+23         6.56965e+16    3.32433e-01
    8.28469e+23         6.49679e+16    3.24756e-01
    8.42277e+23         6.42244e+16    3.17037e-01
    8.56084e+23         6.34631e+16    3.09268e-01
    8.69892e+23         6.26852e+16    3.01451e-01
    8.83700e+23         6.18894e+16    2.93582e-01
    8.97508e+23         6.10746e+16    2.85657e-01
    9.11316e+23         6.02388e+16    2.77663e-01
    9.25123e+23         5.93779e+16    2.69604e-01
    9.38931e+23         5.84929e+16    2.61461e-01
    9.52739e+23         5.75819e+16    2.53228e-01
    9.66547e+23         5.66427e+16    2.44898e-01
    9.80355e+23         5.56692e+16    2.36464e-01
    9.94162e+23         5.46617e+16    2.27903e-01
    1.00797e+24         5.36168e+16    2.19204e-01
    1.02178e+24         5.25311e+16    2.10355e-01
    1.03559e+24         5.14000e+16    2.01343e-01
    1.04939e+24         5.02164e+16    1.92120e-01
    1.06320e+24         4.89743e+16    1.82687e-01
    1.07701e+24         4.76661e+16    1.73018e-01
    1.09082e+24         4.62827e+16    1.63087e-01
    1.10462e+24         4.48122e+16    1.52878e-01
    1.11843e+24         4.32376e+16    1.42292e-01
    1.13224e+24         4.15389e+16    1.31276e-01
    1.14605e+24         3.96912e+16    1.19807e-01
    1.15295e+24         3.86734e+16    1.13794e-01
    1.15986e+24         3.75976e+16    1.07602e-01
    1.16676e+24         3.64550e+16    1.01210e-01
    1.17366e+24         3.52325e+16    9.45722e-02
    1.18057e+24         3.39130e+16    8.76182e-02
    1.18747e+24         3.24833e+16    8.03487e-02
    1.19438e+24         3.09036e+16    7.25596e-02
    1.19783e+24         3.00149e+16    6.83294e-02
    1.20128e+24         2.90654e+16    6.39109e-02
    1.20473e+24         2.80442e+16    5.92820e-02
    1.20818e+24         2.69317e+16    5.43553e-02
    1.21164e+24         2.57051e+16    4.90660e-02
    1.21336e+24         2.50171e+16    4.61870e-02
    1.21509e+24         2.42813e+16    4.31610e-02
    1.21681e+24         2.34894e+16    3.99742e-02
    1.21854e+24         2.26319e+16    3.66131e-02
    1.22027e+24         2.16952e+16    3.30597e-02
    1.22113e+24         2.11762e+16    3.11632e-02
    1.22199e+24         2.06252e+16    2.91937e-02
    1.22285e+24         2.00377e+16    2.71463e-02
    1.22372e+24         1.94073e+16    2.50133e-02
    1.22458e+24         1.87260e+16    2.27874e-02
    1.22501e+24         1.83547e+16    2.16243e-02
    1.22544e+24         1.79652e+16    2.04338e-02
    1.22587e+24         1.75553e+16    1.92144e-02
    1.22631e+24         1.71222e+16    1.79649e-02
    1.22674e+24         1.66630e+16    1.66846e-02
    1.22717e+24         1.61745e+16    1.53763e-02
    1.22760e+24         1.56519e+16    1.40383e-02
    1.22803e+24         1.50884e+16    1.26663e-02
    1.22825e+24         1.47811e+16    1.19584e-02
    1.22846e+24         1.44585e+16    1.12382e-02
    1.22868e+24         1.41188e+16    1.05051e-02
    1.22890e+24         1.37592e+16    9.75672e-03
    1.22911e+24         1.33768e+16    8.99264e-03
    1.22933e+24         1.29681e+16    8.21228e-03
    1.22954e+24         1.25278e+16    7.41249e-03
    1.22965e+24         1.22886e+16    7.00234e-03
    1.22976e+24         1.20382e+16    6.58647e-03
    1.22987e+24         1.17755e+16    6.16529e-03
    1.22997e+24         1.14991e+16    5.73893e-03
    1.23008e+24         1.12072e+16    5.30735e-03
    1.23019e+24         1.08976e+16    4.87050e-03
    1.23030e+24         1.05665e+16    4.42575e-03
    1.23035e+24         1.03884e+16    4.19943e-03
    1.23041e+24         1.02029e+16    3.97096e-03
    1.23046e+24         1.00094e+16    3.74032e-03
    1.23051e+24         9.80706e+15    3.50752e-03
    1.23057e+24         9.59481e+15    3.27258e-03
    1.23062e+24         9.37148e+15    3.03555e-03
    1.23068e+24         9.13581e+15    2.79677e-03
    1.23073e+24         8.88644e+15    2.55697e-03
    1.23078e+24         8.62136e+15    2.31631e-03
    1.23081e+24         8.47965e+15    2.19559e-03
    1.23084e+24         8.33259e+15    2.07448e-03
    1.23086e+24         8.17967e+15    1.95301e-03
    1.23089e+24         8.02033e+15    1.83120e-03
    1.23092e+24         7.85387e+15    1.70908e-03
    1.23094e+24         7.67958e+15    1.58676e-03
    1.23097e+24         7.49656e+15    1.46436e-03
    1.23100e+24         7.30370e+15    1.34195e-03
    1.23103e+24         7.09965e+15    1.21964e-03
    1.23105e+24         6.88288e+15    1.09768e-03
    1.23107e+24         6.76711e+15    1.03696e-03
    1.23108e+24         6.64709e+15    0.00000e+00
    1.23109e+24         6.52247e+15    0.00000e+00
    1.23111e+24         6.39287e+15    0.00000e+00
    1.23112e+24         6.25775e+15    0.00000e+00
    1.23113e+24         6.11653e+15    0.00000e+00
    1.23115e+24         5.96846e+15    0.00000e+00
    1.23116e+24         5.81268e+15    0.00000e+00
    1.23117e+24         5.64811e+15    0.00000e+00
    1.23119e+24         5.47346e+15    0.00000e+00
    1.23120e+24         5.28716e+15    0.00000e+00
    1.23121e+24         5.08715e+15    0.00000e+00
    1.23123e+24         4.87071e+15    0.00000e+00
    1.23124e+24         4.63423e+15    0.00000e+00
    1.23126e+24         4.37263e+15    0.00000e+00
    1.23127e+24         4.07841e+15    0.00000e+00
    1.23128e+24         3.73971e+15    0.00000e+00
    1.23129e+24         3.53801e+15    0.00000e+00
    1.23130e+24         3.31252e+15    0.00000e+00
    1.23130e+24         3.05516e+15    0.00000e+00
    1.23131e+24         2.75240e+15    0.00000e+00
    1.23131e+24         2.56579e+15    0.00000e+00
    1.23132e+24         2.35098e+15    0.00000e+00
    1.23132e+24         2.22303e+15    0.00000e+00
    1.23132e+24         2.07991e+15    0.00000e+00
    1.23132e+24         1.91639e+15    0.00000e+00
    1.23132e+24         1.82007e+15    0.00000e+00
    1.23132e+24         1.71329e+15    0.00000e+00
    1.23132e+24         1.59276e+15    0.00000e+00
    1.23132e+24         1.45329e+15    0.00000e+00
    1.23132e+24         1.36950e+15    0.00000e+00
    1.23132e+24         1.27512e+15    0.00000e+00
    1.23133e+24         1.16618e+15    0.00000e+00
    1.23133e+24         1.10095e+15    0.00000e+00
    1.23133e+24         1.02765e+15    0.00000e+00
    1.23133e+24         9.43256e+14    0.00000e+00
    1.23133e+24         8.92963e+14    0.00000e+00
    1.23133e+24         8.36599e+14    0.00000e+00
    1.23133e+24         7.71961e+14    0.00000e+00
    1.23133e+24         6.95208e+14    0.00000e+00
    1.23133e+24         6.46991e+14    0.00000e+00
    1.23133e+24         5.90417e+14    0.00000e+00
    1.23133e+24         5.55460e+14    0.00000e+00
    1.23133e+24         5.15140e+14    0.00000e+00
    1.23133e+24         4.67251e+14    0.00000e+00
    1.23133e+24         4.37140e+14    0.00000e+00
    1.23133e+24         4.01925e+14    0.00000e+00
    1.23133e+24         3.80526e+14    0.00000e+00
    1.23133e+24         3.56295e+14    0.00000e+00
    1.23133e+24         3.28173e+14    0.00000e+00
    1.23133e+24         3.11205e+14    0.00000e+00
    1.23133e+24         2.92083e+14    0.00000e+00
    1.23133e+24         2.70095e+14    0.00000e+00
    1.23133e+24         2.44066e+14    0.00000e+00
    1.23133e+24         2.27931e+14    0.00000e+00
    1.23133e+24         2.09312e+14    0.00000e+00
    1.23133e+24         1.98214e+14    0.00000e+00
    1.23133e+24         1.85808e+14    0.00000e+00
    1.23133e+24         1.71652e+14    0.00000e+00
    1.23133e+24         1.55026e+14    0.00000e+00
    1.23133e+24         1.44812e+14    0.00000e+00
    1.23133e+24         1.33098e+14    0.00000e+00
    1.23133e+24         1.26159e+14    0.00000e+00
    1.23133e+24         1.18431e+14    0.00000e+00
    1.23133e+24         1.09658e+14    0.00000e+00
    1.23133e+24         9.94215e+13    0.00000e+00
    1.23133e+24         9.31906e+13    0.00000e+00
    1.23133e+24         8.60938e+13    0.00000e+00
    1.23133e+24         7.77677e+13    0.00000e+00
    1.23133e+24         7.26552e+13    0.00000e+00
    1.23133e+24         6.67837e+13    0.00000e+00
    1.23133e+24         6.32946e+13    0.00000e+00
    1.23133e+24         5.93988e+13    0.00000e+00
    1.23133e+24         5.49573e+13    0.00000e+00
    1.23133e+24         4.97267e+13    0.00000e+00
    1.23133e+24         4.64849e+13    0.00000e+00
    1.23133e+24         4.27300e+13    0.00000e+00
    1.23133e+24         4.04773e+13    0.00000e+00
    1.23133e+24         3.79379e+13    0.00000e+00
    1.23133e+24         3.50065e+13    0.00000e+00
    1.23133e+24         3.15065e+13    0.00000e+00
    1.23133e+24         2.93051e+13    0.00000e+00
    1.23133e+24         2.67283e+13    0.00000e+00
    1.23133e+24         2.51582e+13    0.00000e+00
    1.23133e+24         2.33712e+13    0.00000e+00
    1.23133e+24         2.12833e+13    0.00000e+00
    1.23133e+24         2.00130e+13    0.00000e+00
    1.23133e+24         1.85669e+13    0.00000e+00
    1.23133e+24         1.68734e+13    0.00000e+00
    1.23133e+24         1.58370e+13    0.00000e+00
    1.23133e+24         1.46521e+13    0.00000e+00
    1.23133e+24         1.32537e+13    0.00000e+00
    1.23133e+24         1.23851e+13    0.00000e+00
    1.23133e+24         1.13803e+13    0.00000e+00
    1.23133e+24         1.07782e+13    0.00000e+00
    1.23133e+24         1.01013e+13    0.00000e+00
    1.23133e+24         9.32386e+12    0.00000e+00
    1.23133e+24         8.40293e+12    0.00000e+00
    1.23133e+24         7.83156e+12    0.00000e+00
    1.23133e+24         7.17070e+12    0.00000e+00
    1.23133e+24         6.77470e+12    0.00000e+00
    1.23133e+24         6.33014e+12    0.00000e+00
    1.23133e+24         5.81998e+12    0.00000e+00
    1.23133e+24         5.51755e+12    0.00000e+00
    1.23133e+24         5.18069e+12    0.00000e+00
    1.23133e+24         4.79822e+12    0.00000e+00
    1.23133e+24         4.35195e+12    0.00000e+00
    1.23133e+24         4.08049e+12    0.00000e+00
    1.23133e+24         3.77156e+12    0.00000e+00
    1.23133e+24         3.40981e+12    0.00000e+00
    1.23133e+24         3.18844e+12    0.00000e+00
    1.23133e+24         2.93523e+12    0.00000e+00
    1.23133e+24         2.78581e+12    0.00000e+00
    1.23133e+24         2.61992e+12    0.00000e+00
    1.23133e+24         2.43234e+12    0.00000e+00
    1.23133e+24         2.21470e+12    0.00000e+00
    1.23133e+24         2.08343e+12    0.00000e+00
    1.23133e+24         1.93510e+12    0.00000e+00
    1.23133e+24         1.76314e+12    0.00000e+00
    1.23133e+24         1.65956e+12    0.00000e+00
    1.23133e+24         1.54265e+12    0.00000e+00
    1.23133e+24         1.40731e+12    0.00000e+00
    1.23133e+24         1.32598e+12    0.00000e+00
    1.23133e+24         1.23432e+12    0.00000e+00
    1.23133e+24         1.12848e+12    0.00000e+00
    1.23133e+24         1.06509e+12    0.00000e+00
    1.23133e+24         9.93850e+11    0.00000e+00
    1.23133e+24         9.11849e+11    0.00000e+00
    1.23133e+24         8.62970e+11    0.00000e+00
    1.23133e+24         8.08238e+11    0.00000e+00
    1.23133e+24         7.45621e+11    0.00000e+00
    1.23133e+24         6.71740e+11    0.00000e+00
    1.23133e+24         6.25968e+11    0.00000e+00
    1.23133e+24         5.73065e+11    0.00000e+00
    1.23133e+24         5.41372e+11    0.00000e+00
    1.23133e+24         5.05755e+11    0.00000e+00
    1.23133e+24         4.64795e+11    0.00000e+00
    1.23133e+24         4.40440e+11    0.00000e+00
    1.23133e+24         4.13225e+11    0.00000e+00
    1.23133e+24         3.82154e+11    0.00000e+00
    1.23133e+24         3.45529e+11    0.00000e+00
    1.23133e+24         3.22897e+11    0.00000e+00
    1.23133e+24         2.96736e+11    0.00000e+00
    1.23133e+24         2.81049e+11    0.00000e+00
    1.23133e+24         2.63420e+11    0.00000e+00
    1.23133e+24         2.43185e+11    0.00000e+00
    1.23133e+24         2.19248e+11    0.00000e+00
    1.23133e+24         2.04363e+11    0.00000e+00
    1.23133e+24         1.87135e+11    0.00000e+00
    1.23133e+24         1.76812e+11    0.00000e+00
    1.23133e+24         1.65214e+11    0.00000e+00
    1.23133e+24         1.51892e+11    0.00000e+00
    1.23133e+24         1.43988e+11    0.00000e+00
    1.23133e+24         1.35182e+11    0.00000e+00
    1.23133e+24         1.25179e+11    0.00000e+00
    1.23133e+24         1.13499e+11    0.00000e+00
    1.23133e+24         1.06386e+11    0.00000e+00
    1.23133e+24         9.82852e+10    0.00000e+00
    1.23133e+24         8.87892e+10    0.00000e+00
    1.23133e+24         8.29679e+10    0.00000e+00
    1.23133e+24         7.62994e+10    0.00000e+00
    1.23133e+24         7.23558e+10    0.00000e+00
    1.23133e+24         6.79701e+10    0.00000e+00
    1.23133e+24         6.29996e+10    0.00000e+00
    1.23133e+24         5.72131e+10    0.00000e+00
    1.23133e+24         5.37045e+10    0.00000e+00
    1.23133e+24         4.97224e+10    0.00000e+00
    1.23133e+24         4.50767e+10    0.00000e+00
    1.23133e+24         4.22502e+10    0.00000e+00
    1.23133e+24         3.90328e+10    0.00000e+00
    1.23133e+24         3.52631e+10    0.00000e+00
    1.23133e+24         3.29536e+10    0.00000e+00
    1.23133e+24         3.03091e+10    0.00000e+00
    1.23133e+24         2.87460e+10    0.00000e+00
    1.23133e+24         2.70083e+10    0.00000e+00
    1.23133e+24         2.50398e+10    0.00000e+00
    1.23133e+24         2.27495e+10    0.00000e+00
    1.23133e+24         2.13622e+10    0.00000e+00
    1.23133e+24         1.97889e+10    0.00000e+00
    1.23133e+24         1.79555e+10    0.00000e+00
    1.23133e+24         1.68420e+10    0.00000e+00
    1.23133e+24         1.55764e+10    0.00000e+00
    1.23133e+24         1.40967e+10    0.00000e+00
    1.23133e+24         1.31935e+10    0.00000e+00
    1.23133e+24         1.21623e+10    0.00000e+00
    1.23133e+24         1.09488e+10    0.00000e+00
    1.23133e+24         1.02001e+10    0.00000e+00
    1.23133e+24         9.33754e+09    0.00000e+00
    1.23133e+24         8.82287e+09    0.00000e+00
    1.23133e+24         8.24640e+09    0.00000e+00
    1.23133e+24         7.58652e+09    0.00000e+00
    1.23133e+24         7.19669e+09    0.00000e+00
    1.23133e+24         6.76348e+09    0.00000e+00
    1.23133e+24         6.27299e+09    0.00000e+00
    1.23133e+24         5.70281e+09    0.00000e+00
    1.23133e+24         5.35786e+09    0.00000e+00
    1.23133e+24         4.96706e+09    0.00000e+00
    1.23133e+24         4.51235e+09    0.00000e+00
    1.23133e+24         4.23686e+09    0.00000e+00
    1.23133e+24         3.92438e+09    0.00000e+00
    1.23133e+24         3.56017e+09    0.00000e+00
    1.23133e+24         3.33889e+09    0.00000e+00
    1.23133e+24         3.08731e+09    0.00000e+00
    1.23133e+24         2.79307e+09    0.00000e+00
    1.23133e+24         2.61331e+09    0.00000e+00
    1.23133e+24         2.40798e+09    0.00000e+00
    1.23133e+24         2.28705e+09    0.00000e+00
    1.23133e+24         2.15300e+09    0.00000e+00
    1.23133e+24         2.00174e+09    0.00000e+00
    1.23133e+24         1.82676e+09    0.00000e+00
    1.23133e+24         1.72170e+09    0.00000e+00
    1.23133e+24         1.60344e+09    0.00000e+00
    1.23133e+24         1.46708e+09    0.00000e+00
    1.23133e+24         1.38564e+09    0.00000e+00
    1.23133e+24         1.29434e+09    0.00000e+00
    1.23133e+24         1.18971e+09    0.00000e+00
    1.23133e+24         1.12779e+09    0.00000e+00
    1.23133e+24         1.05888e+09    0.00000e+00
    1.23133e+24         9.80710e+08    0.00000e+00
    1.23133e+24         8.89583e+08    0.00000e+00
    1.23133e+24         8.34207e+08    0.00000e+00
    1.23133e+24         7.71235e+08    0.00000e+00
    1.23133e+24         6.97560e+08    0.00000e+00
    1.23133e+24         6.52530e+08    0.00000e+00
    1.23133e+24         6.01071e+08    0.00000e+00
    1.23133e+24         5.70747e+08    0.00000e+00
    1.23133e+24         5.37116e+08    0.00000e+00
    1.23133e+24         4.99141e+08    0.00000e+00
    1.23133e+24         4.55168e+08    0.00000e+00
    1.23133e+24         4.28728e+08    0.00000e+00
    1.23133e+24         3.98926e+08    0.00000e+00
    1.23133e+24         3.64505e+08    0.00000e+00
    1.23133e+24         3.43891e+08    0.00000e+00
    1.23133e+24         3.20731e+08    0.00000e+00
    1.23133e+24         2.94106e+08    0.00000e+00
    1.23133e+24         2.78274e+08    0.00000e+00
    1.23133e+24         2.60589e+08    0.00000e+00
    1.23133e+24         2.40422e+08    0.00000e+00
    1.23133e+24         2.16731e+08    0.00000e+00
    1.23133e+24         2.02153e+08    0.00000e+00
    1.23133e+24         1.85398e+08    0.00000e+00
    1.23133e+24         1.75438e+08    0.00000e+00
    1.23133e+24         1.64314e+08    0.00000e+00
    1.23133e+24         1.51634e+08    0.00000e+00
    1.23133e+24         1.36744e+08    0.00000e+00
    1.23133e+24         1.27589e+08    0.00000e+00
    1.23133e+24         1.17074e+08    0.00000e+00
    1.23133e+24         1.10829e+08    0.00000e+00
    1.23133e+24         1.03861e+08    0.00000e+00
    1.23133e+24         9.59269e+07    0.00000e+00
    1.23133e+24         8.66256e+07    0.00000e+00
    1.23133e+24         8.09226e+07    0.00000e+00
    1.23133e+24         7.43875e+07    0.00000e+00
    1.23133e+24         7.05205e+07    0.00000e+00
    1.23133e+24         6.62179e+07    0.00000e+00
    1.23133e+24         6.13380e+07    0.00000e+00
    1.23133e+24         5.56507e+07    0.00000e+00
    1.23133e+24         5.21961e+07    0.00000e+00
    1.23133e+24         4.82691e+07    0.00000e+00
    1.23133e+24         4.36772e+07    0.00000e+00
    1.23133e+24         4.08731e+07    0.00000e+00
    1.23133e+24         3.76710e+07    0.00000e+00
    1.23133e+24         3.57863e+07    0.00000e+00
    1.23133e+24         3.36977e+07    0.00000e+00
    1.23133e+24         3.13423e+07    0.00000e+00
    1.23133e+24         2.86195e+07    0.00000e+00
    1.23133e+24         2.69867e+07    0.00000e+00
    1.23133e+24         2.51504e+07    0.00000e+00
    1.23133e+24         2.30362e+07    0.00000e+00
    1.23133e+24         2.17761e+07    0.00000e+00
    1.23133e+24         2.03660e+07    0.00000e+00
    1.23133e+24         1.87539e+07    0.00000e+00
    1.23133e+24         1.78033e+07    0.00000e+00
    1.23133e+24         1.67485e+07    0.00000e+00
    1.23133e+24         1.55566e+07    0.00000e+00
    1.23133e+24         1.41751e+07    0.00000e+00
    1.23133e+24         1.33431e+07    0.00000e+00
    1.23133e+24         1.24041e+07    0.00000e+00
    1.23133e+24         1.13177e+07    0.00000e+00
    1.23133e+24         1.06651e+07    0.00000e+00
    1.23133e+24         9.93026e+06    0.00000e+00
    1.23133e+24         9.08264e+06    0.00000e+00
    1.23133e+24         8.57603e+06    0.00000e+00
    1.23133e+24         8.00781e+06    0.00000e+00
    1.23133e+24         7.35608e+06    0.00000e+00
    1.23133e+24         6.96991e+06    0.00000e+00
    1.23133e+24         6.53977e+06    0.00000e+00
    1.23133e+24         6.05119e+06    0.00000e+00
    1.23133e+24         5.48052e+06    0.00000e+00
    1.23133e+24         5.13267e+06    0.00000e+00
    1.23133e+24         4.73608e+06    0.00000e+00
    1.23133e+24         4.27028e+06    0.00000e+00
    1.23133e+24         3.98380e+06    0.00000e+00
    1.23133e+24         3.65464e+06    0.00000e+00
    1.23133e+24         3.45907e+06    0.00000e+00
    1.23133e+24         3.24077e+06    0.00000e+00
    1.23133e+24         2.99207e+06    0.00000e+00
    1.23133e+24         2.70031e+06    0.00000e+00
    1.23133e+24         2.52120e+06    0.00000e+00
    1.23133e+24         2.31574e+06    0.00000e+00
    1.23133e+24         2.19397e+06    0.00000e+00
    1.23133e+24         2.05831e+06    0.00000e+00
    1.23133e+24         1.90417e+06    0.00000e+00
    1.23133e+24         1.72408e+06    0.00000e+00
    1.23133e+24         1.61424e+06    0.00000e+00
    1.23133e+24         1.48894e+06    0.00000e+00
    1.23133e+24         1.34166e+06    0.00000e+00
    1.23133e+24         1.25097e+06    0.00000e+00
    1.23133e+24         1.14665e+06    0.00000e+00
    1.23133e+24         1.08457e+06    0.00000e+00
    1.23133e+24         1.01518e+06    0.00000e+00
    1.23133e+24         9.35972e+05    0.00000e+00
    1.23133e+24         8.42798e+05    0.00000e+00
    1.23133e+24         7.85340e+05    0.00000e+00
    1.23133e+24         7.19167e+05    0.00000e+00
    1.23133e+24         6.79712e+05    0.00000e+00
    1.23133e+24         6.35543e+05    0.00000e+00
    1.23133e+24         5.85022e+05    0.00000e+00
    1.23133e+24         5.55210e+05    0.00000e+00
    1.23133e+24         5.22110e+05    0.00000e+00
    1.23133e+24         4.84681e+05    0.00000e+00
    1.23133e+24         4.41248e+05    0.00000e+00
    1.23133e+24         4.15046e+05    0.00000e+00
    1.23133e+24         3.85431e+05    0.00000e+00
    1.23133e+24         3.51090e+05    0.00000e+00
    1.23133e+24         3.30396e+05    0.00000e+00
    1.23133e+24         3.07029e+05    0.00000e+00
    1.23133e+24         2.79969e+05    0.00000e+00
    1.23133e+24         2.63698e+05    0.00000e+00
    1.23133e+24         2.45357e+05    0.00000e+00
    1.23133e+24         2.24171e+05    0.00000e+00
    1.23133e+24         2.11481e+05    0.00000e+00
    1.23133e+24         1.97222e+05    0.00000e+00
    1.23133e+24         1.80828e+05    0.00000e+00
    1.23133e+24         1.71077e+05    0.00000e+00
    1.23133e+24         1.60182e+05    0.00000e+00
    1.23133e+24         1.47755e+05    0.00000e+00
    1.23133e+24         1.33151e+05    0.00000e+00
    1.23133e+24         1.24158e+05    0.00000e+00
    1.23133e+24         1.13816e+05    0.00000e+00
    1.23133e+24         1.07663e+05    0.00000e+00
    1.23133e+24         1.00786e+05    0.00000e+00
    1.23133e+24         9.29386e+04    0.00000e+00
    1.23133e+24         8.37101e+04    0.00000e+00
    1.23133e+24         7.80224e+04    0.00000e+00
    1.23133e+24         7.14752e+04    0.00000e+00
    1.23133e+24         6.75744e+04    0.00000e+00
    1.23133e+24         6.32102e+04    0.00000e+00
    1.23133e+24         5.82226e+04    0.00000e+00
    1.23133e+24         5.52833e+04    0.00000e+00
    1.23133e+24         5.20230e+04    0.00000e+00
    1.23133e+24         4.83414e+04    0.00000e+00
    1.23133e+24         4.40776e+04    0.00000e+00
    1.23133e+24         4.15133e+04    0.00000e+00
    1.23133e+24         3.86224e+04    0.00000e+00
    1.23133e+24         3.52826e+04    0.00000e+00
    1.23133e+24         3.32815e+04    0.00000e+00
    1.23133e+24         3.10326e+04    0.00000e+00
    1.23133e+24         2.84460e+04    0.00000e+00
    1.23133e+24         2.69068e+04    0.00000e+00
    1.23133e+24         2.51864e+04    0.00000e+00
    1.23133e+24         2.32230e+04    0.00000e+00
    1.23133e+24         2.09135e+04    0.00000e+00
    1.23133e+24         1.94897e+04    0.00000e+00
    1.23133e+24         1.78502e+04    0.00000e+00
    1.23133e+24         1.68730e+04    0.00000e+00
    1.23133e+24         1.57793e+04    0.00000e+00
    1.23133e+24         1.45287e+04    0.00000e+00
    1.23133e+24         1.37911e+04    0.00000e+00
    1.23133e+24         1.29726e+04    0.00000e+00
    1.23133e+24         1.20474e+04    0.00000e+00
    1.23133e+24         1.09747e+04    0.00000e+00
    1.23133e+24         1.03284e+04    0.00000e+00
    1.23133e+24         9.59873e+03    0.00000e+00
    1.23133e+24         8.75384e+03    0.00000e+00
    1.23133e+24         8.24592e+03    0.00000e+00
    1.23133e+24         7.67350e+03    0.00000e+00
    1.23133e+24         7.01249e+03    0.00000e+00
    1.23133e+24         6.61674e+03    0.00000e+00
    1.23133e+24         6.17223e+03    0.00000e+00
    1.23133e+24         5.66140e+03    0.00000e+00
    1.23133e+24         5.35781e+03    0.00000e+00
    1.23133e+24         5.01884e+03    0.00000e+00
    1.23133e+24         4.63253e+03    0.00000e+00
    1.23133e+24         4.17911e+03    0.00000e+00
    1.23133e+24         3.90054e+03    0.00000e+00
    1.23133e+24         3.58076e+03    0.00000e+00
    1.23133e+24         3.39104e+03    0.00000e+00
    1.23133e+24         3.17949e+03    0.00000e+00
    1.23133e+24         2.93885e+03    0.00000e+00
    1.23133e+24         2.65719e+03    0.00000e+00
    1.23133e+24         2.48493e+03    0.00000e+00
    1.23133e+24         2.28795e+03    0.00000e+00
    1.23133e+24         2.17177e+03    0.00000e+00
    1.23133e+24         2.04283e+03    0.00000e+00
    1.23133e+24         1.89710e+03    0.00000e+00
    1.23133e+24         1.72812e+03    0.00000e+00
    1.23133e+24         1.62630e+03    0.00000e+00
    1.23133e+24         1.51134e+03    0.00000e+00
    1.23133e+24         1.37821e+03    0.00000e+00
    1.23133e+24         1.29817e+03    0.00000e+00
    1.23133e+24         1.20795e+03    0.00000e+00
    1.23133e+24         1.10375e+03    0.00000e+00
    1.23133e+24         1.04135e+03    0.00000e+00
    1.23133e+24         9.71248e+02    0.00000e+00
    1.23133e+24         8.90661e+02    0.00000e+00
    1.23133e+24         8.42746e+02    0.00000e+00
    1.23133e+24         7.89228e+02    0.00000e+00
    1.23133e+24         7.28205e+02    0.00000e+00
    1.23133e+24         6.56527e+02    0.00000e+00
    1.23133e+24         6.12435e+02    0.00000e+00
    1.23133e+24         5.61766e+02    0.00000e+00
    1.23133e+24         5.31655e+02    0.00000e+00
    1.23133e+24         4.98036e+02    0.00000e+00
    1.23133e+24         4.59726e+02    0.00000e+00
    1.23133e+24         4.14765e+02    0.00000e+00
    1.23133e+24         3.87147e+02    0.00000e+00
    1.23133e+24         3.55447e+02    0.00000e+00
    1.23133e+24         3.36644e+02    0.00000e+00
    1.23133e+24         3.15682e+02    0.00000e+00
    1.23133e+24         2.91844e+02    0.00000e+00
    1.23133e+24         2.63952e+02    0.00000e+00
    1.23133e+24         2.46904e+02    0.00000e+00
    1.23133e+24         2.27419e+02    0.00000e+00
    1.23133e+24         2.15936e+02    0.00000e+00
    1.23133e+24         2.03199e+02    0.00000e+00
    1.23133e+24         1.88815e+02    0.00000e+00
    1.23133e+24         1.72157e+02    0.00000e+00
    1.23133e+24         1.62137e+02    0.00000e+00
    1.23133e+24         1.50841e+02    0.00000e+00
    1.23133e+24         1.37790e+02    0.00000e+00
    1.23133e+24         1.29970e+02    0.00000e+00
    1.23133e+24         1.21181e+02    0.00000e+00
    1.23133e+24         1.11070e+02    0.00000e+00
    1.23133e+24         1.05052e+02    0.00000e+00
    1.23133e+24         9.83250e+01    0.00000e+00
    1.23133e+24         9.06462e+01    0.00000e+00
    1.23133e+24         8.16112e+01    0.00000e+00
    1.23133e+24         7.60381e+01    0.00000e+00
    1.23133e+24         6.96182e+01    0.00000e+00
    1.23133e+24         6.57889e+01    0.00000e+00
    1.23133e+24         6.15008e+01    0.00000e+00
    1.23133e+24         5.65940e+01    0.00000e+00
    1.23133e+24         5.36967e+01    0.00000e+00
    1.23133e+24         5.04783e+01    0.00000e+00
    1.23133e+24         4.68364e+01    0.00000e+00
    1.23133e+24         4.26061e+01    0.00000e+00
    1.23133e+24         4.00501e+01    0.00000e+00
    1.23133e+24         3.71574e+01    0.00000e+00
    1.23133e+24         3.37969e+01    0.00000e+00
    1.23133e+24         3.17658e+01    0.00000e+00
    1.23133e+24         2.94667e+01    0.00000e+00
    1.23133e+24         2.67949e+01    0.00000e+00
    1.23133e+24         2.51792e+01    0.00000e+00
    1.23133e+24         2.33496e+01    0.00000e+00
    1.23133e+24         2.12221e+01    0.00000e+00
    1.23133e+24         1.99343e+01    0.00000e+00
    1.23133e+24         1.84748e+01    0.00000e+00
    1.23133e+24         1.67755e+01    0.00000e+00
    1.23133e+24         1.57450e+01    0.00000e+00
    1.23133e+24         1.45753e+01    0.00000e+00
    1.23133e+24         1.32102e+01    0.00000e+00
    1.23133e+24         1.23793e+01    0.00000e+00
    1.23133e+24         1.14332e+01    0.00000e+00
    1.23133e+24         1.03240e+01    0.00000e+00
    1.23133e+24         9.64377e+00    0.00000e+00
    1.23133e+24         8.86424e+00    0.00000e+00
    1.23133e+24         8.40291e+00    0.00000e+00
    1.23133e+24         7.88953e+00    0.00000e+00
    1.23133e+24         7.30717e+00    0.00000e+00
    1.23133e+24         6.62829e+00    0.00000e+00
    1.23133e+24         6.21575e+00    0.00000e+00
    1.23133e+24         5.74664e+00    0.00000e+00
    1.23133e+24         5.19781e+00    0.00000e+00
    1.23133e+24         4.86239e+00    0.00000e+00
    1.23133e+24         4.47909e+00    0.00000e+00
    1.23133e+24         4.25323e+00    0.00000e+00
    1.23133e+24         4.00276e+00    0.00000e+00
    1.23133e+24         3.71995e+00    0.00000e+00
    1.23133e+24         3.39252e+00    0.00000e+00
    1.23133e+24         3.19567e+00    0.00000e+00
    1.23133e+24         2.97382e+00    0.00000e+00
    1.23133e+24         2.71764e+00    0.00000e+00
    1.23133e+24         2.56426e+00    0.00000e+00
    1.23133e+24         2.39199e+00    0.00000e+00
    1.23133e+24         2.19401e+00    0.00000e+00
    1.23133e+24         2.07635e+00    0.00000e+00
    1.23133e+24         1.94497e+00    0.00000e+00
    1.23133e+24         1.79525e+00    0.00000e+00
    1.23133e+24         1.61951e+00    0.00000e+00
    1.23133e+24         1.51153e+00    0.00000e+00
    1.23133e+24         1.38758e+00    0.00000e+00
    1.23133e+24         1.31404e+00    0.00000e+00
    1.23133e+24         1.23204e+00    0.00000e+00
    1.23133e+24         1.13875e+00    0.00000e+00
    1.23133e+24         1.02956e+00    0.00000e+00
    1.23133e+24         9.62767e-01    0.00000e+00
    1.23133e+24         8.86387e-01    0.00000e+00
    1.23133e+24         8.41331e-01    0.00000e+00
    1.23133e+24         7.91320e-01    0.00000e+00
    1.23133e+24         7.34789e-01    0.00000e+00
    1.23133e+24         6.69224e-01    0.00000e+00
    1.23133e+24         6.29704e-01    0.00000e+00
    1.23133e+24         5.85067e-01    0.00000e+00
    1.23133e+24         5.33360e-01    0.00000e+00
    1.23133e+24         5.02250e-01    0.00000e+00
    1.23133e+24         4.67167e-01    0.00000e+00
    1.23133e+24         4.26617e-01    0.00000e+00
    1.23133e+24         4.02305e-01    0.00000e+00
    1.23133e+24         3.74965e-01    0.00000e+00
    1.23133e+24         3.43493e-01    0.00000e+00
    1.23133e+24         3.24741e-01    0.00000e+00
    1.23133e+24         3.03761e-01    0.00000e+00
    1.23133e+24         2.79783e-01    0.00000e+00
    1.23133e+24         2.65651e-01    0.00000e+00
    1.23133e+24         2.49976e-01    0.00000e+00
    1.23133e+24         2.32273e-01    0.00000e+00
    1.23133e+24         2.11768e-01    0.00000e+00
    1.23133e+24         1.99435e-01    0.00000e+00
    1.23133e+24         1.85528e-01    0.00000e+00
    1.23133e+24         1.69459e-01    0.00000e+00
    1.23133e+24         1.59829e-01    0.00000e+00
    1.23133e+24         1.49002e-01    0.00000e+00
    1.23133e+24         1.36546e-01    0.00000e+00
    1.23133e+24         1.29129e-01    0.00000e+00
    1.23133e+24         1.20837e-01    0.00000e+00
    1.23133e+24         1.11366e-01    0.00000e+00
    1.23133e+24         1.05792e-01    0.00000e+00
    1.23133e+24         9.96141e-02    0.00000e+00
    1.23133e+24         9.26465e-02    0.00000e+00
    1.23133e+24         8.45915e-02    0.00000e+00
    1.23133e+24         7.97604e-02    0.00000e+00
    1.23133e+24         7.43264e-02    0.00000e+00
    1.23133e+24         6.80688e-02    0.00000e+00
    1.23133e+24         6.43383e-02    0.00000e+00
    1.23133e+24         6.01626e-02    0.00000e+00
    1.23133e+24         5.53872e-02    0.00000e+00
    1.23133e+24         5.25700e-02    0.00000e+00
    1.23133e+24         4.94428e-02    0.00000e+00
    1.23133e+24         4.59075e-02    0.00000e+00
    1.23133e+24         4.18067e-02    0.00000e+00
    1.23133e+24         3.93343e-02    0.00000e+00
    1.23133e+24         3.65413e-02    0.00000e+00
    1.23133e+24         3.33051e-02    0.00000e+00
    1.23133e+24         3.13573e-02    0.00000e+00
    1.23133e+24         2.91600e-02    0.00000e+00
    1.23133e+24         2.66190e-02    0.00000e+00
    1.23133e+24         2.50944e-02    0.00000e+00
    1.23133e+24         2.33788e-02    0.00000e+00
    1.23133e+24         2.14023e-02    0.00000e+00
    1.23133e+24         2.02231e-02    0.00000e+00
    1.23133e+24         1.89024e-02    0.00000e+00
    1.23133e+24         1.73906e-02    0.00000e+00
    1.23133e+24         1.64976e-02    0.00000e+00
    1.23133e+24         1.55053e-02    0.00000e+00
    1.23133e+24         1.43819e-02    0.00000e+00
    1.23133e+24         1.30762e-02    0.00000e+00
    1.23133e+24         1.22865e-02    0.00000e+00
    1.23133e+24         1.13919e-02    0.00000e+00
    1.23133e+24         1.03514e-02    0.00000e+00
    1.23133e+24         9.72126e-03    0.00000e+00
    1.23133e+24         9.00679e-03    0.00000e+00
    1.23133e+24         8.17448e-03    0.00000e+00
    1.23133e+24         7.66927e-03    0.00000e+00
    1.23133e+24         7.09530e-03    0.00000e+00
    1.23133e+24         6.42472e-03    0.00000e+00
    1.23133e+24         6.01578e-03    0.00000e+00
    1.23133e+24         5.54935e-03    0.00000e+00
    1.23133e+24         5.00123e-03    0.00000e+00
    1.23133e+24         4.66380e-03    0.00000e+00
    1.23133e+24         4.27578e-03    0.00000e+00
    1.23133e+24         4.04496e-03    0.00000e+00
    1.23133e+24         3.78704e-03    0.00000e+00
    1.23133e+24         3.49280e-03    0.00000e+00
    1.23133e+24         3.14690e-03    0.00000e+00
    1.23133e+24         2.93383e-03    0.00000e+00
    1.23133e+24         2.68870e-03    0.00000e+00
    1.23133e+24         2.54276e-03    0.00000e+00
    1.23133e+24         2.37959e-03    0.00000e+00
    1.23133e+24         2.19328e-03    0.00000e+00
    1.23133e+24         1.97397e-03    0.00000e+00
    1.23133e+24         1.83860e-03    0.00000e+00
    1.23133e+24         1.68256e-03    0.00000e+00
    1.23133e+24         1.58940e-03    0.00000e+00
    1.23133e+24         1.48499e-03    0.00000e+00
    1.23133e+24         1.36539e-03    0.00000e+00
    1.23133e+24         1.29465e-03    0.00000e+00
    1.23133e+24         1.21598e-03    0.00000e+00
    1.23133e+24         1.12679e-03    0.00000e+00
    1.23133e+24         1.02293e-03    0.00000e+00
    1.23133e+24         9.59911e-04    0.00000e+00
    1.23133e+24         8.88352e-04    0.00000e+00
    1.23133e+24         8.04801e-04    0.00000e+00
    1.23133e+24         7.53901e-04    0.00000e+00
    1.23133e+24         6.95895e-04    0.00000e+00
    1.23133e+24         6.27817e-04    0.00000e+00
    1.23133e+24         5.85996e-04    0.00000e+00
    1.23133e+24         5.37992e-04    0.00000e+00
    1.23133e+24         5.09516e-04    0.00000e+00
    1.23133e+24         4.77768e-04    0.00000e+00
    1.23133e+24         4.41660e-04    0.00000e+00
    1.23133e+24         3.99407e-04    0.00000e+00
    1.23133e+24         3.73574e-04    0.00000e+00
    1.23133e+24         3.44044e-04    0.00000e+00
    1.23133e+24         3.26636e-04    0.00000e+00
    1.23133e+24         3.07324e-04    0.00000e+00
    1.23133e+24         2.85507e-04    0.00000e+00
    1.23133e+24         2.60229e-04    0.00000e+00
    1.23133e+24         2.45016e-04    0.00000e+00
    1.23133e+24         2.27854e-04    0.00000e+00
    1.23133e+24         2.08010e-04    0.00000e+00
    1.23133e+24         1.96104e-04    0.00000e+00
    1.23133e+24         1.82709e-04    0.00000e+00
    1.23133e+24         1.67279e-04    0.00000e+00
    1.23133e+24         1.58074e-04    0.00000e+00
    1.23133e+24         1.47766e-04    0.00000e+00
    1.23133e+24         1.35970e-04    0.00000e+00
    1.23133e+24         1.29004e-04    0.00000e+00
    1.23133e+24         1.21266e-04    0.00000e+00
    1.23133e+24         1.12509e-04    0.00000e+00
    1.23133e+24         1.02335e-04    0.00000e+00
    1.23133e+24         9.61861e-05    0.00000e+00
    1.23133e+24         8.92263e-05    0.00000e+00
    1.23133e+24         8.11383e-05    0.00000e+00
    1.23133e+24         7.62479e-05    0.00000e+00
    1.23133e+24         7.07101e-05    0.00000e+00
    1.23133e+24         6.42709e-05    0.00000e+00
    1.23133e+24         6.03738e-05    0.00000e+00
    1.23133e+24         5.59575e-05    0.00000e+00
    1.23133e+24         5.08164e-05    0.00000e+00
    1.23133e+24         4.76995e-05    0.00000e+00
    1.23133e+24         4.41619e-05    0.00000e+00
    1.23133e+24         4.00349e-05    0.00000e+00
    1.23133e+24         3.75240e-05    0.00000e+00
    1.23133e+24         3.46658e-05    0.00000e+00
    1.23133e+24         3.13169e-05    0.00000e+00
    1.23133e+24         2.92652e-05    0.00000e+00
    1.23133e+24         2.69157e-05    0.00000e+00
    1.23133e+24         2.55269e-05    0.00000e+00
    1.23133e+24         2.39829e-05    0.00000e+00


