              t                   M              a
    1.23833e-21         1.00000e+17    8.00000e-01
    2.47665e-21         1.00000e+17    8.00000e-01
    4.95331e-21         1.00000e+17    8.00000e-01
    9.90662e-21         1.00000e+17    8.00000e-01
    1.98132e-20         1.00000e+17    8.00000e-01
    3.96265e-20         1.00000e+17    8.00000e-01
    7.92530e-20         1.00000e+17    8.00000e-01
    1.58506e-19         1.00000e+17    8.00000e-01
    3.17012e-19         1.00000e+17    8.00000e-01
    6.34024e-19         1.00000e+17    8.00000e-01
    1.26805e-18         1.00000e+17    8.00000e-01
    2.53609e-18         1.00000e+17    8.00000e-01
    5.07219e-18         1.00000e+17    8.00000e-01
    1.01444e-17         1.00000e+17    8.00000e-01
    2.02888e-17         1.00000e+17    8.00000e-01
    4.05775e-17         1.00000e+17    8.00000e-01
    8.11550e-17         1.00000e+17    8.00000e-01
    1.62310e-16         1.00000e+17    8.00000e-01
    3.24620e-16         1.00000e+17    8.00000e-01
    6.49240e-16         1.00000e+17    8.00000e-01
    1.29848e-15         1.00000e+17    8.00000e-01
    2.59696e-15         1.00000e+17    8.00000e-01
    5.19392e-15         1.00000e+17    8.00000e-01
    1.03878e-14         1.00000e+17    8.00000e-01
    2.07757e-14         1.00000e+17    8.00000e-01
    4.15514e-14         1.00000e+17    8.00000e-01
    8.31027e-14         1.00000e+17    8.00000e-01
    1.66205e-13         1.00000e+17    8.00000e-01
    3.32411e-13         1.00000e+17    8.00000e-01
    6.64822e-13         1.00000e+17    8.00000e-01
    1.32964e-12         1.00000e+17    8.00000e-01
    2.65929e-12         1.00000e+17    8.00000e-01
    5.31858e-12         1.00000e+17    8.00000e-01
    1.06372e-11         1.00000e+17    8.00000e-01
    2.12743e-11         1.00000e+17    8.00000e-01
    4.25486e-11         1.00000e+17    8.00000e-01
    8.50972e-11         1.00000e+17    8.00000e-01
    1.70194e-10         1.00000e+17    8.00000e-01
    3.40389e-10         1.00000e+17    8.00000e-01
    6.80778e-10         1.00000e+17    8.00000e-01
    1.36156e-09         1.00000e+17    8.00000e-01
    2.72311e-09         1.00000e+17    8.00000e-01
    5.44622e-09         1.00000e+17    8.00000e-01
    1.08924e-08         1.00000e+17    8.00000e-01
    2.17849e-08         1.00000e+17    8.00000e-01
    4.35698e-08         1.00000e+17    8.00000e-01
    8.71395e-08         1.00000e+17    8.00000e-01
    1.74279e-07         1.00000e+17    8.00000e-01
    3.48558e-07         1.00000e+17    8.00000e-01
    6.97116e-07         1.00000e+17    8.00000e-01
    1.39423e-06         1.00000e+17    8.00000e-01
    2.78847e-06         1.00000e+17    8.00000e-01
    5.57693e-06         1.00000e+17    8.00000e-01
    1.11539e-05         1.00000e+17    8.00000e-01
    2.23077e-05         1.00000e+17    8.00000e-01
    4.46154e-05         1.00000e+17    8.00000e-01
    8.92309e-05         1.00000e+17    8.00000e-01
    1.78462e-04         1.00000e+17    8.00000e-01
    3.56924e-04         1.00000e+17    8.00000e-01
    7.13847e-04         1.00000e+17    8.00000e-01
    1.42769e-03         1.00000e+17    8.00000e-01
    2.85539e-03         1.00000e+17    8.00000e-01
    5.71078e-03         1.00000e+17    8.00000e-01
    1.14216e-02         1.00000e+17    8.00000e-01
    2.28431e-02         1.00000e+17    8.00000e-01
    4.56862e-02         1.00000e+17    8.00000e-01
    9.13724e-02         1.00000e+17    8.00000e-01
    1.82745e-01         1.00000e+17    8.00000e-01
    3.65490e-01         9.99999e+16    7.99999e-01
    7.30979e-01         9.99999e+16    7.99998e-01
    1.46196e+00         9.99998e+16    7.99997e-01
    2.92392e+00         9.99995e+16    7.99993e-01
    5.84784e+00         9.99991e+16    7.99987e-01
    1.16957e+01         9.99981e+16    7.99973e-01
    2.33913e+01         9.99962e+16    7.99947e-01
    4.67827e+01         9.99924e+16    7.99893e-01
    9.35654e+01         9.99848e+16    7.99787e-01
    1.87131e+02         9.99696e+16    7.99574e-01
    3.74261e+02         9.99393e+16    7.99148e-01
    7.48523e+02         9.98787e+16    7.98298e-01
    1.49705e+03         9.97579e+16    7.96604e-01
    2.99409e+03         9.95176e+16    7.93241e-01
    5.98818e+03         9.90429e+16    7.86614e-01
    1.19764e+04         9.81103e+16    7.73666e-01
    1.79646e+04         9.71996e+16    7.61324e-01
    2.39527e+04         9.63103e+16    7.49566e-01
    2.99409e+04         9.54369e+16    7.38304e-01
    3.59291e+04         9.45763e+16    7.27381e-01
    4.19173e+04         9.37202e+16    7.16901e-01
    4.79055e+04         9.28703e+16    7.06794e-01
    5.38937e+04         9.20177e+16    6.97031e-01
    5.98818e+04         9.11620e+16    6.87601e-01
    6.58700e+04         9.03025e+16    6.78495e-01
    7.18582e+04         8.94373e+16    6.69675e-01
    7.78464e+04         8.85599e+16    6.61137e-01
    8.38346e+04         8.76695e+16    6.52872e-01
    8.98228e+04         8.67658e+16    6.44863e-01
    9.58109e+04         8.58488e+16    6.37082e-01
    1.01799e+05         8.49145e+16    6.29492e-01
    1.07787e+05         8.39614e+16    6.22091e-01
    1.13775e+05         8.29885e+16    6.14875e-01
    1.19764e+05         8.19941e+16    6.07841e-01
    1.25752e+05         8.09762e+16    6.00983e-01
    1.31740e+05         7.99279e+16    5.94326e-01
    1.37728e+05         7.88438e+16    5.87905e-01
    1.43716e+05         7.77277e+16    5.81635e-01
    1.49705e+05         7.65771e+16    5.75515e-01
    1.55693e+05         7.53892e+16    5.69544e-01
    1.61681e+05         7.41636e+16    5.63651e-01
    1.67669e+05         7.28906e+16    5.57898e-01
    1.73657e+05         7.15674e+16    5.52261e-01
    1.79646e+05         7.01876e+16    5.46764e-01
    1.85634e+05         6.87451e+16    5.41412e-01
    1.91622e+05         6.72324e+16    5.36212e-01
    1.97610e+05         6.56544e+16    5.30972e-01
    2.03598e+05         6.39858e+16    5.25902e-01
    2.09586e+05         6.22136e+16    5.21016e-01
    2.15575e+05         6.03223e+16    5.16321e-01
    2.21563e+05         5.82931e+16    5.11827e-01
    2.27551e+05         5.61001e+16    5.07566e-01
    2.33539e+05         5.37108e+16    5.03555e-01
    2.39527e+05         5.10866e+16    4.99721e-01
    2.45516e+05         4.81621e+16    4.96163e-01
    2.51504e+05         4.48285e+16    4.93194e-01
    2.57492e+05         4.09506e+16    4.90586e-01
    2.60486e+05         3.86040e+16    4.89648e-01
    2.63480e+05         3.59527e+16    4.88892e-01
    2.66474e+05         3.28787e+16    4.88509e-01
    2.67971e+05         3.10302e+16    4.88596e-01
    2.69468e+05         2.89503e+16    4.88830e-01
    2.70965e+05         2.65536e+16    4.89321e-01
    2.71714e+05         2.51257e+16    4.89717e-01
    2.72462e+05         2.35287e+16    4.90232e-01
    2.73211e+05         2.17046e+16    4.90915e-01
    2.73959e+05         1.95590e+16    4.91766e-01
    2.74334e+05         1.82359e+16    4.92351e-01
    2.74708e+05         1.67127e+16    4.93063e-01
    2.74895e+05         1.58055e+16    4.93494e-01
    2.75082e+05         1.47906e+16    4.93984e-01
    2.75269e+05         1.36315e+16    4.94541e-01
    2.75363e+05         1.29489e+16    4.94869e-01
    2.75456e+05         1.21924e+16    4.95234e-01
    2.75550e+05         1.13389e+16    4.95636e-01
    2.75644e+05         1.03520e+16    4.96095e-01
    2.75690e+05         9.75983e+15    4.96364e-01
    2.75737e+05         9.09360e+15    4.96661e-01
    2.75784e+05         8.32613e+15    4.96994e-01
    2.75807e+05         7.86836e+15    4.97185e-01
    2.75831e+05         7.35576e+15    4.97393e-01
    2.75854e+05         6.76921e+15    4.97624e-01
    2.75866e+05         6.42290e+15    4.97755e-01
    2.75878e+05         6.03824e+15    4.97897e-01
    2.75889e+05         5.60299e+15    4.98051e-01
    2.75901e+05         5.09750e+15    4.98224e-01
    2.75907e+05         4.79214e+15    4.98322e-01
    2.75913e+05         4.44662e+15    4.98429e-01
    2.75918e+05         4.04532e+15    4.98548e-01
    2.75921e+05         3.80289e+15    4.98615e-01
    2.75924e+05         3.52855e+15    4.98689e-01
    2.75927e+05         3.20991e+15    4.98771e-01
    2.75929e+05         3.01738e+15    4.98817e-01
    2.75930e+05         2.79951e+15    4.98867e-01
    2.75932e+05         2.54640e+15    4.98923e-01
    2.75932e+05         2.39344e+15    4.98954e-01
    2.75933e+05         2.22030e+15    4.98988e-01
    2.75934e+05         2.01910e+15    4.99026e-01
    2.75934e+05         1.89746e+15    4.99047e-01
    2.75935e+05         1.75972e+15    4.99070e-01
    2.75935e+05         1.59957e+15    4.99095e-01
    2.75935e+05         1.50266e+15    4.99110e-01
    2.75935e+05         1.39285e+15    4.99125e-01
    2.75935e+05         1.26504e+15    4.99142e-01
    2.75936e+05         1.18757e+15    4.99152e-01
    2.75936e+05         1.09966e+15    4.99162e-01
    2.75936e+05         9.97138e+14    4.99174e-01
    2.75936e+05         9.34793e+14    4.99180e-01
    2.75936e+05         8.63855e+14    4.99187e-01
    2.75936e+05         7.80787e+14    4.99195e-01
    2.75936e+05         7.29946e+14    4.99199e-01
    2.75936e+05         6.71776e+14    4.99204e-01
    2.75936e+05         6.37436e+14    4.99207e-01
    2.75936e+05         5.99296e+14    4.99210e-01
    2.75936e+05         5.56148e+14    4.99213e-01
    2.75936e+05         5.06044e+14    4.99216e-01
    2.75936e+05         4.75786e+14    4.99218e-01
    2.75936e+05         4.41557e+14    4.99220e-01
    2.75936e+05         4.01815e+14    4.99222e-01
    2.75936e+05         3.77819e+14    4.99223e-01
    2.75936e+05         3.50678e+14    4.99225e-01
    2.75936e+05         3.19174e+14    4.99226e-01
    2.75936e+05         3.00158e+14    4.99227e-01
    2.75936e+05         2.78657e+14    4.99228e-01
    2.75936e+05         2.53710e+14    4.99229e-01
    2.75936e+05         2.38663e+14    4.99229e-01
    2.75936e+05         2.21659e+14    4.99230e-01
    2.75936e+05         2.01945e+14    4.99231e-01
    2.75936e+05         1.90070e+14    4.99231e-01
    2.75936e+05         1.76665e+14    4.99231e-01
    2.75936e+05         1.61148e+14    4.99232e-01
    2.75936e+05         1.51824e+14    4.99232e-01
    2.75936e+05         1.41319e+14    4.99232e-01
    2.75936e+05         1.29195e+14    4.99233e-01
    2.75936e+05         1.21941e+14    4.99233e-01
    2.75936e+05         1.13799e+14    4.99233e-01
    2.75936e+05         1.04450e+14    4.99233e-01
    2.75936e+05         9.89014e+13    4.99233e-01
    2.75936e+05         9.27126e+13    4.99233e-01
    2.75936e+05         8.56700e+13    4.99234e-01
    2.75936e+05         7.74219e+13    4.99234e-01
    2.75936e+05         7.23724e+13    4.99234e-01
    2.75936e+05         6.65937e+13    4.99234e-01
    2.75936e+05         6.31811e+13    4.99234e-01
    2.75936e+05         5.93899e+13    4.99234e-01
    2.75936e+05         5.50992e+13    4.99234e-01
    2.75936e+05         5.01143e+13    4.99234e-01
    2.75936e+05         4.71013e+13    4.99234e-01
    2.75936e+05         4.36905e+13    4.99234e-01
    2.75936e+05         3.97264e+13    4.99234e-01
    2.75936e+05         3.73291e+13    4.99234e-01
    2.75936e+05         3.46139e+13    4.99234e-01
    2.75936e+05         3.14561e+13    4.99234e-01
    2.75936e+05         2.95443e+13    4.99234e-01
    2.75936e+05         2.73770e+13    4.99234e-01
    2.75936e+05         2.48530e+13    4.99234e-01
    2.75936e+05         2.33217e+13    4.99234e-01
    2.75936e+05         2.15827e+13    4.99234e-01
    2.75936e+05         1.95521e+13    4.99234e-01
    2.75936e+05         1.83150e+13    4.99234e-01
    2.75936e+05         1.69051e+13    4.99234e-01
    2.75936e+05         1.52502e+13    4.99234e-01
    2.75936e+05         1.42334e+13    4.99234e-01
    2.75936e+05         1.30662e+13    4.99234e-01
    2.75936e+05         1.23737e+13    4.99234e-01
    2.75936e+05         1.16015e+13    4.99234e-01
    2.75936e+05         1.07230e+13    4.99234e-01
    2.75936e+05         9.69474e+12    4.99234e-01
    2.75936e+05         9.06577e+12    4.99234e-01
    2.75936e+05         8.34648e+12    4.99234e-01
    2.75936e+05         7.92218e+12    4.99234e-01
    2.75936e+05         7.45122e+12    4.99234e-01
    2.75936e+05         6.91883e+12    4.99234e-01
    2.75936e+05         6.30136e+12    4.99234e-01
    2.75936e+05         5.92916e+12    4.99234e-01
    2.75936e+05         5.50876e+12    4.99234e-01
    2.75936e+05         5.02175e+12    4.99234e-01
    2.75936e+05         4.72872e+12    4.99234e-01
    2.75936e+05         4.39825e+12    4.99234e-01
    2.75936e+05         4.01625e+12    4.99234e-01
    2.75936e+05         3.78719e+12    4.99234e-01
    2.75936e+05         3.52959e+12    4.99234e-01
    2.75936e+05         3.23301e+12    4.99234e-01
    2.75936e+05         3.05626e+12    4.99234e-01
    2.75936e+05         2.85848e+12    4.99234e-01
    2.75936e+05         2.63239e+12    4.99234e-01
    2.75936e+05         2.49909e+12    4.99234e-01
    2.75936e+05         2.35119e+12    4.99234e-01
    2.75936e+05         2.18410e+12    4.99234e-01
    2.75936e+05         1.99047e+12    4.99234e-01
    2.75936e+05         1.87390e+12    4.99234e-01
    2.75936e+05         1.74237e+12    4.99234e-01
    2.75936e+05         1.59024e+12    4.99234e-01
    2.75936e+05         1.49892e+12    4.99234e-01
    2.75936e+05         1.39614e+12    4.99234e-01
    2.75936e+05         1.27767e+12    4.99234e-01
    2.75936e+05         1.20695e+12    4.99234e-01
    2.75936e+05         1.12768e+12    4.99234e-01
    2.75936e+05         1.03689e+12    4.99234e-01
    2.75936e+05         9.83191e+11    4.99234e-01
    2.75936e+05         9.23470e+11    4.99234e-01
    2.75936e+05         8.55773e+11    4.99234e-01
    2.75936e+05         7.76943e+11    4.99234e-01
    2.75936e+05         7.29124e+11    4.99234e-01
    2.75936e+05         6.74827e+11    4.99234e-01
    2.75936e+05         6.11441e+11    4.99234e-01
    2.75936e+05         5.72836e+11    4.99234e-01
    2.75936e+05         5.28853e+11    4.99234e-01
    2.75936e+05         4.77250e+11    4.99234e-01
    2.75936e+05         4.45566e+11    4.99234e-01
    2.75936e+05         4.09217e+11    4.99234e-01
    2.75936e+05         3.87671e+11    4.99234e-01
    2.75936e+05         3.63662e+11    4.99234e-01
    2.75936e+05         3.36379e+11    4.99234e-01
    2.75936e+05         3.04491e+11    4.99234e-01
    2.75936e+05         2.85032e+11    4.99234e-01
    2.75936e+05         2.62826e+11    4.99234e-01
    2.75936e+05         2.36709e+11    4.99234e-01
    2.75936e+05         2.20610e+11    4.99234e-01
    2.75936e+05         2.02076e+11    4.99234e-01
    2.75936e+05         1.91031e+11    4.99234e-01
    2.75936e+05         1.78672e+11    4.99234e-01
    2.75936e+05         1.64543e+11    4.99234e-01
    2.75936e+05         1.56214e+11    4.99234e-01
    2.75936e+05         1.46973e+11    4.99234e-01
    2.75936e+05         1.36533e+11    4.99234e-01
    2.75936e+05         1.24435e+11    4.99234e-01
    2.75936e+05         1.17153e+11    4.99234e-01
    2.75936e+05         1.08938e+11    4.99234e-01
    2.75936e+05         9.94366e+10    4.99234e-01
    2.75936e+05         9.37347e+10    4.99234e-01
    2.75936e+05         8.73181e+10    4.99234e-01
    2.75936e+05         7.99237e+10    4.99234e-01
    2.75936e+05         7.55108e+10    4.99234e-01
    2.75936e+05         7.05670e+10    4.99234e-01
    2.75936e+05         6.49062e+10    4.99234e-01
    2.75936e+05         6.15606e+10    4.99234e-01
    2.75936e+05         5.78414e+10    4.99234e-01
    2.75936e+05         5.36286e+10    4.99234e-01
    2.75936e+05         4.87279e+10    4.99234e-01
    2.75936e+05         4.57599e+10    4.99234e-01
    2.75936e+05         4.23944e+10    4.99234e-01
    2.75936e+05         3.84734e+10    4.99234e-01
    2.75936e+05         3.60929e+10    4.99234e-01
    2.75936e+05         3.33880e+10    4.99234e-01
    2.75936e+05         3.02271e+10    4.99234e-01
    2.75936e+05         2.82989e+10    4.99234e-01
    2.75936e+05         2.60989e+10    4.99234e-01
    2.75936e+05         2.35124e+10    4.99234e-01
    2.75936e+05         2.19189e+10    4.99234e-01
    2.75936e+05         2.00854e+10    4.99234e-01
    2.75936e+05         1.89936e+10    4.99234e-01
    2.75936e+05         1.77727e+10    4.99234e-01
    2.75936e+05         1.63783e+10    4.99234e-01
    2.75936e+05         1.55573e+10    4.99234e-01
    2.75936e+05         1.46474e+10    4.99234e-01
    2.75936e+05         1.36209e+10    4.99234e-01
    2.75936e+05         1.24339e+10    4.99234e-01
    2.75936e+05         1.17217e+10    4.99234e-01
    2.75936e+05         1.09203e+10    4.99234e-01
    2.75936e+05         9.99689e+09    4.99234e-01
    2.75936e+05         9.44598e+09    4.99234e-01
    2.75936e+05         8.82894e+09    4.99234e-01
    2.75936e+05         8.12263e+09    4.99234e-01
    2.75936e+05         7.70539e+09    4.99234e-01
    2.75936e+05         7.24174e+09    4.99234e-01
    2.75936e+05         6.71682e+09    4.99234e-01
    2.75936e+05         6.10665e+09    4.99234e-01
    2.75936e+05         5.73755e+09    4.99234e-01
    2.75936e+05         5.31944e+09    4.99234e-01
    2.75936e+05         4.83301e+09    4.99234e-01
    2.75936e+05         4.53838e+09    4.99234e-01
    2.75936e+05         4.20425e+09    4.99234e-01
    2.75936e+05         3.81489e+09    4.99234e-01
    2.75936e+05         3.57845e+09    4.99234e-01
    2.75936e+05         3.30973e+09    4.99234e-01
    2.75936e+05         2.99560e+09    4.99234e-01
    2.75936e+05         2.80387e+09    4.99234e-01
    2.75936e+05         2.58503e+09    4.99234e-01
    2.75936e+05         2.32756e+09    4.99234e-01
    2.75936e+05         2.16876e+09    4.99234e-01
    2.75936e+05         1.98587e+09    4.99234e-01
    2.75936e+05         1.87680e+09    4.99234e-01
    2.75936e+05         1.75468e+09    4.99234e-01
    2.75936e+05         1.61498e+09    4.99234e-01
    2.75936e+05         1.53252e+09    4.99234e-01
    2.75936e+05         1.44095e+09    4.99234e-01
    2.75936e+05         1.33738e+09    4.99234e-01
    2.75936e+05         1.21713e+09    4.99234e-01
    2.75936e+05         1.14454e+09    4.99234e-01
    2.75936e+05         1.06246e+09    4.99234e-01
    2.75936e+05         9.67197e+08    4.99234e-01
    2.75936e+05         9.09721e+08    4.99234e-01
    2.75936e+05         8.44755e+08    4.99234e-01
    2.75936e+05         7.69411e+08    4.99234e-01
    2.75936e+05         7.23999e+08    4.99234e-01
    2.75936e+05         6.72713e+08    4.99234e-01
    2.75936e+05         6.13308e+08    4.99234e-01
    2.75936e+05         5.77573e+08    4.99234e-01
    2.75936e+05         5.37280e+08    4.99234e-01
    2.75936e+05         4.90716e+08    4.99234e-01
    2.75936e+05         4.62806e+08    4.99234e-01
    2.75936e+05         4.31428e+08    4.99234e-01
    2.75936e+05         3.95320e+08    4.99234e-01
    2.75936e+05         3.73818e+08    4.99234e-01
    2.75936e+05         3.49770e+08    4.99234e-01
    2.75936e+05         3.22303e+08    4.99234e-01
    2.75936e+05         3.06128e+08    4.99234e-01
    2.75936e+05         2.88199e+08    4.99234e-01
    2.75936e+05         2.67970e+08    4.99234e-01
    2.75936e+05         2.44572e+08    4.99234e-01
    2.75936e+05         2.30527e+08    4.99234e-01
    2.75936e+05         2.14719e+08    4.99234e-01
    2.75936e+05         1.96497e+08    4.99234e-01
    2.75936e+05         1.85618e+08    4.99234e-01
    2.75936e+05         1.73426e+08    4.99234e-01
    2.75936e+05         1.59461e+08    4.99234e-01
    2.75936e+05         1.51201e+08    4.99234e-01
    2.75936e+05         1.42014e+08    4.99234e-01
    2.75936e+05         1.31600e+08    4.99234e-01
    2.75936e+05         1.19473e+08    4.99234e-01
    2.75936e+05         1.12116e+08    4.99234e-01
    2.75936e+05         1.03762e+08    4.99234e-01
    2.75936e+05         9.40088e+07    4.99234e-01
    2.75936e+05         8.80676e+07    4.99234e-01
    2.75936e+05         8.12978e+07    4.99234e-01
    2.75936e+05         7.33535e+07    4.99234e-01
    2.75936e+05         6.84744e+07    4.99234e-01
    2.75936e+05         6.28753e+07    4.99234e-01
    2.75936e+05         5.95549e+07    4.99234e-01
    2.75936e+05         5.58539e+07    4.99234e-01
    2.75936e+05         5.16462e+07    4.99234e-01
    2.75936e+05         4.67250e+07    4.99234e-01
    2.75936e+05         4.37188e+07    4.99234e-01
    2.75936e+05         4.02850e+07    4.99234e-01
    2.75936e+05         3.82628e+07    4.99234e-01
    2.75936e+05         3.60214e+07    4.99234e-01
    2.75936e+05         3.34922e+07    4.99234e-01
    2.75936e+05         3.05667e+07    4.99234e-01
    2.75936e+05         2.88106e+07    4.99234e-01
    2.75936e+05         2.68338e+07    4.99234e-01
    2.75936e+05         2.45551e+07    4.99234e-01
    2.75936e+05         2.31944e+07    4.99234e-01
    2.75936e+05         2.16695e+07    4.99234e-01
    2.75936e+05         1.99223e+07    4.99234e-01
    2.75936e+05         1.88888e+07    4.99234e-01
    2.75936e+05         1.77391e+07    4.99234e-01
    2.75936e+05         1.64355e+07    4.99234e-01
    2.75936e+05         1.49169e+07    4.99234e-01
    2.75936e+05         1.39952e+07    4.99234e-01
    2.75936e+05         1.29480e+07    4.99234e-01
    2.75936e+05         1.17246e+07    4.99234e-01
    2.75936e+05         1.09786e+07    4.99234e-01
    2.75936e+05         1.01278e+07    4.99234e-01
    2.75936e+05         9.12796e+06    4.99234e-01
    2.75936e+05         8.51255e+06    4.99234e-01
    2.75936e+05         7.80494e+06    4.99234e-01
    2.75936e+05         7.38408e+06    4.99234e-01
    2.75936e+05         6.91388e+06    4.99234e-01
    2.75936e+05         6.37754e+06    4.99234e-01
    2.75936e+05         5.74721e+06    4.99234e-01
    2.75936e+05         5.35911e+06    4.99234e-01
    2.75936e+05         4.91278e+06    4.99234e-01
    2.75936e+05         4.64721e+06    4.99234e-01
    2.75936e+05         4.35043e+06    4.99234e-01
    2.75936e+05         4.01178e+06    4.99234e-01
    2.75936e+05         3.61354e+06    4.99234e-01
    2.75936e+05         3.36811e+06    4.99234e-01
    2.75936e+05         3.08562e+06    4.99234e-01
    2.75936e+05         2.91732e+06    4.99234e-01
    2.75936e+05         2.72904e+06    4.99234e-01
    2.75936e+05         2.51390e+06    4.99234e-01
    2.75936e+05         2.38712e+06    4.99234e-01
    2.75936e+05         2.24652e+06    4.99234e-01
    2.75936e+05         2.08777e+06    4.99234e-01
    2.75936e+05         1.90397e+06    4.99234e-01
    2.75936e+05         1.79346e+06    4.99234e-01
    2.75936e+05         1.66892e+06    4.99234e-01
    2.75936e+05         1.52510e+06    4.99234e-01
    2.75936e+05         1.43898e+06    4.99234e-01
    2.75936e+05         1.34225e+06    4.99234e-01
    2.75936e+05         1.23108e+06    4.99234e-01
    2.75936e+05         1.16500e+06    4.99234e-01
    2.75936e+05         1.09121e+06    4.99234e-01
    2.75936e+05         1.00710e+06    4.99234e-01
    2.75936e+05         9.08365e+05    4.99234e-01
    2.75936e+05         8.47679e+05    4.99234e-01
    2.75936e+05         7.77993e+05    4.99234e-01
    2.75936e+05         7.36629e+05    4.99234e-01
    2.75936e+05         6.90488e+05    4.99234e-01
    2.75936e+05         6.37975e+05    4.99234e-01
    2.75936e+05         5.76461e+05    4.99234e-01
    2.75936e+05         5.38790e+05    4.99234e-01
    2.75936e+05         4.95667e+05    4.99234e-01
    2.75936e+05         4.70191e+05    4.99234e-01
    2.75936e+05         4.41879e+05    4.99234e-01
    2.75936e+05         4.09822e+05    4.99234e-01
    2.75936e+05         3.72555e+05    4.99234e-01
    2.75936e+05         3.50007e+05    4.99234e-01
    2.75936e+05         3.24460e+05    4.99234e-01
    2.75936e+05         2.94732e+05    4.99234e-01
    2.75936e+05         2.76718e+05    4.99234e-01
    2.75936e+05         2.56283e+05    4.99234e-01
    2.75936e+05         2.32459e+05    4.99234e-01
    2.75936e+05         2.17980e+05    4.99234e-01
    2.75936e+05         2.01513e+05    4.99234e-01
    2.75936e+05         1.82246e+05    4.99234e-01
    2.75936e+05         1.70468e+05    4.99234e-01
    2.75936e+05         1.57005e+05    4.99234e-01
    2.75936e+05         1.49071e+05    4.99234e-01
    2.75936e+05         1.40269e+05    4.99234e-01
    2.75936e+05         1.30327e+05    4.99234e-01
    2.75936e+05         1.18811e+05    4.99234e-01
    2.75936e+05         1.11883e+05    4.99234e-01
    2.75936e+05         1.04070e+05    4.99234e-01
    2.75936e+05         9.50399e+04    4.99234e-01
    2.75936e+05         8.96262e+04    4.99234e-01
    2.75936e+05         8.35387e+04    4.99234e-01
    2.75936e+05         7.65317e+04    4.99234e-01
    2.75936e+05         7.23572e+04    4.99234e-01
    2.75936e+05         6.76872e+04    4.99234e-01
    2.75936e+05         6.23506e+04    4.99234e-01
    2.75936e+05         5.92060e+04    4.99234e-01
    2.75936e+05         5.57185e+04    4.99234e-01
    2.75936e+05         5.17807e+04    4.99234e-01
    2.75936e+05         4.72212e+04    4.99234e-01
    2.75936e+05         4.44800e+04    4.99234e-01
    2.75936e+05         4.13905e+04    4.99234e-01
    2.75936e+05         3.78225e+04    4.99234e-01
    2.75936e+05         3.56861e+04    4.99234e-01
    2.75936e+05         3.32862e+04    4.99234e-01
    2.75936e+05         3.05278e+04    4.99234e-01
    2.75936e+05         2.88880e+04    4.99234e-01
    2.75936e+05         2.70569e+04    4.99234e-01
    2.75936e+05         2.49695e+04    4.99234e-01
    2.75936e+05         2.25185e+04    4.99234e-01
    2.75936e+05         2.10117e+04    4.99234e-01
    2.75936e+05         1.92811e+04    4.99234e-01
    2.75936e+05         1.82535e+04    4.99234e-01
    2.75936e+05         1.71069e+04    4.99234e-01
    2.75936e+05         1.58014e+04    4.99234e-01
    2.75936e+05         1.42714e+04    4.99234e-01
    2.75936e+05         1.33335e+04    4.99234e-01
    2.75936e+05         1.22591e+04    4.99234e-01
    2.75936e+05         1.16235e+04    4.99234e-01
    2.75936e+05         1.09166e+04    4.99234e-01
    2.75936e+05         1.01152e+04    4.99234e-01
    2.75936e+05         9.18177e+03    4.99234e-01
    2.75936e+05         8.61533e+03    4.99234e-01
    2.75936e+05         7.97195e+03    4.99234e-01
    2.75936e+05         7.22053e+03    4.99234e-01
    2.75936e+05         6.76256e+03    4.99234e-01
    2.75936e+05         6.24045e+03    4.99234e-01
    2.75936e+05         5.62733e+03    4.99234e-01
    2.75936e+05         5.25033e+03    4.99234e-01
    2.75936e+05         4.81724e+03    4.99234e-01
    2.75936e+05         4.56001e+03    4.99234e-01
    2.75936e+05         4.27293e+03    4.99234e-01
    2.75936e+05         3.94599e+03    4.99234e-01
    2.75936e+05         3.56263e+03    4.99234e-01
    2.75936e+05         3.32748e+03    4.99234e-01
    2.75936e+05         3.05792e+03    4.99234e-01
    2.75936e+05         2.89833e+03    4.99234e-01
    2.75936e+05         2.72068e+03    4.99234e-01
    2.75936e+05         2.51908e+03    4.99234e-01
    2.75936e+05         2.28391e+03    4.99234e-01
    2.75936e+05         2.14086e+03    4.99234e-01
    2.75936e+05         1.97806e+03    4.99234e-01
    2.75936e+05         1.78737e+03    4.99234e-01
    2.75936e+05         1.67058e+03    4.99234e-01
    2.75936e+05         1.53691e+03    4.99234e-01
    2.75936e+05         1.45793e+03    4.99234e-01
    2.75936e+05         1.37017e+03    4.99234e-01
    2.75936e+05         1.27081e+03    4.99234e-01
    2.75936e+05         1.15531e+03    4.99234e-01
    2.75936e+05         1.08543e+03    4.99234e-01
    2.75936e+05         1.00626e+03    4.99234e-01
    2.75936e+05         9.14148e+02    4.99234e-01
    2.75936e+05         8.58343e+02    4.99234e-01
    2.75936e+05         7.95045e+02    4.99234e-01
    2.75936e+05         7.21267e+02    4.99234e-01
    2.75936e+05         6.76445e+02    4.99234e-01
    2.75936e+05         6.25487e+02    4.99234e-01
    2.75936e+05         5.65888e+02    4.99234e-01
    2.75936e+05         5.29480e+02    4.99234e-01
    2.75936e+05         4.87894e+02    4.99234e-01
    2.75936e+05         4.63405e+02    4.99234e-01
    2.75936e+05         4.36259e+02    4.99234e-01
    2.75936e+05         4.05631e+02    4.99234e-01
    2.75936e+05         3.70202e+02    4.99234e-01
    2.75936e+05         3.48934e+02    4.99234e-01
    2.75936e+05         3.24996e+02    4.99234e-01
    2.75936e+05         2.97400e+02    4.99234e-01
    2.75936e+05         2.80923e+02    4.99234e-01
    2.75936e+05         2.62457e+02    4.99234e-01
    2.75936e+05         2.41300e+02    4.99234e-01
    2.75936e+05         2.28786e+02    4.99234e-01
    2.75936e+05         2.14865e+02    4.99234e-01
    2.75936e+05         1.99081e+02    4.99234e-01
    2.75936e+05         1.80696e+02    4.99234e-01
    2.75936e+05         1.69538e+02    4.99234e-01
    2.75936e+05         1.56862e+02    4.99234e-01
    2.75936e+05         1.42055e+02    4.99234e-01
    2.75936e+05         1.33028e+02    4.99234e-01
    2.75936e+05         1.22734e+02    4.99234e-01
    2.75936e+05         1.10641e+02    4.99234e-01
    2.75936e+05         1.03201e+02    4.99234e-01
    2.75936e+05         9.46484e+01    4.99234e-01
    2.75936e+05         8.95646e+01    4.99234e-01
    2.75936e+05         8.38874e+01    4.99234e-01
    2.75936e+05         7.74157e+01    4.99234e-01
    2.75936e+05         6.98168e+01    4.99234e-01
    2.75936e+05         6.51453e+01    4.99234e-01
    2.75936e+05         5.97797e+01    4.99234e-01
    2.75936e+05         5.65938e+01    4.99234e-01
    2.75936e+05         5.30390e+01    4.99234e-01
    2.75936e+05         4.89917e+01    4.99234e-01
    2.75936e+05         4.42482e+01    4.99234e-01
    2.75936e+05         4.13406e+01    4.99234e-01
    2.75936e+05         3.80097e+01    4.99234e-01
    2.75936e+05         3.60395e+01    4.99234e-01
    2.75936e+05         3.38481e+01    4.99234e-01
    2.75936e+05         3.13637e+01    4.99234e-01
    2.75936e+05         2.84701e+01    4.99234e-01
    2.75936e+05         2.67142e+01    4.99234e-01
    2.75936e+05         2.47200e+01    4.99234e-01
    2.75936e+05         2.23910e+01    4.99234e-01
    2.75936e+05         2.09717e+01    4.99234e-01
    2.75936e+05         1.93538e+01    4.99234e-01
    2.75936e+05         1.74540e+01    4.99234e-01
    2.75936e+05         1.62861e+01    4.99234e-01
    2.75936e+05         1.49447e+01    4.99234e-01
    2.75936e+05         1.41482e+01    4.99234e-01
    2.75936e+05         1.32594e+01    4.99234e-01
    2.75936e+05         1.22476e+01    4.99234e-01
    2.75936e+05         1.10616e+01    4.99234e-01
    2.75936e+05         1.03347e+01    4.99234e-01
    2.75936e+05         9.50188e+00    4.99234e-01
    2.75936e+05         9.00929e+00    4.99234e-01
    2.75936e+05         8.46135e+00    4.99234e-01
    2.75936e+05         7.84016e+00    4.99234e-01
    2.75936e+05         7.11662e+00    4.99234e-01
    2.75936e+05         6.67755e+00    4.99234e-01
    2.75936e+05         6.17885e+00    4.99234e-01
    2.75936e+05         5.59639e+00    4.99234e-01
    2.75936e+05         5.24138e+00    4.99234e-01
    2.75936e+05         4.83666e+00    4.99234e-01
    2.75936e+05         4.36137e+00    4.99234e-01
    2.75936e+05         4.06910e+00    4.99234e-01
    2.75936e+05         3.73335e+00    4.99234e-01
    2.75936e+05         3.53392e+00    4.99234e-01
    2.75936e+05         3.31134e+00    4.99234e-01
    2.75936e+05         3.05784e+00    4.99234e-01
    2.75936e+05         2.76056e+00    4.99234e-01
    2.75936e+05         2.57819e+00    4.99234e-01
    2.75936e+05         2.36910e+00    4.99234e-01
    2.75936e+05         2.24529e+00    4.99234e-01
    2.75936e+05         2.10745e+00    4.99234e-01
    2.75936e+05         1.95098e+00    4.99234e-01
    2.75936e+05         1.76841e+00    4.99234e-01
    2.75936e+05         1.65731e+00    4.99234e-01
    2.75936e+05         1.53081e+00    4.99234e-01
    2.75936e+05         1.38254e+00    4.99234e-01
    2.75936e+05         1.29165e+00    4.99234e-01
    2.75936e+05         1.18752e+00    4.99234e-01
    2.75936e+05         1.12592e+00    4.99234e-01
    2.75936e+05         1.05740e+00    4.99234e-01
    2.75936e+05         9.79708e-01    4.99234e-01
    2.75936e+05         8.89209e-01    4.99234e-01
    2.75936e+05         8.34279e-01    4.99234e-01
    2.75936e+05         7.71879e-01    4.99234e-01
    2.75936e+05         6.98982e-01    4.99234e-01
    2.75936e+05         6.54534e-01    4.99234e-01
    2.75936e+05         6.03845e-01    4.99234e-01
    2.75936e+05         5.44289e-01    4.99234e-01
    2.75936e+05         5.07637e-01    4.99234e-01
    2.75936e+05         4.65502e-01    4.99234e-01
    2.75936e+05         4.40448e-01    4.99234e-01
    2.75936e+05         4.12463e-01    4.99234e-01
    2.75936e+05         3.80551e-01    4.99234e-01
    2.75936e+05         3.43063e-01    4.99234e-01
    2.75936e+05         3.19999e-01    4.99234e-01
    2.75936e+05         2.93489e-01    4.99234e-01
    2.75936e+05         2.77732e-01    4.99234e-01
    2.75936e+05         2.60137e-01    4.99234e-01
    2.75936e+05         2.40080e-01    4.99234e-01
    2.75936e+05         2.16533e-01    4.99234e-01
    2.75936e+05         2.02059e-01    4.99234e-01
    2.75936e+05         1.85437e-01    4.99234e-01
    2.75936e+05         1.75570e-01    4.99234e-01
    2.75936e+05         1.64562e-01    4.99234e-01
    2.75936e+05         1.52032e-01    4.99234e-01
    2.75936e+05         1.37352e-01    4.99234e-01
    2.75936e+05         1.28359e-01    4.99234e-01
    2.75936e+05         1.18062e-01    4.99234e-01
    2.75936e+05         1.11976e-01    4.99234e-01
    2.75936e+05         1.05210e-01    4.99234e-01
    2.75936e+05         9.75471e-02    4.99234e-01
    2.75936e+05         8.86323e-02    4.99234e-01
    2.75936e+05         8.32331e-02    4.99234e-01
    2.75936e+05         7.71107e-02    4.99234e-01
    2.75936e+05         6.99776e-02    4.99234e-01
    2.75936e+05         6.56469e-02    4.99234e-01
    2.75936e+05         6.07259e-02    4.99234e-01
    2.75936e+05         5.49750e-02    4.99234e-01
    2.75936e+05         5.14666e-02    4.99234e-01
    2.75936e+05         4.74634e-02    4.99234e-01
    2.75936e+05         4.27566e-02    4.99234e-01
    2.75936e+05         3.98565e-02    4.99234e-01
    2.75936e+05         3.65190e-02    4.99234e-01
    2.75936e+05         3.45313e-02    4.99234e-01
    2.75936e+05         3.23081e-02    4.99234e-01
    2.75936e+05         2.97685e-02    4.99234e-01
    2.75936e+05         2.82728e-02    4.99234e-01
    2.75936e+05         2.66147e-02    4.99234e-01
    2.75936e+05         2.47435e-02    4.99234e-01
    2.75936e+05         2.25786e-02    4.99234e-01
    2.75936e+05         2.12786e-02    4.99234e-01
    2.75936e+05         1.98149e-02    4.99234e-01
    2.75936e+05         1.81270e-02    4.99234e-01
    2.75936e+05         1.71186e-02    4.99234e-01
    2.75936e+05         1.59879e-02    4.99234e-01
    2.75936e+05         1.46915e-02    4.99234e-01
    2.75936e+05         1.39239e-02    4.99234e-01
    2.75936e+05         1.30693e-02    4.99234e-01
    2.75936e+05         1.20994e-02    4.99234e-01
    2.75936e+05         1.09676e-02    4.99234e-01
    2.75936e+05         1.02789e-02    4.99234e-01
    2.75936e+05         9.49489e-03    4.99234e-01
    2.75936e+05         8.57601e-03    4.99234e-01
    2.75936e+05         8.01284e-03    4.99234e-01
    2.75936e+05         7.36773e-03    4.99234e-01
    2.75936e+05         6.98621e-03    4.99234e-01
    2.75936e+05         6.56189e-03    4.99234e-01
    2.75936e+05         6.08091e-03    4.99234e-01
    2.75936e+05         5.52084e-03    4.99234e-01
    2.75936e+05         5.18111e-03    4.99234e-01
    2.75936e+05         4.79536e-03    4.99234e-01
    2.75936e+05         4.34505e-03    4.99234e-01
    2.75936e+05         4.07081e-03    4.99234e-01
    2.75936e+05         3.75838e-03    4.99234e-01
    2.75936e+05         3.39184e-03    4.99234e-01
    2.75936e+05         3.16682e-03    4.99234e-01
    2.75936e+05         2.90869e-03    4.99234e-01
    2.75936e+05         2.75570e-03    4.99234e-01
    2.75936e+05         2.58525e-03    4.99234e-01
    2.75936e+05         2.39159e-03    4.99234e-01
    2.75936e+05         2.16528e-03    4.99234e-01
    2.75936e+05         2.02725e-03    4.99234e-01
    2.75936e+05         1.86977e-03    4.99234e-01
    2.75936e+05         1.68465e-03    4.99234e-01
    2.75936e+05         1.57063e-03    4.99234e-01
    2.75936e+05         1.43945e-03    4.99234e-01
    2.75936e+05         1.36137e-03    4.99234e-01
    2.75936e+05         1.27407e-03    4.99234e-01
    2.75936e+05         1.17439e-03    4.99234e-01
    2.75936e+05         1.05708e-03    4.99234e-01
    2.75936e+05         9.84681e-04    4.99234e-01
    2.75936e+05         9.01246e-04    4.99234e-01
    2.75936e+05         8.51447e-04    4.99234e-01
    2.75936e+05         7.95652e-04    4.99234e-01
    2.75936e+05         7.31757e-04    4.99234e-01
    2.75936e+05         6.93987e-04    4.99234e-01
    2.75936e+05         6.51994e-04    4.99234e-01
    2.75936e+05         6.04418e-04    4.99234e-01
    2.75936e+05         5.49056e-04    4.99234e-01
    2.75936e+05         5.15512e-04    4.99234e-01
    2.75936e+05         4.77461e-04    4.99234e-01
    2.75936e+05         4.33102e-04    4.99234e-01
    2.75936e+05         4.06148e-04    4.99234e-01
    2.75936e+05         3.75496e-04    4.99234e-01
    2.75936e+05         3.39636e-04    4.99234e-01
    2.75936e+05         3.17720e-04    4.99234e-01
    2.75936e+05         2.92676e-04    4.99234e-01
    2.75936e+05         2.77920e-04    4.99234e-01
    2.75936e+05         2.61554e-04    4.99234e-01
    2.75936e+05         2.43077e-04    4.99234e-01
    2.75936e+05         2.21684e-04    4.99234e-01
    2.75936e+05         2.08824e-04    4.99234e-01
    2.75936e+05         1.94330e-04    4.99234e-01
    2.75936e+05         1.77594e-04    4.99234e-01
    2.75936e+05         1.67575e-04    4.99234e-01
    2.75936e+05         1.56321e-04    4.99234e-01
    2.75936e+05         1.43389e-04    4.99234e-01
    2.75936e+05         1.35705e-04    4.99234e-01
    2.75936e+05         1.27125e-04    4.99234e-01
    2.75936e+05         1.17348e-04    4.99234e-01
    2.75936e+05         1.05873e-04    4.99234e-01
    2.75936e+05         9.88254e-05    4.99234e-01
    2.75936e+05         9.07362e-05    4.99234e-01
    2.75936e+05         8.59384e-05    4.99234e-01
    2.75936e+05         8.05898e-05    4.99234e-01
    2.75936e+05         7.45078e-05    4.99234e-01
    2.75936e+05         6.73922e-05    4.99234e-01
    2.75936e+05         6.30435e-05    4.99234e-01
    2.75936e+05         5.80742e-05    4.99234e-01
    2.75936e+05         5.51461e-05    4.99234e-01
    2.75936e+05         5.18988e-05    4.99234e-01
    2.75936e+05         4.82324e-05    4.99234e-01
    2.75936e+05         4.39875e-05    4.99234e-01
    2.75936e+05         4.14356e-05    4.99234e-01
    2.75936e+05         3.85597e-05    4.99234e-01
    2.75936e+05         3.52388e-05    4.99234e-01
    2.75936e+05         3.32507e-05    4.99234e-01
    2.75936e+05         3.10177e-05    4.99234e-01
    2.75936e+05         2.84516e-05    4.99234e-01
    2.75936e+05         2.69267e-05    4.99234e-01
    2.75936e+05         2.52242e-05    4.99234e-01


