              t                   M              a
    1.23833e-21         1.00000e+17    8.00000e-01
    2.47665e-21         1.00000e+17    8.00000e-01
    4.95331e-21         1.00000e+17    8.00000e-01
    9.90662e-21         1.00000e+17    8.00000e-01
    1.98132e-20         1.00000e+17    8.00000e-01
    3.96265e-20         1.00000e+17    8.00000e-01
    7.92530e-20         1.00000e+17    8.00000e-01
    1.58506e-19         1.00000e+17    8.00000e-01
    3.17012e-19         1.00000e+17    8.00000e-01
    6.34024e-19         1.00000e+17    8.00000e-01
    1.26805e-18         1.00000e+17    8.00000e-01
    2.53609e-18         1.00000e+17    8.00000e-01
    5.07219e-18         1.00000e+17    8.00000e-01
    1.01444e-17         1.00000e+17    8.00000e-01
    2.02888e-17         1.00000e+17    8.00000e-01
    4.05775e-17         1.00000e+17    8.00000e-01
    8.11550e-17         1.00000e+17    8.00000e-01
    1.62310e-16         1.00000e+17    8.00000e-01
    3.24620e-16         1.00000e+17    8.00000e-01
    6.49240e-16         1.00000e+17    8.00000e-01
    1.29848e-15         1.00000e+17    8.00000e-01
    2.59696e-15         1.00000e+17    8.00000e-01
    5.19392e-15         1.00000e+17    8.00000e-01
    1.03878e-14         1.00000e+17    8.00000e-01
    2.07757e-14         1.00000e+17    8.00000e-01
    4.15514e-14         1.00000e+17    8.00000e-01
    8.31027e-14         1.00000e+17    8.00000e-01
    1.66205e-13         1.00000e+17    8.00000e-01
    3.32411e-13         1.00000e+17    8.00000e-01
    6.64822e-13         1.00000e+17    8.00000e-01
    1.32964e-12         1.00000e+17    8.00000e-01
    2.65929e-12         1.00000e+17    8.00000e-01
    5.31858e-12         1.00000e+17    8.00000e-01
    1.06372e-11         1.00000e+17    8.00000e-01
    2.12743e-11         1.00000e+17    8.00000e-01
    4.25486e-11         1.00000e+17    8.00000e-01
    8.50972e-11         1.00000e+17    8.00000e-01
    1.70194e-10         1.00000e+17    8.00000e-01
    3.40389e-10         1.00000e+17    8.00000e-01
    6.80778e-10         1.00000e+17    8.00000e-01
    1.36156e-09         1.00000e+17    8.00000e-01
    2.72311e-09         1.00000e+17    8.00000e-01
    5.44622e-09         1.00000e+17    8.00000e-01
    1.08924e-08         1.00000e+17    8.00000e-01
    2.17849e-08         1.00000e+17    8.00000e-01
    4.35698e-08         1.00000e+17    8.00000e-01
    8.71395e-08         1.00000e+17    8.00000e-01
    1.74279e-07         1.00000e+17    8.00000e-01
    3.48558e-07         1.00000e+17    8.00000e-01
    6.97116e-07         1.00000e+17    8.00000e-01
    1.39423e-06         1.00000e+17    8.00000e-01
    2.78847e-06         1.00000e+17    8.00000e-01
    5.57693e-06         1.00000e+17    8.00000e-01
    1.11539e-05         1.00000e+17    8.00000e-01
    2.23077e-05         1.00000e+17    8.00000e-01
    4.46154e-05         1.00000e+17    8.00000e-01
    8.92309e-05         1.00000e+17    8.00000e-01
    1.78462e-04         1.00000e+17    8.00000e-01
    3.56924e-04         1.00000e+17    8.00000e-01
    7.13847e-04         1.00000e+17    8.00000e-01
    1.42769e-03         1.00000e+17    8.00000e-01
    2.85539e-03         1.00000e+17    8.00000e-01
    5.71078e-03         1.00000e+17    8.00000e-01
    1.14216e-02         1.00000e+17    8.00000e-01
    2.28431e-02         1.00000e+17    8.00000e-01
    4.56862e-02         1.00000e+17    8.00000e-01
    9.13724e-02         1.00000e+17    8.00000e-01
    1.82745e-01         1.00000e+17    8.00000e-01
    3.65490e-01         1.00000e+17    8.00000e-01
    7.30979e-01         1.00000e+17    8.00000e-01
    1.46196e+00         1.00000e+17    8.00000e-01
    2.92392e+00         1.00000e+17    8.00000e-01
    5.84784e+00         1.00000e+17    8.00000e-01
    1.16957e+01         1.00000e+17    8.00000e-01
    2.33913e+01         1.00000e+17    8.00000e-01
    4.67827e+01         1.00000e+17    8.00000e-01
    9.35654e+01         1.00000e+17    8.00000e-01
    1.87131e+02         1.00000e+17    8.00000e-01
    3.74261e+02         1.00000e+17    8.00000e-01
    7.48523e+02         1.00000e+17    8.00000e-01
    1.49705e+03         1.00000e+17    8.00000e-01
    2.99409e+03         1.00000e+17    8.00000e-01
    5.98818e+03         1.00000e+17    8.00000e-01
    1.19764e+04         1.00000e+17    8.00000e-01
    2.39527e+04         1.00000e+17    8.00000e-01
    4.79055e+04         1.00000e+17    8.00000e-01
    9.58109e+04         1.00000e+17    8.00000e-01
    1.91622e+05         1.00000e+17    8.00000e-01
    3.83244e+05         1.00000e+17    8.00000e-01
    7.66488e+05         1.00000e+17    8.00000e-01
    1.53298e+06         1.00000e+17    8.00000e-01
    3.06595e+06         1.00000e+17    8.00000e-01
    6.13190e+06         1.00000e+17    8.00000e-01
    1.22638e+07         1.00000e+17    8.00000e-01
    2.45276e+07         1.00000e+17    8.00000e-01
    4.90552e+07         1.00000e+17    8.00000e-01
    9.81104e+07         1.00000e+17    8.00000e-01
    1.96221e+08         1.00000e+17    8.00000e-01
    3.92442e+08         1.00000e+17    8.00000e-01
    7.84883e+08         1.00000e+17    8.00000e-01
    1.56977e+09         1.00000e+17    8.00000e-01
    3.13953e+09         1.00000e+17    8.00000e-01
    6.27907e+09         1.00000e+17    8.00000e-01
    1.25581e+10         1.00000e+17    8.00000e-01
    2.51163e+10         1.00000e+17    8.00000e-01
    5.02325e+10         1.00000e+17    8.00000e-01
    1.00465e+11         1.00000e+17    8.00000e-01
    2.00930e+11         1.00000e+17    8.00000e-01
    4.01860e+11         1.00000e+17    8.00000e-01
    8.03720e+11         1.00000e+17    8.00000e-01
    1.60744e+12         1.00000e+17    8.00000e-01
    3.21488e+12         9.99999e+16    7.99999e-01
    6.42976e+12         9.99999e+16    7.99999e-01
    1.28595e+13         9.99998e+16    7.99997e-01
    2.57191e+13         9.99995e+16    7.99995e-01
    5.14381e+13         9.99991e+16    7.99989e-01
    1.02876e+14         9.99981e+16    7.99979e-01
    2.05752e+14         9.99963e+16    7.99958e-01
    4.11505e+14         9.99925e+16    7.99916e-01
    8.23010e+14         9.99851e+16    7.99832e-01
    1.64602e+15         9.99701e+16    7.99663e-01
    3.29204e+15         9.99403e+16    7.99327e-01
    6.58408e+15         9.98806e+16    7.98656e-01
    1.31682e+16         9.97614e+16    7.97318e-01
    2.63363e+16         9.95238e+16    7.94659e-01
    5.26726e+16         9.90514e+16    7.89413e-01
    1.05345e+17         9.81159e+16    7.79186e-01
    1.58018e+17         9.71872e+16    7.69388e-01
    2.10690e+17         9.62649e+16    7.60005e-01
    2.63363e+17         9.53485e+16    7.51025e-01
    3.16036e+17         9.44338e+16    7.42396e-01
    3.68708e+17         9.35149e+16    7.34047e-01
    4.21381e+17         9.25912e+16    7.25972e-01
    4.74054e+17         9.16623e+16    7.18163e-01
    5.26726e+17         9.07274e+16    7.10615e-01
    5.79399e+17         8.97815e+16    7.03270e-01
    6.32071e+17         8.88237e+16    6.96123e-01
    6.84744e+17         8.78534e+16    6.89171e-01
    7.37417e+17         8.68696e+16    6.82410e-01
    7.90089e+17         8.58715e+16    6.75835e-01
    8.42762e+17         8.48542e+16    6.69413e-01
    8.95435e+17         8.38162e+16    6.63139e-01
    9.48107e+17         8.27561e+16    6.57008e-01
    1.00078e+18         8.16725e+16    6.51019e-01
    1.05345e+18         8.05638e+16    6.45169e-01
    1.10613e+18         7.94282e+16    6.39451e-01
    1.15880e+18         7.82638e+16    6.33797e-01
    1.21147e+18         7.70685e+16    6.28205e-01
    1.26414e+18         7.58398e+16    6.22674e-01
    1.31682e+18         7.45752e+16    6.17202e-01
    1.36949e+18         7.32715e+16    6.11787e-01
    1.42216e+18         7.19253e+16    6.06428e-01
    1.47483e+18         7.05307e+16    6.01127e-01
    1.52751e+18         6.90807e+16    5.95887e-01
    1.58018e+18         6.75696e+16    5.90707e-01
    1.63285e+18         6.59905e+16    5.85582e-01
    1.68552e+18         6.43353e+16    5.80511e-01
    1.73820e+18         6.25943e+16    5.75492e-01
    1.79087e+18         6.07555e+16    5.70520e-01
    1.84354e+18         5.88051e+16    5.65544e-01
    1.89621e+18         5.67257e+16    5.60491e-01
    1.94889e+18         5.44940e+16    5.55343e-01
    2.00156e+18         5.20788e+16    5.50082e-01
    2.05423e+18         4.94379e+16    5.44683e-01
    2.10690e+18         4.65113e+16    5.39111e-01
    2.15958e+18         4.32095e+16    5.33321e-01
    2.21225e+18         3.93861e+16    5.27227e-01
    2.23859e+18         3.70848e+16    5.23963e-01
    2.26492e+18         3.44887e+16    5.20531e-01
    2.29126e+18         3.14868e+16    5.16882e-01
    2.30443e+18         2.96857e+16    5.14911e-01
    2.31760e+18         2.76594e+16    5.12830e-01
    2.33076e+18         2.53251e+16    5.10610e-01
    2.33735e+18         2.39328e+16    5.09406e-01
    2.34393e+18         2.23738e+16    5.08135e-01
    2.35052e+18         2.05898e+16    5.06779e-01
    2.35381e+18         1.95365e+16    5.06044e-01
    2.35710e+18         1.83665e+16    5.05270e-01
    2.36039e+18         1.70426e+16    5.04447e-01
    2.36368e+18         1.55051e+16    5.03560e-01
    2.36533e+18         1.45763e+16    5.03074e-01
    2.36698e+18         1.35253e+16    5.02556e-01
    2.36862e+18         1.23047e+16    5.01998e-01
    2.36945e+18         1.15672e+16    5.01691e-01
    2.37027e+18         1.07327e+16    5.01364e-01
    2.37109e+18         9.76342e+15    5.01011e-01
    2.37150e+18         9.17775e+15    5.00817e-01
    2.37191e+18         8.51494e+15    5.00610e-01
    2.37233e+18         7.74493e+15    5.00387e-01
    2.37253e+18         7.27957e+15    5.00264e-01
    2.37274e+18         6.75279e+15    5.00133e-01
    2.37294e+18         6.14062e+15    4.99991e-01
    2.37305e+18         5.77047e+15    4.99913e-01
    2.37315e+18         5.35130e+15    4.99829e-01
    2.37325e+18         4.86388e+15    4.99736e-01
    2.37330e+18         4.56888e+15    4.99684e-01
    2.37335e+18         4.23456e+15    4.99628e-01
    2.37341e+18         3.84535e+15    4.99566e-01
    2.37343e+18         3.60936e+15    4.99531e-01
    2.37346e+18         3.34150e+15    4.99493e-01
    2.37348e+18         3.02897e+15    4.99452e-01
    2.37350e+18         2.83880e+15    4.99428e-01
    2.37351e+18         2.62229e+15    4.99403e-01
    2.37352e+18         2.36855e+15    4.99375e-01
    2.37353e+18         2.21304e+15    4.99359e-01
    2.37353e+18         2.03492e+15    4.99341e-01
    2.37354e+18         1.92957e+15    4.99332e-01
    2.37354e+18         1.81242e+15    4.99321e-01
    2.37354e+18         1.67963e+15    4.99310e-01
    2.37355e+18         1.52501e+15    4.99298e-01
    2.37355e+18         1.43123e+15    4.99291e-01
    2.37355e+18         1.32475e+15    4.99284e-01
    2.37355e+18         1.20048e+15    4.99276e-01
    2.37355e+18         1.12481e+15    4.99271e-01
    2.37355e+18         1.03861e+15    4.99266e-01
    2.37355e+18         9.37521e+14    4.99260e-01
    2.37355e+18         8.75486e+14    4.99257e-01
    2.37356e+18         8.04348e+14    4.99254e-01
    2.37356e+18         7.62209e+14    4.99252e-01
    2.37356e+18         7.15282e+14    4.99250e-01
    2.37356e+18         6.61995e+14    4.99247e-01
    2.37356e+18         5.99785e+14    4.99245e-01
    2.37356e+18         5.61893e+14    4.99243e-01
    2.37356e+18         5.18718e+14    4.99241e-01
    2.37356e+18         4.68056e+14    4.99240e-01
    2.37356e+18         4.36945e+14    4.99239e-01
    2.37356e+18         4.01246e+14    4.99238e-01
    2.37356e+18         3.80078e+14    4.99237e-01
    2.37356e+18         3.56488e+14    4.99236e-01
    2.37356e+18         3.29672e+14    4.99235e-01
    2.37356e+18         2.98316e+14    4.99234e-01
    2.37356e+18         2.79170e+14    4.99234e-01
    2.37356e+18         2.57306e+14    4.99233e-01
    2.37356e+18         2.44438e+14    4.99232e-01
    2.37356e+18         2.30179e+14    4.99232e-01
    2.37356e+18         2.14099e+14    4.99231e-01
    2.37356e+18         1.95513e+14    4.99231e-01
    2.37356e+18         1.84369e+14    4.99230e-01
    2.37356e+18         1.71837e+14    4.99230e-01
    2.37356e+18         1.57410e+14    4.99229e-01
    2.37356e+18         1.48814e+14    4.99229e-01
    2.37356e+18         1.39197e+14    4.99229e-01
    2.37356e+18         1.28204e+14    4.99229e-01
    2.37356e+18         1.21724e+14    4.99229e-01
    2.37356e+18         1.14537e+14    4.99228e-01
    2.37356e+18         1.06419e+14    4.99228e-01
    2.37356e+18         9.70156e+13    4.99228e-01
    2.37356e+18         9.13581e+13    4.99228e-01
    2.37356e+18         8.49783e+13    4.99228e-01
    2.37356e+18         7.76046e+13    4.99228e-01
    2.37356e+18         7.31839e+13    4.99228e-01
    2.37356e+18         6.82129e+13    4.99228e-01
    2.37356e+18         6.24910e+13    4.99227e-01
    2.37356e+18         5.90822e+13    4.99227e-01
    2.37356e+18         5.52686e+13    4.99227e-01
    2.37356e+18         5.09107e+13    4.99227e-01
    2.37356e+18         4.83427e+13    4.99227e-01
    2.37356e+18         4.54946e+13    4.99227e-01
    2.37356e+18         4.22788e+13    4.99227e-01
    2.37356e+18         3.85551e+13    4.99227e-01
    2.37356e+18         3.63163e+13    4.99227e-01
    2.37356e+18         3.37929e+13    4.99226e-01
    2.37356e+18         3.08787e+13    4.99226e-01
    2.37356e+18         2.91335e+13    4.99226e-01
    2.37356e+18         2.71730e+13    4.99226e-01
    2.37356e+18         2.49194e+13    4.99226e-01
    2.37356e+18         2.35796e+13    4.99226e-01
    2.37356e+18         2.20832e+13    4.99226e-01
    2.37356e+18         2.03771e+13    4.99226e-01
    2.37356e+18         1.83734e+13    4.99226e-01
    2.37356e+18         1.71411e+13    4.99226e-01
    2.37356e+18         1.57253e+13    4.99226e-01
    2.37356e+18         1.48841e+13    4.99225e-01
    2.37356e+18         1.39452e+13    4.99225e-01
    2.37356e+18         1.28757e+13    4.99225e-01
    2.37356e+18         1.16210e+13    4.99225e-01
    2.37356e+18         1.08509e+13    4.99225e-01
    2.37356e+18         9.96761e+12    4.99226e-01
    2.37356e+18         9.44423e+12    4.99226e-01
    2.37356e+18         8.86122e+12    4.99226e-01
    2.37356e+18         8.19898e+12    4.99226e-01
    2.37356e+18         7.42543e+12    4.99226e-01
    2.37356e+18         6.95388e+12    4.99226e-01
    2.37356e+18         6.41620e+12    4.99226e-01
    2.37356e+18         5.78464e+12    4.99226e-01
    2.37356e+18         5.39613e+12    4.99226e-01
    2.37356e+18         4.94968e+12    4.99227e-01
    2.37356e+18         4.68436e+12    4.99227e-01
    2.37356e+18         4.38814e+12    4.99227e-01
    2.37356e+18         4.05058e+12    4.99227e-01
    2.37356e+18         3.65441e+12    4.99227e-01
    2.37356e+18         3.41105e+12    4.99227e-01
    2.37356e+18         3.13173e+12    4.99227e-01
    2.37356e+18         2.96604e+12    4.99227e-01
    2.37356e+18         2.78133e+12    4.99227e-01
    2.37356e+18         2.57127e+12    4.99227e-01
    2.37356e+18         2.32548e+12    4.99227e-01
    2.37356e+18         2.17523e+12    4.99227e-01
    2.37356e+18         2.00351e+12    4.99227e-01
    2.37356e+18         1.90231e+12    4.99227e-01
    2.37356e+18         1.79005e+12    4.99227e-01
    2.37356e+18         1.66326e+12    4.99227e-01
    2.37356e+18         1.51641e+12    4.99227e-01
    2.37356e+18         1.42808e+12    4.99227e-01
    2.37356e+18         1.32847e+12    4.99227e-01
    2.37356e+18         1.21338e+12    4.99227e-01
    2.37356e+18         1.14440e+12    4.99227e-01
    2.37356e+18         1.06685e+12    4.99227e-01
    2.37356e+18         9.77612e+11    4.99227e-01
    2.37356e+18         9.24478e+11    4.99227e-01
    2.37356e+18         8.65061e+11    4.99227e-01
    2.37356e+18         7.97201e+11    4.99226e-01
    2.37356e+18         7.57249e+11    4.99226e-01
    2.37356e+18         7.12970e+11    4.99226e-01
    2.37356e+18         6.63020e+11    4.99226e-01
    2.37356e+18         6.05261e+11    4.99226e-01
    2.37356e+18         5.70606e+11    4.99226e-01
    2.37356e+18         5.31614e+11    4.99226e-01
    2.37356e+18         4.86693e+11    4.99226e-01
    2.37356e+18         4.59895e+11    4.99226e-01
    2.37356e+18         4.29883e+11    4.99225e-01
    2.37356e+18         3.95534e+11    4.99225e-01
    2.37356e+18         3.75247e+11    4.99225e-01
    2.37356e+18         3.52707e+11    4.99225e-01
    2.37356e+18         3.27194e+11    4.99225e-01
    2.37356e+18         2.97548e+11    4.99225e-01
    2.37356e+18         2.79624e+11    4.99225e-01
    2.37356e+18         2.59328e+11    4.99225e-01
    2.37356e+18         2.35731e+11    4.99224e-01
    2.37356e+18         2.21452e+11    4.99224e-01
    2.37356e+18         2.05273e+11    4.99224e-01
    2.37356e+18         1.86442e+11    4.99224e-01
    2.37356e+18         1.75029e+11    4.99224e-01
    2.37356e+18         1.62079e+11    4.99224e-01
    2.37356e+18         1.46976e+11    4.99224e-01
    2.37356e+18         1.37794e+11    4.99224e-01
    2.37356e+18         1.27346e+11    4.99224e-01
    2.37356e+18         1.15114e+11    4.99224e-01
    2.37356e+18         1.07630e+11    4.99223e-01
    2.37356e+18         9.90677e+10    4.99223e-01
    2.37356e+18         9.40148e+10    4.99223e-01
    2.37356e+18         8.84041e+10    4.99223e-01
    2.37356e+18         8.20587e+10    4.99223e-01
    2.37356e+18         7.46940e+10    4.99223e-01
    2.37356e+18         7.02497e+10    4.99223e-01
    2.37356e+18         6.52252e+10    4.99223e-01
    2.37356e+18         5.93969e+10    4.99223e-01
    2.37356e+18         5.58828e+10    4.99223e-01
    2.37356e+18         5.19128e+10    4.99223e-01
    2.37356e+18         4.73124e+10    4.99223e-01
    2.37356e+18         4.45431e+10    4.99223e-01
    2.37356e+18         4.14188e+10    4.99223e-01
    2.37356e+18         3.78054e+10    4.99223e-01
    2.37356e+18         3.56368e+10    4.99223e-01
    2.37356e+18         3.31963e+10    4.99223e-01
    2.37356e+18         3.03837e+10    4.99223e-01
    2.37356e+18         2.87050e+10    4.99223e-01
    2.37356e+18         2.68242e+10    4.99223e-01
    2.37356e+18         2.46704e+10    4.99223e-01
    2.37356e+18         2.33973e+10    4.99223e-01
    2.37356e+18         2.19818e+10    4.99223e-01
    2.37356e+18         2.03782e+10    4.99223e-01
    2.37356e+18         1.85123e+10    4.99223e-01
    2.37356e+18         1.73818e+10    4.99223e-01
    2.37356e+18         1.60994e+10    4.99223e-01
    2.37356e+18         1.46047e+10    4.99223e-01
    2.37356e+18         1.36965e+10    4.99223e-01
    2.37356e+18         1.26638e+10    4.99223e-01
    2.37356e+18         1.14559e+10    4.99223e-01
    2.37356e+18         1.07179e+10    4.99223e-01
    2.37356e+18         9.87472e+09    4.99223e-01
    2.37356e+18         9.37807e+09    4.99223e-01
    2.37356e+18         8.82741e+09    4.99223e-01
    2.37356e+18         8.20591e+09    4.99223e-01
    2.37356e+18         7.48671e+09    4.99223e-01
    2.37356e+18         7.05470e+09    4.99223e-01
    2.37356e+18         6.56816e+09    4.99223e-01
    2.37356e+18         6.00687e+09    4.99223e-01
    2.37356e+18         5.67133e+09    4.99223e-01
    2.37356e+18         5.29491e+09    4.99223e-01
    2.37356e+18         4.86306e+09    4.99223e-01
    2.37356e+18         4.60709e+09    4.99223e-01
    2.37356e+18         4.32188e+09    4.99223e-01
    2.37356e+18         3.99779e+09    4.99223e-01
    2.37356e+18         3.61902e+09    4.99223e-01
    2.37356e+18         3.38792e+09    4.99223e-01
    2.37356e+18         3.12421e+09    4.99223e-01
    2.37356e+18         2.81411e+09    4.99223e-01
    2.37356e+18         2.62301e+09    4.99223e-01
    2.37356e+18         2.40304e+09    4.99223e-01
    2.37356e+18         2.27200e+09    4.99223e-01
    2.37356e+18         2.12541e+09    4.99223e-01
    2.37356e+18         1.95790e+09    4.99223e-01
    2.37356e+18         1.85920e+09    4.99223e-01
    2.37356e+18         1.74974e+09    4.99223e-01
    2.37356e+18         1.62616e+09    4.99223e-01
    2.37356e+18         1.48308e+09    4.99223e-01
    2.37356e+18         1.39708e+09    4.99223e-01
    2.37356e+18         1.30015e+09    4.99223e-01
    2.37356e+18         1.18824e+09    4.99223e-01
    2.37356e+18         1.12125e+09    4.99223e-01
    2.37356e+18         1.04601e+09    4.99223e-01
    2.37356e+18         9.59565e+08    4.99223e-01
    2.37356e+18         9.08202e+08    4.99223e-01
    2.37356e+18         8.50864e+08    4.99223e-01
    2.37356e+18         7.85538e+08    4.99223e-01
    2.37356e+18         7.08895e+08    4.99223e-01
    2.37356e+18         6.61840e+08    4.99223e-01
    2.37356e+18         6.07855e+08    4.99223e-01
    2.37356e+18         5.75856e+08    4.99223e-01
    2.37356e+18         5.40201e+08    4.99223e-01
    2.37356e+18         4.99684e+08    4.99223e-01
    2.37356e+18         4.52331e+08    4.99223e-01
    2.37356e+18         4.23437e+08    4.99223e-01
    2.37356e+18         3.90465e+08    4.99223e-01
    2.37356e+18         3.51691e+08    4.99223e-01
    2.37356e+18         3.27792e+08    4.99223e-01
    2.37356e+18         3.00283e+08    4.99223e-01
    2.37356e+18         2.83892e+08    4.99223e-01
    2.37356e+18         2.65554e+08    4.99223e-01
    2.37356e+18         2.44596e+08    4.99223e-01
    2.37356e+18         2.32245e+08    4.99223e-01
    2.37356e+18         2.18544e+08    4.99223e-01
    2.37356e+18         2.03072e+08    4.99223e-01
    2.37356e+18         1.85153e+08    4.99223e-01
    2.37356e+18         1.74375e+08    4.99223e-01
    2.37356e+18         1.62223e+08    4.99223e-01
    2.37356e+18         1.48183e+08    4.99223e-01
    2.37356e+18         1.39770e+08    4.99223e-01
    2.37356e+18         1.30313e+08    4.99223e-01
    2.37356e+18         1.19435e+08    4.99223e-01
    2.37356e+18         1.12959e+08    4.99223e-01
    2.37356e+18         1.05720e+08    4.99223e-01
    2.37356e+18         9.74551e+07    4.99223e-01
    2.37356e+18         8.77293e+07    4.99223e-01
    2.37356e+18         8.17284e+07    4.99223e-01
    2.37356e+18         7.48139e+07    4.99223e-01
    2.37356e+18         7.06881e+07    4.99223e-01
    2.37356e+18         6.60666e+07    4.99223e-01
    2.37356e+18         6.07759e+07    4.99223e-01
    2.37356e+18         5.76500e+07    4.99223e-01
    2.37356e+18         5.41758e+07    4.99223e-01
    2.37356e+18         5.02419e+07    4.99223e-01
    2.37356e+18         4.56677e+07    4.99223e-01
    2.37356e+18         4.28995e+07    4.99223e-01
    2.37356e+18         3.97625e+07    4.99223e-01
    2.37356e+18         3.61110e+07    4.99223e-01
    2.37356e+18         3.38974e+07    4.99223e-01
    2.37356e+18         3.13852e+07    4.99223e-01
    2.37356e+18         2.84547e+07    4.99223e-01
    2.37356e+18         2.66721e+07    4.99223e-01
    2.37356e+18         2.46433e+07    4.99223e-01
    2.37356e+18         2.22667e+07    4.99223e-01
    2.37356e+18         2.08112e+07    4.99223e-01
    2.37356e+18         1.91450e+07    4.99223e-01
    2.37356e+18         1.81606e+07    4.99223e-01
    2.37356e+18         1.70666e+07    4.99223e-01
    2.37356e+18         1.58278e+07    4.99223e-01
    2.37356e+18         1.43874e+07    4.99223e-01
    2.37356e+18         1.35159e+07    4.99223e-01
    2.37356e+18         1.25283e+07    4.99223e-01
    2.37356e+18         1.13789e+07    4.99223e-01
    2.37356e+18         1.06822e+07    4.99223e-01
    2.37356e+18         9.89166e+06    4.99223e-01
    2.37356e+18         8.96973e+06    4.99223e-01
    2.37356e+18         8.40914e+06    4.99223e-01
    2.37356e+18         7.77131e+06    4.99223e-01
    2.37356e+18         7.02449e+06    4.99223e-01
    2.37356e+18         6.56746e+06    4.99223e-01
    2.37356e+18         6.04460e+06    4.99223e-01
    2.37356e+18         5.73599e+06    4.99223e-01
    2.37356e+18         5.39328e+06    4.99223e-01
    2.37356e+18         5.00563e+06    4.99223e-01
    2.37356e+18         4.55562e+06    4.99223e-01
    2.37356e+18         4.28396e+06    4.99223e-01
    2.37356e+18         3.97676e+06    4.99223e-01
    2.37356e+18         3.62026e+06    4.99223e-01
    2.37356e+18         3.40517e+06    4.99223e-01
    2.37356e+18         3.16206e+06    4.99223e-01
    2.37356e+18         2.88013e+06    4.99223e-01
    2.37356e+18         2.71022e+06    4.99223e-01
    2.37356e+18         2.51833e+06    4.99223e-01
    2.37356e+18         2.29608e+06    4.99223e-01
    2.37356e+18         2.16241e+06    4.99223e-01
    2.37356e+18         2.01170e+06    4.99223e-01
    2.37356e+18         1.83755e+06    4.99223e-01
    2.37356e+18         1.73320e+06    4.99223e-01
    2.37356e+18         1.61590e+06    4.99223e-01
    2.37356e+18         1.48095e+06    4.99223e-01
    2.37356e+18         1.40062e+06    4.99223e-01
    2.37356e+18         1.31081e+06    4.99223e-01
    2.37356e+18         1.20827e+06    4.99223e-01
    2.37356e+18         1.08759e+06    4.99223e-01
    2.37356e+18         1.01312e+06    4.99223e-01
    2.37356e+18         9.27291e+05    4.99223e-01
    2.37356e+18         8.76067e+05    4.99223e-01
    2.37356e+18         8.18678e+05    4.99223e-01
    2.37356e+18         7.52961e+05    4.99223e-01
    2.37356e+18         7.14116e+05    4.99223e-01
    2.37356e+18         6.70931e+05    4.99223e-01
    2.37356e+18         6.22007e+05    4.99223e-01
    2.37356e+18         5.65084e+05    4.99223e-01
    2.37356e+18         5.30600e+05    4.99223e-01
    2.37356e+18         4.91488e+05    4.99223e-01
    2.37356e+18         4.45904e+05    4.99223e-01
    2.37356e+18         4.18213e+05    4.99223e-01
    2.37356e+18         3.86734e+05    4.99223e-01
    2.37356e+18         3.49922e+05    4.99223e-01
    2.37356e+18         3.27439e+05    4.99223e-01
    2.37356e+18         3.01764e+05    4.99223e-01
    2.37356e+18         2.86648e+05    4.99223e-01
    2.37356e+18         2.69896e+05    4.99223e-01
    2.37356e+18         2.51001e+05    4.99223e-01
    2.37356e+18         2.29153e+05    4.99223e-01
    2.37356e+18         2.16047e+05    4.99223e-01
    2.37356e+18         2.01303e+05    4.99223e-01
    2.37356e+18         1.84319e+05    4.99223e-01
    2.37356e+18         1.74190e+05    4.99223e-01
    2.37356e+18         1.62850e+05    4.99223e-01
    2.37356e+18         1.49874e+05    4.99223e-01
    2.37356e+18         1.42214e+05    4.99223e-01
    2.37356e+18         1.33707e+05    4.99223e-01
    2.37356e+18         1.24083e+05    4.99223e-01
    2.37356e+18         1.12909e+05    4.99223e-01
    2.37356e+18         1.06161e+05    4.99223e-01
    2.37356e+18         9.85274e+04    4.99223e-01
    2.37356e+18         8.96656e+04    4.99223e-01
    2.37356e+18         8.43156e+04    4.99223e-01
    2.37356e+18         7.82652e+04    4.99223e-01
    2.37356e+18         7.12430e+04    4.99223e-01
    2.37356e+18         6.70057e+04    4.99223e-01
    2.37356e+18         6.22156e+04    4.99223e-01
    2.37356e+18         5.66594e+04    4.99223e-01
    2.37356e+18         5.33097e+04    4.99223e-01
    2.37356e+18         4.95258e+04    4.99223e-01
    2.37356e+18         4.51417e+04    4.99223e-01
    2.37356e+18         4.25032e+04    4.99223e-01
    2.37356e+18         3.95270e+04    4.99223e-01
    2.37356e+18         3.60856e+04    4.99223e-01
    2.37356e+18         3.40211e+04    4.99223e-01
    2.37356e+18         3.16984e+04    4.99223e-01
    2.37356e+18         2.90229e+04    4.99223e-01
    2.37356e+18         2.74271e+04    4.99223e-01
    2.37356e+18         2.56402e+04    4.99223e-01
    2.37356e+18         2.35956e+04    4.99223e-01
    2.37356e+18         2.23884e+04    4.99223e-01
    2.37356e+18         2.10476e+04    4.99223e-01
    2.37356e+18         1.95305e+04    4.99223e-01
    2.37356e+18         1.77685e+04    4.99223e-01
    2.37356e+18         1.67041e+04    4.99223e-01
    2.37356e+18         1.54998e+04    4.99223e-01
    2.37356e+18         1.41010e+04    4.99223e-01
    2.37356e+18         1.32560e+04    4.99223e-01
    2.37356e+18         1.22999e+04    4.99223e-01
    2.37356e+18         1.11892e+04    4.99223e-01
    2.37356e+18         1.05182e+04    4.99223e-01
    2.37356e+18         9.75886e+03    4.99223e-01
    2.37356e+18         8.87672e+03    4.99223e-01
    2.37356e+18         8.34363e+03    4.99223e-01
    2.37356e+18         7.74025e+03    4.99223e-01
    2.37356e+18         7.03912e+03    4.99223e-01
    2.37356e+18         6.61524e+03    4.99223e-01
    2.37356e+18         6.13531e+03    4.99223e-01
    2.37356e+18         5.57735e+03    4.99223e-01
    2.37356e+18         5.23976e+03    4.99223e-01
    2.37356e+18         4.85726e+03    4.99223e-01
    2.37356e+18         4.41216e+03    4.99223e-01
    2.37356e+18         4.14244e+03    4.99223e-01
    2.37356e+18         3.83645e+03    4.99223e-01
    2.37356e+18         3.47971e+03    4.99223e-01
    2.37356e+18         3.26289e+03    4.99223e-01
    2.37356e+18         3.01630e+03    4.99223e-01
    2.37356e+18         2.72774e+03    4.99223e-01
    2.37356e+18         2.55132e+03    4.99223e-01
    2.37356e+18         2.34965e+03    4.99223e-01
    2.37356e+18         2.23077e+03    4.99223e-01
    2.37356e+18         2.09888e+03    4.99223e-01
    2.37356e+18         1.94989e+03    4.99223e-01
    2.37356e+18         1.77727e+03    4.99223e-01
    2.37356e+18         1.67337e+03    4.99223e-01
    2.37356e+18         1.55618e+03    4.99223e-01
    2.37356e+18         1.42066e+03    4.99223e-01
    2.37356e+18         1.33937e+03    4.99223e-01
    2.37356e+18         1.24790e+03    4.99223e-01
    2.37356e+18         1.14253e+03    4.99223e-01
    2.37356e+18         1.07968e+03    4.99223e-01
    2.37356e+18         1.00930e+03    4.99223e-01
    2.37356e+18         9.28766e+02    4.99223e-01
    2.37356e+18         8.81211e+02    4.99223e-01
    2.37356e+18         8.28386e+02    4.99223e-01
    2.37356e+18         7.68608e+02    4.99223e-01
    2.37356e+18         6.99170e+02    4.99223e-01
    2.37356e+18         6.57212e+02    4.99223e-01
    2.37356e+18         6.09726e+02    4.99223e-01
    2.37356e+18         5.54556e+02    4.99223e-01
    2.37356e+18         5.21209e+02    4.99223e-01
    2.37356e+18         4.83459e+02    4.99223e-01
    2.37356e+18         4.39583e+02    4.99223e-01
    2.37356e+18         4.13047e+02    4.99223e-01
    2.37356e+18         3.82992e+02    4.99223e-01
    2.37356e+18         3.48035e+02    4.99223e-01
    2.37356e+18         3.26869e+02    4.99223e-01
    2.37356e+18         3.02873e+02    4.99223e-01
    2.37356e+18         2.74924e+02    4.99223e-01
    2.37356e+18         2.57964e+02    4.99223e-01
    2.37356e+18         2.38701e+02    4.99223e-01
    2.37356e+18         2.16202e+02    4.99223e-01
    2.37356e+18         2.02490e+02    4.99223e-01
    2.37356e+18         1.86858e+02    4.99223e-01
    2.37356e+18         1.68501e+02    4.99223e-01
    2.37356e+18         1.57214e+02    4.99223e-01
    2.37356e+18         1.44248e+02    4.99223e-01
    2.37356e+18         1.36547e+02    4.99223e-01
    2.37356e+18         1.27952e+02    4.99223e-01
    2.37356e+18         1.18165e+02    4.99223e-01
    2.37356e+18         1.06689e+02    4.99223e-01
    2.37356e+18         9.96503e+01    4.99223e-01
    2.37356e+18         9.15821e+01    4.99223e-01
    2.37356e+18         8.68059e+01    4.99223e-01
    2.37356e+18         8.14896e+01    4.99223e-01
    2.37356e+18         7.54571e+01    4.99223e-01
    2.37356e+18         6.84214e+01    4.99223e-01
    2.37356e+18         6.41429e+01    4.99223e-01
    2.37356e+18         5.92746e+01    4.99223e-01
    2.37356e+18         5.35738e+01    4.99223e-01
    2.37356e+18         5.00845e+01    4.99223e-01
    2.37356e+18         4.60920e+01    4.99223e-01
    2.37356e+18         4.37350e+01    4.99223e-01
    2.37356e+18         4.11171e+01    4.99223e-01
    2.37356e+18         3.81551e+01    4.99223e-01
    2.37356e+18         3.47155e+01    4.99223e-01
    2.37356e+18         3.26380e+01    4.99223e-01
    2.37356e+18         3.02877e+01    4.99223e-01
    2.37356e+18         2.75584e+01    4.99223e-01
    2.37356e+18         2.59100e+01    4.99223e-01
    2.37356e+18         2.40453e+01    4.99223e-01
    2.37356e+18         2.18801e+01    4.99223e-01
    2.37356e+18         2.05726e+01    4.99223e-01
    2.37356e+18         1.90937e+01    4.99223e-01
    2.37356e+18         1.73768e+01    4.99223e-01
    2.37356e+18         1.63403e+01    4.99223e-01
    2.37356e+18         1.51682e+01    4.99223e-01
    2.37356e+18         1.38079e+01    4.99223e-01
    2.37356e+18         1.29871e+01    4.99223e-01
    2.37356e+18         1.20594e+01    4.99223e-01
    2.37356e+18         1.09834e+01    4.99223e-01
    2.37356e+18         1.03348e+01    4.99223e-01
    2.37356e+18         9.60223e+00    4.99223e-01
    2.37356e+18         8.75366e+00    4.99223e-01
    2.37356e+18         8.24312e+00    4.99223e-01
    2.37356e+18         7.66738e+00    4.99223e-01
    2.37356e+18         7.00194e+00    4.99223e-01
    2.37356e+18         6.60297e+00    4.99223e-01
    2.37356e+18         6.15433e+00    4.99223e-01
    2.37356e+18         5.63790e+00    4.99223e-01
    2.37356e+18         5.33021e+00    4.99223e-01
    2.37356e+18         4.98598e+00    4.99223e-01
    2.37356e+18         4.59257e+00    4.99223e-01
    2.37356e+18         4.36072e+00    4.99223e-01
    2.37356e+18         4.10356e+00    4.99223e-01
    2.37356e+18         3.81316e+00    4.99223e-01
    2.37356e+18         3.47685e+00    4.99223e-01
    2.37356e+18         3.27459e+00    4.99223e-01
    2.37356e+18         3.04657e+00    4.99223e-01
    2.37356e+18         2.78314e+00    4.99223e-01
    2.37356e+18         2.62531e+00    4.99223e-01
    2.37356e+18         2.44793e+00    4.99223e-01
    2.37356e+18         2.24392e+00    4.99223e-01
    2.37356e+18         2.12252e+00    4.99223e-01
    2.37356e+18         1.98684e+00    4.99223e-01
    2.37356e+18         1.83199e+00    4.99223e-01
    2.37356e+18         1.64986e+00    4.99223e-01
    2.37356e+18         1.53758e+00    4.99223e-01
    2.37356e+18         1.40831e+00    4.99223e-01
    2.37356e+18         1.33126e+00    4.99223e-01
    2.37356e+18         1.24503e+00    4.99223e-01
    2.37356e+18         1.14645e+00    4.99223e-01
    2.37356e+18         1.08832e+00    4.99223e-01
    2.37356e+18         1.02381e+00    4.99223e-01
    2.37356e+18         9.50911e-01    4.99223e-01
    2.37356e+18         8.66411e-01    4.99223e-01
    2.37356e+18         8.15518e-01    4.99223e-01
    2.37356e+18         7.58075e-01    4.99223e-01
    2.37356e+18         6.91596e-01    4.99223e-01
    2.37356e+18         6.51660e-01    4.99223e-01
    2.37356e+18         6.06678e-01    4.99223e-01
    2.37356e+18         5.54779e-01    4.99223e-01
    2.37356e+18         5.23747e-01    4.99223e-01
    2.37356e+18         4.88929e-01    4.99223e-01
    2.37356e+18         4.48976e-01    4.99223e-01
    2.37356e+18         4.25286e-01    4.99223e-01
    2.37356e+18         3.98883e-01    4.99223e-01
    2.37356e+18         3.68869e-01    4.99223e-01
    2.37356e+18         3.33772e-01    4.99223e-01
    2.37356e+18         3.12339e-01    4.99223e-01
    2.37356e+18         2.87863e-01    4.99223e-01
    2.37356e+18         2.73455e-01    4.99223e-01
    2.37356e+18         2.57490e-01    4.99223e-01
    2.37356e+18         2.39483e-01    4.99223e-01
    2.37356e+18         2.18667e-01    4.99223e-01
    2.37356e+18         2.06183e-01    4.99223e-01
    2.37356e+18         1.92141e-01    4.99223e-01
    2.37356e+18         1.75972e-01    4.99223e-01
    2.37356e+18         1.66333e-01    4.99223e-01
    2.37356e+18         1.55545e-01    4.99223e-01
    2.37356e+18         1.43209e-01    4.99223e-01
    2.37356e+18         1.35933e-01    4.99223e-01
    2.37356e+18         1.27856e-01    4.99223e-01
    2.37356e+18         1.18727e-01    4.99223e-01
    2.37356e+18         1.08141e-01    4.99223e-01
    2.37356e+18         1.01760e-01    4.99223e-01
    2.37356e+18         9.45543e-02    4.99223e-01
    2.37356e+18         8.62084e-02    4.99223e-01
    2.37356e+18         8.11884e-02    4.99223e-01
    2.37356e+18         7.55284e-02    4.99223e-01
    2.37356e+18         6.89883e-02    4.99223e-01
    2.37356e+18         6.50688e-02    4.99223e-01
    2.37356e+18         6.06630e-02    4.99223e-01
    2.37356e+18         5.55939e-02    4.99223e-01
    2.37356e+18         5.25761e-02    4.99223e-01
    2.37356e+18         4.92019e-02    4.99223e-01
    2.37356e+18         4.53490e-02    4.99223e-01
    2.37356e+18         4.30814e-02    4.99223e-01
    2.37356e+18         4.05687e-02    4.99223e-01
    2.37356e+18         3.77351e-02    4.99223e-01
    2.37356e+18         3.44600e-02    4.99223e-01
    2.37356e+18         3.24964e-02    4.99223e-01
    2.37356e+18         3.02883e-02    4.99223e-01
    2.37356e+18         2.77466e-02    4.99223e-01
    2.37356e+18         2.62322e-02    4.99223e-01
    2.37356e+18         2.45379e-02    4.99223e-01
    2.37356e+18         2.26016e-02    4.99223e-01
    2.37356e+18         2.14604e-02    4.99223e-01
    2.37356e+18         2.01947e-02    4.99223e-01
    2.37356e+18         1.87653e-02    4.99223e-01
    2.37356e+18         1.71098e-02    4.99223e-01
    2.37356e+18         1.61142e-02    4.99223e-01
    2.37356e+18         1.49917e-02    4.99223e-01
    2.37356e+18         1.36948e-02    4.99223e-01
    2.37356e+18         1.29177e-02    4.99223e-01
    2.37356e+18         1.20444e-02    4.99223e-01
    2.37356e+18         1.10398e-02    4.99223e-01
    2.37356e+18         1.04419e-02    4.99223e-01
    2.37356e+18         9.77359e-03    4.99223e-01
    2.37356e+18         9.01076e-03    4.99223e-01
    2.37356e+18         8.11330e-03    4.99223e-01
    2.37356e+18         7.55981e-03    4.99223e-01
    2.37356e+18         6.92231e-03    4.99223e-01
    2.37356e+18         6.54214e-03    4.99223e-01
    2.37356e+18         6.11651e-03    4.99223e-01
    2.37356e+18         5.62958e-03    4.99223e-01
    2.37356e+18         5.34217e-03    4.99223e-01
    2.37356e+18         5.02301e-03    4.99223e-01
    2.37356e+18         4.66200e-03    4.99223e-01
    2.37356e+18         4.24292e-03    4.99223e-01
    2.37356e+18         3.98994e-03    4.99223e-01
    2.37356e+18         3.70386e-03    4.99223e-01
    2.37356e+18         3.37189e-03    4.99223e-01
    2.37356e+18         3.17161e-03    4.99223e-01
    2.37356e+18         2.94523e-03    4.99223e-01
    2.37356e+18         2.68272e-03    4.99223e-01
    2.37356e+18         2.52452e-03    4.99223e-01
    2.37356e+18         2.34587e-03    4.99223e-01
    2.37356e+18         2.13898e-03    4.99223e-01
    2.37356e+18         2.01455e-03    4.99223e-01
    2.37356e+18         1.87428e-03    4.99223e-01
    2.37356e+18         1.71223e-03    4.99223e-01
    2.37356e+18         1.61514e-03    4.99223e-01
    2.37356e+18         1.50603e-03    4.99223e-01
    2.37356e+18         1.38053e-03    4.99223e-01
    2.37356e+18         1.30586e-03    4.99223e-01
    2.37356e+18         1.22240e-03    4.99223e-01
    2.37356e+18         1.12716e-03    4.99223e-01
    2.37356e+18         1.01513e-03    4.99223e-01
    2.37356e+18         9.46080e-04    4.99223e-01
    2.37356e+18         8.66578e-04    4.99223e-01
    2.37356e+18         8.19198e-04    4.99223e-01
    2.37356e+18         7.66180e-04    4.99223e-01
    2.37356e+18         7.05570e-04    4.99223e-01
    2.37356e+18         6.69835e-04    4.99223e-01
    2.37356e+18         6.30185e-04    4.99223e-01
    2.37356e+18         5.85389e-04    4.99223e-01
    2.37356e+18         5.33475e-04    4.99223e-01
    2.37356e+18         5.02220e-04    4.99223e-01
    2.37356e+18         4.66954e-04    4.99223e-01
    2.37356e+18         4.26160e-04    4.99223e-01
    2.37356e+18         4.01671e-04    4.99223e-01
    2.37356e+18         3.74105e-04    4.99223e-01
    2.37356e+18         3.42326e-04    4.99223e-01
    2.37356e+18         3.23350e-04    4.99223e-01
    2.37356e+18         3.02082e-04    4.99223e-01
    2.37356e+18         2.77713e-04    4.99223e-01
    2.37356e+18         2.63296e-04    4.99223e-01
    2.37356e+18         2.47258e-04    4.99223e-01
    2.37356e+18         2.29071e-04    4.99223e-01
    2.37356e+18         2.07881e-04    4.99223e-01
    2.37356e+18         1.95017e-04    4.99223e-01
    2.37356e+18         1.80399e-04    4.99223e-01
    2.37356e+18         1.63316e-04    4.99223e-01
    2.37356e+18         1.52895e-04    4.99223e-01
    2.37356e+18         1.41004e-04    4.99223e-01
    2.37356e+18         1.27023e-04    4.99223e-01
    2.37356e+18         1.18409e-04    4.99223e-01
    2.37356e+18         1.08497e-04    4.99223e-01
    2.37356e+18         1.02593e-04    4.99223e-01
    2.37356e+18         9.59909e-05    4.99223e-01
    2.37356e+18         8.84491e-05    4.99223e-01
    2.37356e+18         8.40077e-05    4.99223e-01
    2.37356e+18         7.90843e-05    4.99223e-01
    2.37356e+18         7.35287e-05    4.99223e-01
    2.37356e+18         6.71020e-05    4.99223e-01
    2.37356e+18         6.32436e-05    4.99223e-01
    2.37356e+18         5.89001e-05    4.99223e-01
    2.37356e+18         5.38923e-05    4.99223e-01
    2.37356e+18         5.09015e-05    4.99223e-01
    2.37356e+18         4.75488e-05    4.99223e-01
    2.37356e+18         4.37068e-05    4.99223e-01
    2.37356e+18         4.14331e-05    4.99223e-01
    2.37356e+18         3.89031e-05    4.99223e-01
    2.37356e+18         3.60334e-05    4.99223e-01
    2.37356e+18         3.26883e-05    4.99223e-01
    2.37356e+18         3.06559e-05    4.99223e-01
    2.37356e+18         2.83452e-05    4.99223e-01
    2.37356e+18         2.56423e-05    4.99223e-01
    2.37356e+18         2.39909e-05    4.99223e-01


