              t                   M              a
    1.23833e-21         1.00000e+17    8.00000e-01
    2.47665e-21         1.00000e+17    8.00000e-01
    4.95331e-21         1.00000e+17    8.00000e-01
    9.90662e-21         1.00000e+17    8.00000e-01
    1.98132e-20         1.00000e+17    8.00000e-01
    3.96265e-20         1.00000e+17    8.00000e-01
    7.92530e-20         1.00000e+17    8.00000e-01
    1.58506e-19         1.00000e+17    8.00000e-01
    3.17012e-19         1.00000e+17    8.00000e-01
    6.34024e-19         1.00000e+17    8.00000e-01
    1.26805e-18         1.00000e+17    8.00000e-01
    2.53609e-18         1.00000e+17    8.00000e-01
    5.07219e-18         1.00000e+17    8.00000e-01
    1.01444e-17         1.00000e+17    8.00000e-01
    2.02888e-17         1.00000e+17    8.00000e-01
    4.05775e-17         1.00000e+17    8.00000e-01
    8.11550e-17         1.00000e+17    8.00000e-01
    1.62310e-16         1.00000e+17    8.00000e-01
    3.24620e-16         1.00000e+17    8.00000e-01
    6.49240e-16         1.00000e+17    8.00000e-01
    1.29848e-15         1.00000e+17    8.00000e-01
    2.59696e-15         1.00000e+17    8.00000e-01
    5.19392e-15         1.00000e+17    8.00000e-01
    1.03878e-14         1.00000e+17    8.00000e-01
    2.07757e-14         1.00000e+17    8.00000e-01
    4.15514e-14         1.00000e+17    8.00000e-01
    8.31027e-14         1.00000e+17    8.00000e-01
    1.66205e-13         1.00000e+17    8.00000e-01
    3.32411e-13         1.00000e+17    8.00000e-01
    6.64822e-13         1.00000e+17    8.00000e-01
    1.32964e-12         1.00000e+17    8.00000e-01
    2.65929e-12         1.00000e+17    8.00000e-01
    5.31858e-12         1.00000e+17    8.00000e-01
    1.06372e-11         1.00000e+17    8.00000e-01
    2.12743e-11         1.00000e+17    8.00000e-01
    4.25486e-11         1.00000e+17    8.00000e-01
    8.50972e-11         1.00000e+17    8.00000e-01
    1.70194e-10         1.00000e+17    8.00000e-01
    3.40389e-10         1.00000e+17    8.00000e-01
    6.80778e-10         1.00000e+17    8.00000e-01
    1.36156e-09         1.00000e+17    8.00000e-01
    2.72311e-09         1.00000e+17    8.00000e-01
    5.44622e-09         1.00000e+17    8.00000e-01
    1.08924e-08         1.00000e+17    8.00000e-01
    2.17849e-08         1.00000e+17    8.00000e-01
    4.35698e-08         1.00000e+17    8.00000e-01
    8.71395e-08         1.00000e+17    8.00000e-01
    1.74279e-07         1.00000e+17    8.00000e-01
    3.48558e-07         1.00000e+17    8.00000e-01
    6.97116e-07         1.00000e+17    8.00000e-01
    1.39423e-06         1.00000e+17    8.00000e-01
    2.78847e-06         1.00000e+17    8.00000e-01
    5.57693e-06         1.00000e+17    8.00000e-01
    1.11539e-05         1.00000e+17    8.00000e-01
    2.23077e-05         1.00000e+17    8.00000e-01
    4.46154e-05         1.00000e+17    8.00000e-01
    8.92309e-05         1.00000e+17    8.00000e-01
    1.78462e-04         1.00000e+17    8.00000e-01
    3.56924e-04         1.00000e+17    8.00000e-01
    7.13847e-04         1.00000e+17    8.00000e-01
    1.42769e-03         1.00000e+17    8.00000e-01
    2.85539e-03         1.00000e+17    8.00000e-01
    5.71078e-03         1.00000e+17    8.00000e-01
    1.14216e-02         1.00000e+17    8.00000e-01
    2.28431e-02         1.00000e+17    8.00000e-01
    4.56862e-02         1.00000e+17    8.00000e-01
    9.13724e-02         1.00000e+17    8.00000e-01
    1.82745e-01         1.00000e+17    8.00000e-01
    3.65490e-01         1.00000e+17    8.00000e-01
    7.30979e-01         1.00000e+17    8.00000e-01
    1.46196e+00         1.00000e+17    8.00000e-01
    2.92392e+00         1.00000e+17    8.00000e-01
    5.84784e+00         1.00000e+17    8.00000e-01
    1.16957e+01         1.00000e+17    8.00000e-01
    2.33913e+01         1.00000e+17    8.00000e-01
    4.67827e+01         1.00000e+17    8.00000e-01
    9.35654e+01         1.00000e+17    8.00000e-01
    1.87131e+02         1.00000e+17    8.00000e-01
    3.74261e+02         1.00000e+17    8.00000e-01
    7.48523e+02         1.00000e+17    8.00000e-01
    1.49705e+03         1.00000e+17    8.00000e-01
    2.99409e+03         1.00000e+17    8.00000e-01
    5.98818e+03         1.00000e+17    8.00000e-01
    1.19764e+04         1.00000e+17    8.00000e-01
    2.39527e+04         1.00000e+17    8.00000e-01
    4.79055e+04         1.00000e+17    8.00000e-01
    9.58109e+04         1.00000e+17    8.00000e-01
    1.91622e+05         1.00000e+17    8.00000e-01
    3.83244e+05         1.00000e+17    8.00000e-01
    7.66488e+05         1.00000e+17    8.00000e-01
    1.53298e+06         1.00000e+17    8.00000e-01
    3.06595e+06         1.00000e+17    8.00000e-01
    6.13190e+06         1.00000e+17    8.00000e-01
    1.22638e+07         1.00000e+17    8.00000e-01
    2.45276e+07         1.00000e+17    8.00000e-01
    4.90552e+07         1.00000e+17    8.00000e-01
    9.81104e+07         1.00000e+17    8.00000e-01
    1.96221e+08         1.00000e+17    8.00000e-01
    3.92442e+08         1.00000e+17    8.00000e-01
    7.84883e+08         1.00000e+17    8.00000e-01
    1.56977e+09         1.00000e+17    8.00000e-01
    3.13953e+09         1.00000e+17    8.00000e-01
    6.27907e+09         1.00000e+17    8.00000e-01
    1.25581e+10         1.00000e+17    8.00000e-01
    2.51163e+10         1.00000e+17    8.00000e-01
    5.02325e+10         1.00000e+17    8.00000e-01
    1.00465e+11         1.00000e+17    8.00000e-01
    2.00930e+11         1.00000e+17    8.00000e-01
    4.01860e+11         1.00000e+17    8.00000e-01
    8.03720e+11         1.00000e+17    8.00000e-01
    1.60744e+12         1.00000e+17    8.00000e-01
    3.21488e+12         1.00000e+17    8.00000e-01
    6.42976e+12         1.00000e+17    8.00000e-01
    1.28595e+13         1.00000e+17    8.00000e-01
    2.57191e+13         1.00000e+17    8.00000e-01
    5.14381e+13         1.00000e+17    8.00000e-01
    1.02876e+14         1.00000e+17    8.00000e-01
    2.05752e+14         1.00000e+17    8.00000e-01
    4.11505e+14         1.00000e+17    8.00000e-01
    8.23010e+14         1.00000e+17    8.00000e-01
    1.64602e+15         1.00000e+17    8.00000e-01
    3.29204e+15         1.00000e+17    8.00000e-01
    6.58408e+15         1.00000e+17    8.00000e-01
    1.31682e+16         1.00000e+17    8.00000e-01
    2.63363e+16         1.00000e+17    8.00000e-01
    5.26726e+16         1.00000e+17    8.00000e-01
    1.05345e+17         1.00000e+17    8.00000e-01
    2.10690e+17         1.00000e+17    7.99999e-01
    4.21381e+17         9.99999e+16    7.99999e-01
    8.42762e+17         9.99998e+16    7.99998e-01
    1.68552e+18         9.99997e+16    7.99995e-01
    3.37105e+18         9.99993e+16    7.99991e-01
    6.74210e+18         9.99987e+16    7.99981e-01
    1.34842e+19         9.99973e+16    7.99963e-01
    2.69684e+19         9.99947e+16    7.99926e-01
    5.39368e+19         9.99894e+16    7.99852e-01
    1.07874e+20         9.99788e+16    7.99704e-01
    2.15747e+20         9.99576e+16    7.99408e-01
    4.31494e+20         9.99152e+16    7.98817e-01
    8.62988e+20         9.98307e+16    7.97638e-01
    1.72598e+21         9.96623e+16    7.95290e-01
    3.45195e+21         9.93282e+16    7.90634e-01
    6.90391e+21         9.86713e+16    7.81462e-01
    1.03559e+22         9.80266e+16    7.72544e-01
    1.38078e+22         9.73941e+16    7.63873e-01
    1.72598e+22         9.67738e+16    7.55448e-01
    2.07117e+22         9.61656e+16    7.47264e-01
    2.41637e+22         9.55631e+16    7.39250e-01
    2.76156e+22         9.49681e+16    7.31356e-01
    3.10676e+22         9.43767e+16    7.23645e-01
    3.45195e+22         9.37891e+16    7.16116e-01
    3.79715e+22         9.32057e+16    7.08733e-01
    4.14234e+22         9.26227e+16    7.01496e-01
    4.48754e+22         9.20399e+16    6.94402e-01
    4.83273e+22         9.14572e+16    6.87449e-01
    5.52312e+22         9.02918e+16    6.73820e-01
    6.21352e+22         8.91189e+16    6.60675e-01
    6.90391e+22         8.79301e+16    6.48000e-01
    7.59430e+22         8.67238e+16    6.35780e-01
    8.28469e+22         8.54982e+16    6.23864e-01
    8.97508e+22         8.42477e+16    6.12272e-01
    9.66547e+22         8.29701e+16    6.00995e-01
    1.03559e+23         8.16559e+16    5.89994e-01
    1.10462e+23         8.02977e+16    5.79286e-01
    1.17366e+23         7.88902e+16    5.68872e-01
    1.24270e+23         7.74458e+16    5.58478e-01
    1.31174e+23         7.59448e+16    5.48270e-01
    1.38078e+23         7.43807e+16    5.38241e-01
    1.44982e+23         7.27460e+16    5.28385e-01
    1.51886e+23         7.10217e+16    5.18774e-01
    1.58790e+23         6.92076e+16    5.09223e-01
    1.65694e+23         6.72911e+16    4.99719e-01
    1.72598e+23         6.52546e+16    4.90216e-01
    1.79502e+23         6.30697e+16    4.80796e-01
    1.86405e+23         6.07081e+16    4.71449e-01
    1.93309e+23         5.81356e+16    4.62086e-01
    2.00213e+23         5.53130e+16    4.52456e-01
    2.07117e+23         5.21524e+16    4.42652e-01
    2.14021e+23         4.85665e+16    4.32368e-01
    2.20925e+23         4.43781e+16    4.21428e-01
    2.24377e+23         4.18366e+16    4.15446e-01
    2.27829e+23         3.89553e+16    4.08957e-01
    2.31281e+23         3.56062e+16    4.01705e-01
    2.33007e+23         3.35825e+16    3.97521e-01
    2.34733e+23         3.12951e+16    3.92817e-01
    2.36459e+23         2.86395e+16    3.87264e-01
    2.37322e+23         2.70387e+16    3.83758e-01
    2.38185e+23         2.52286e+16    3.79388e-01
    2.39048e+23         2.31289e+16    3.73521e-01
    2.39479e+23         2.18665e+16    3.69411e-01
    2.39911e+23         2.04460e+16    3.64348e-01
    2.40342e+23         1.88086e+16    3.57736e-01
    2.40558e+23         1.78341e+16    3.53340e-01
    2.40774e+23         1.67451e+16    3.48051e-01
    2.40989e+23         1.55033e+16    3.41511e-01
    2.41205e+23         1.40456e+16    3.33085e-01
    2.41313e+23         1.31508e+16    3.27255e-01
    2.41421e+23         1.21233e+16    3.19888e-01
    2.41475e+23         1.15153e+16    3.15111e-01
    2.41529e+23         1.08376e+16    3.09318e-01
    2.41583e+23         1.00686e+16    3.02207e-01
    2.41637e+23         9.17226e+15    2.93048e-01
    2.41664e+23         8.62897e+15    2.86862e-01
    2.41691e+23         8.01281e+15    2.79343e-01
    2.41718e+23         7.29655e+15    2.70086e-01
    2.41731e+23         6.86323e+15    2.64007e-01
    2.41745e+23         6.37270e+15    2.56790e-01
    2.41758e+23         5.80300e+15    2.47975e-01
    2.41765e+23         5.45909e+15    2.42331e-01
    2.41772e+23         5.07021e+15    2.35692e-01
    2.41778e+23         4.61922e+15    2.27674e-01
    2.41782e+23         4.34743e+15    2.22578e-01
    2.41785e+23         4.04054e+15    2.16633e-01
    2.41788e+23         3.68526e+15    2.09502e-01
    2.41790e+23         3.47172e+15    2.05008e-01
    2.41792e+23         3.23110e+15    1.99787e-01
    2.41793e+23         2.95332e+15    1.93534e-01
    2.41794e+23         2.78708e+15    1.89620e-01
    2.41795e+23         2.60044e+15    1.85095e-01
    2.41796e+23         2.38606e+15    1.79719e-01
    2.41796e+23         2.25876e+15    1.76384e-01
    2.41797e+23         2.11672e+15    1.72560e-01
    2.41797e+23         1.95500e+15    1.68064e-01
    2.41798e+23         1.76543e+15    1.62572e-01
    2.41798e+23         1.64920e+15    1.59021e-01
    2.41798e+23         1.51603e+15    1.54801e-01
    2.41798e+23         1.43723e+15    1.52188e-01
    2.41798e+23         1.34956e+15    1.49193e-01
    2.41798e+23         1.25012e+15    1.45668e-01
    2.41799e+23         1.13421e+15    1.41354e-01
    2.41799e+23         1.06377e+15    1.38539e-01
    2.41799e+23         9.83646e+14    1.35177e-01
    2.41799e+23         8.89840e+14    1.30974e-01
    2.41799e+23         8.32427e+14    1.28184e-01
    2.41799e+23         7.66712e+14    1.24802e-01
    2.41799e+23         7.27871e+14    1.22645e-01
    2.41799e+23         6.84700e+14    1.20133e-01
    2.41799e+23         6.35740e+14    1.17071e-01
    2.41799e+23         5.78647e+14    1.13130e-01
    2.41799e+23         5.43937e+14    1.10398e-01
    2.41799e+23         5.04429e+14    1.06985e-01
    2.41799e+23         4.58203e+14    1.02561e-01
    2.41799e+23         4.29924e+14    9.94254e-02
    2.41799e+23         3.97625e+14    9.55174e-02
    2.41799e+23         3.59599e+14    9.03115e-02
    2.41799e+23         3.36152e+14    8.66059e-02
    2.41799e+23         3.09166e+14    8.19006e-02
    2.41799e+23         2.93115e+14    7.87913e-02
    2.41799e+23         2.75200e+14    7.51278e-02
    2.41799e+23         2.54816e+14    7.07340e-02
    2.41799e+23         2.30973e+14    6.53304e-02
    2.41799e+23         2.16422e+14    6.18400e-02
    2.41799e+23         1.99826e+14    5.77429e-02
    2.41799e+23         1.80341e+14    5.28113e-02
    2.41799e+23         1.68368e+14    4.96876e-02
    2.41799e+23         1.54625e+14    4.60425e-02
    2.41799e+23         1.46475e+14    4.38446e-02
    2.41799e+23         1.37390e+14    4.13734e-02
    2.41799e+23         1.27064e+14    3.85364e-02
    2.41799e+23         1.14988e+14    3.51818e-02
    2.41799e+23         1.07615e+14    3.31072e-02
    2.41799e+23         9.91969e+13    3.07207e-02
    2.41799e+23         8.92877e+13    2.78855e-02
    2.41799e+23         8.31703e+13    2.61117e-02
    2.41799e+23         7.61172e+13    2.40468e-02
    2.41799e+23         7.19041e+13    2.27989e-02
    2.41799e+23         6.71799e+13    2.13883e-02
    2.41799e+23         6.17620e+13    1.97549e-02
    2.41799e+23         5.85522e+13    1.87763e-02
    2.41799e+23         5.49762e+13    1.76775e-02
    2.41799e+23         5.09114e+13    1.64152e-02
    2.41799e+23         4.61551e+13    1.49155e-02
    2.41799e+23         4.32453e+13    1.39769e-02
    2.41799e+23         3.99192e+13    1.28900e-02
    2.41799e+23         3.79569e+13    1.22363e-02
    2.41799e+23         3.57785e+13    1.15019e-02
    2.41799e+23         3.33162e+13    1.06610e-02
    2.41799e+23         3.04648e+13    9.67668e-03
    2.41799e+23         2.87499e+13    9.07638e-03
    2.41799e+23         2.68181e+13    8.39577e-03
    2.41799e+23         2.45901e+13    7.60583e-03
    2.41799e+23         2.32598e+13    7.13175e-03
    2.41799e+23         2.17697e+13    6.60035e-03
    2.41799e+23         2.00647e+13    5.99297e-03
    2.41799e+23         1.90583e+13    5.63530e-03
    2.41799e+23         1.79406e+13    5.23933e-03
    2.41799e+23         1.66763e+13    4.79296e-03
    2.41799e+23         1.59424e+13    4.53537e-03
    2.41799e+23         1.51379e+13    4.25420e-03
    2.41799e+23         1.42438e+13    3.94339e-03
    2.41799e+23         1.32304e+13    3.59246e-03
    2.41799e+23         1.26404e+13    3.38925e-03
    2.41799e+23         1.19924e+13    3.16699e-03
    2.41799e+23         1.12706e+13    2.92110e-03
    2.41799e+23         1.04506e+13    2.64391e-03
    2.41799e+23         9.97179e+12    2.48380e-03
    2.41799e+23         9.44460e+12    2.30896e-03
    2.41799e+23         8.85555e+12    2.11578e-03
    2.41799e+23         8.51979e+12    2.00738e-03
    2.41799e+23         8.15671e+12    1.89139e-03
    2.41799e+23         7.76015e+12    1.76621e-03
    2.41799e+23         7.32147e+12    1.62959e-03
    2.41799e+23         6.82806e+12    1.47853e-03
    2.41799e+23         6.54410e+12    1.39352e-03
    2.41799e+23         6.23483e+12    1.30225e-03
    2.41799e+23         5.89393e+12    1.20328e-03
    2.41799e+23         5.51223e+12    1.09460e-03
    2.41799e+23         5.29392e+12    1.03394e-03
    2.41799e+23         5.05717e+12    0.00000e+00
    2.41799e+23         4.79767e+12    0.00000e+00
    2.41799e+23         4.50927e+12    0.00000e+00
    2.41799e+23         4.18275e+12    0.00000e+00
    2.41799e+23         3.80317e+12    0.00000e+00
    2.41799e+23         3.57355e+12    0.00000e+00
    2.41799e+23         3.31346e+12    0.00000e+00
    2.41799e+23         3.01091e+12    0.00000e+00
    2.41799e+23         2.82768e+12    0.00000e+00
    2.41799e+23         2.61994e+12    0.00000e+00
    2.41799e+23         2.37793e+12    0.00000e+00
    2.41799e+23         2.23104e+12    0.00000e+00
    2.41799e+23         2.06417e+12    0.00000e+00
    2.41799e+23         1.86923e+12    0.00000e+00
    2.41799e+23         1.75036e+12    0.00000e+00
    2.41799e+23         1.61479e+12    0.00000e+00
    2.41799e+23         1.45550e+12    0.00000e+00
    2.41799e+23         1.35746e+12    0.00000e+00
    2.41799e+23         1.24473e+12    0.00000e+00
    2.41799e+23         1.17767e+12    0.00000e+00
    2.41799e+23         1.10273e+12    0.00000e+00
    2.41799e+23         1.01724e+12    0.00000e+00
    2.41799e+23         9.16681e+11    0.00000e+00
    2.41799e+23         8.54668e+11    0.00000e+00
    2.41799e+23         7.83228e+11    0.00000e+00
    2.41799e+23         7.40618e+11    0.00000e+00
    2.41799e+23         6.92909e+11    0.00000e+00
    2.41799e+23         6.38327e+11    0.00000e+00
    2.41799e+23         6.06114e+11    0.00000e+00
    2.41799e+23         5.70352e+11    0.00000e+00
    2.41799e+23         5.29916e+11    0.00000e+00
    2.41799e+23         4.83004e+11    0.00000e+00
    2.41799e+23         4.54714e+11    0.00000e+00
    2.41799e+23         4.22757e+11    0.00000e+00
    2.41799e+23         3.85704e+11    0.00000e+00
    2.41799e+23         3.63367e+11    0.00000e+00
    2.41799e+23         3.38139e+11    0.00000e+00
    2.41799e+23         3.08908e+11    0.00000e+00
    2.41799e+23         2.91302e+11    0.00000e+00
    2.41799e+23         2.71432e+11    0.00000e+00
    2.41799e+23         2.48449e+11    0.00000e+00
    2.41799e+23         2.34682e+11    0.00000e+00
    2.41799e+23         2.19211e+11    0.00000e+00
    2.41799e+23         2.01428e+11    0.00000e+00
    2.41799e+23         1.90869e+11    0.00000e+00
    2.41799e+23         1.79095e+11    0.00000e+00
    2.41799e+23         1.65703e+11    0.00000e+00
    2.41799e+23         1.50035e+11    0.00000e+00
    2.41799e+23         1.40467e+11    0.00000e+00
    2.41799e+23         1.29544e+11    0.00000e+00
    2.41799e+23         1.16693e+11    0.00000e+00
    2.41799e+23         1.08770e+11    0.00000e+00
    2.41799e+23         9.96471e+10    0.00000e+00
    2.41799e+23         9.42109e+10    0.00000e+00
    2.41799e+23         8.81284e+10    0.00000e+00
    2.41799e+23         8.11763e+10    0.00000e+00
    2.41799e+23         7.70788e+10    0.00000e+00
    2.41799e+23         7.25338e+10    0.00000e+00
    2.41799e+23         6.74010e+10    0.00000e+00
    2.41799e+23         6.14564e+10    0.00000e+00
    2.41799e+23         5.78810e+10    0.00000e+00
    2.41799e+23         5.38501e+10    0.00000e+00
    2.41799e+23         4.91932e+10    0.00000e+00
    2.41799e+23         4.64029e+10    0.00000e+00
    2.41799e+23         4.32669e+10    0.00000e+00
    2.41799e+23         3.96597e+10    0.00000e+00
    2.41799e+23         3.75131e+10    0.00000e+00
    2.41799e+23         3.51139e+10    0.00000e+00
    2.41799e+23         3.23755e+10    0.00000e+00
    2.41799e+23         2.91542e+10    0.00000e+00
    2.41799e+23         2.71680e+10    0.00000e+00
    2.41799e+23         2.48808e+10    0.00000e+00
    2.41799e+23         2.35173e+10    0.00000e+00
    2.41799e+23         2.19910e+10    0.00000e+00
    2.41799e+23         2.02456e+10    0.00000e+00
    2.41799e+23         1.92159e+10    0.00000e+00
    2.41799e+23         1.80729e+10    0.00000e+00
    2.41799e+23         1.67807e+10    0.00000e+00
    2.41799e+23         1.52819e+10    0.00000e+00
    2.41799e+23         1.43783e+10    0.00000e+00
    2.41799e+23         1.33575e+10    0.00000e+00
    2.41799e+23         1.21747e+10    0.00000e+00
    2.41799e+23         1.14629e+10    0.00000e+00
    2.41799e+23         1.06599e+10    0.00000e+00
    2.41799e+23         9.73132e+09    0.00000e+00
    2.41799e+23         9.17421e+09    0.00000e+00
    2.41799e+23         8.54739e+09    0.00000e+00
    2.41799e+23         7.82526e+09    0.00000e+00
    2.41799e+23         7.39448e+09    0.00000e+00
    2.41799e+23         6.91205e+09    0.00000e+00
    2.41799e+23         6.35992e+09    0.00000e+00
    2.41799e+23         6.03384e+09    0.00000e+00
    2.41799e+23         5.67157e+09    0.00000e+00
    2.41799e+23         5.26154e+09    0.00000e+00
    2.41799e+23         4.78512e+09    0.00000e+00
    2.41799e+23         4.49711e+09    0.00000e+00
    2.41799e+23         4.17103e+09    0.00000e+00
    2.41799e+23         3.79197e+09    0.00000e+00
    2.41799e+23         3.56265e+09    0.00000e+00
    2.41799e+23         3.30287e+09    0.00000e+00
    2.41799e+23         3.00061e+09    0.00000e+00
    2.41799e+23         2.81750e+09    0.00000e+00
    2.41799e+23         2.60981e+09    0.00000e+00
    2.41799e+23         2.36776e+09    0.00000e+00
    2.41799e+23         2.22072e+09    0.00000e+00
    2.41799e+23         2.05357e+09    0.00000e+00
    2.41799e+23         1.85809e+09    0.00000e+00
    2.41799e+23         1.73871e+09    0.00000e+00
    2.41799e+23         1.60237e+09    0.00000e+00
    2.41799e+23         1.52211e+09    0.00000e+00
    2.41799e+23         1.43316e+09    0.00000e+00
    2.41799e+23         1.33283e+09    0.00000e+00
    2.41799e+23         1.21682e+09    0.00000e+00
    2.41799e+23         1.14722e+09    0.00000e+00
    2.41799e+23         1.06893e+09    0.00000e+00
    2.41799e+23         9.78752e+08    0.00000e+00
    2.41799e+23         9.24971e+08    0.00000e+00
    2.41799e+23         8.64753e+08    0.00000e+00
    2.41799e+23         7.95856e+08    0.00000e+00
    2.41799e+23         7.55185e+08    0.00000e+00
    2.41799e+23         7.10015e+08    0.00000e+00
    2.41799e+23         6.58916e+08    0.00000e+00
    2.41799e+23         5.99584e+08    0.00000e+00
    2.41799e+23         5.63756e+08    0.00000e+00
    2.41799e+23         5.23229e+08    0.00000e+00
    2.41799e+23         4.76181e+08    0.00000e+00
    2.41799e+23         4.47779e+08    0.00000e+00
    2.41799e+23         4.15660e+08    0.00000e+00
    2.41799e+23         3.78385e+08    0.00000e+00
    2.41799e+23         3.55895e+08    0.00000e+00
    2.41799e+23         3.30473e+08    0.00000e+00
    2.41799e+23         3.00988e+08    0.00000e+00
    2.41799e+23         2.83216e+08    0.00000e+00
    2.41799e+23         2.63144e+08    0.00000e+00
    2.41799e+23         2.39893e+08    0.00000e+00
    2.41799e+23         2.25905e+08    0.00000e+00
    2.41799e+23         2.10130e+08    0.00000e+00
    2.41799e+23         1.91899e+08    0.00000e+00
    2.41799e+23         1.80968e+08    0.00000e+00
    2.41799e+23         1.68678e+08    0.00000e+00
    2.41799e+23         1.54531e+08    0.00000e+00
    2.41799e+23         1.46104e+08    0.00000e+00
    2.41799e+23         1.36676e+08    0.00000e+00
    2.41799e+23         1.25902e+08    0.00000e+00
    2.41799e+23         1.19554e+08    0.00000e+00
    2.41799e+23         1.12514e+08    0.00000e+00
    2.41799e+23         1.04565e+08    0.00000e+00
    2.41799e+23         9.53615e+07    0.00000e+00
    2.41799e+23         8.98288e+07    0.00000e+00
    2.41799e+23         8.35936e+07    0.00000e+00
    2.41799e+23         7.63936e+07    0.00000e+00
    2.41799e+23         7.20830e+07    0.00000e+00
    2.41799e+23         6.72414e+07    0.00000e+00
    2.41799e+23         6.16775e+07    0.00000e+00
    2.41799e+23         5.83710e+07    0.00000e+00
    2.41799e+23         5.46793e+07    0.00000e+00
    2.41799e+23         5.04723e+07    0.00000e+00
    2.41799e+23         4.55347e+07    0.00000e+00
    2.41799e+23         4.25014e+07    0.00000e+00
    2.41799e+23         3.90198e+07    0.00000e+00
    2.41799e+23         3.69544e+07    0.00000e+00
    2.41799e+23         3.46518e+07    0.00000e+00
    2.41799e+23         3.20329e+07    0.00000e+00
    2.41799e+23         2.89684e+07    0.00000e+00
    2.41799e+23         2.70947e+07    0.00000e+00
    2.41799e+23         2.49530e+07    0.00000e+00
    2.41799e+23         2.36904e+07    0.00000e+00
    2.41799e+23         2.22897e+07    0.00000e+00
    2.41799e+23         2.07074e+07    0.00000e+00
    2.41799e+23         1.88740e+07    0.00000e+00
    2.41799e+23         1.77706e+07    0.00000e+00
    2.41799e+23         1.65259e+07    0.00000e+00
    2.41799e+23         1.50866e+07    0.00000e+00
    2.41799e+23         1.42231e+07    0.00000e+00
    2.41799e+23         1.32516e+07    0.00000e+00
    2.41799e+23         1.21323e+07    0.00000e+00
    2.41799e+23         1.14647e+07    0.00000e+00
    2.41799e+23         1.07171e+07    0.00000e+00
    2.41799e+23         9.86154e+06    0.00000e+00
    2.41799e+23         9.35631e+06    0.00000e+00
    2.41799e+23         8.79504e+06    0.00000e+00
    2.41799e+23         8.15984e+06    0.00000e+00
    2.41799e+23         7.42190e+06    0.00000e+00
    2.41799e+23         6.97592e+06    0.00000e+00
    2.41799e+23         6.47108e+06    0.00000e+00
    2.41799e+23         5.88441e+06    0.00000e+00
    2.41799e+23         5.52966e+06    0.00000e+00
    2.41799e+23         5.12794e+06    0.00000e+00
    2.41799e+23         4.66081e+06    0.00000e+00
    2.41799e+23         4.37808e+06    0.00000e+00
    2.41799e+23         4.05766e+06    0.00000e+00
    2.41799e+23         3.68463e+06    0.00000e+00
    2.41799e+23         3.45844e+06    0.00000e+00
    2.41799e+23         3.20169e+06    0.00000e+00
    2.41799e+23         2.90212e+06    0.00000e+00
    2.41799e+23         2.71982e+06    0.00000e+00
    2.41799e+23         2.51225e+06    0.00000e+00
    2.41799e+23         2.26897e+06    0.00000e+00
    2.41799e+23         2.11985e+06    0.00000e+00
    2.41799e+23         1.94901e+06    0.00000e+00
    2.41799e+23         1.84795e+06    0.00000e+00
    2.41799e+23         1.73555e+06    0.00000e+00
    2.41799e+23         1.60811e+06    0.00000e+00
    2.41799e+23         1.45967e+06    0.00000e+00
    2.41799e+23         1.36959e+06    0.00000e+00
    2.41799e+23         1.26727e+06    0.00000e+00
    2.41799e+23         1.14776e+06    0.00000e+00
    2.41799e+23         1.07492e+06    0.00000e+00
    2.41799e+23         9.91863e+05    0.00000e+00
    2.41799e+23         8.94317e+05    0.00000e+00
    2.41799e+23         8.34324e+05    0.00000e+00
    2.41799e+23         7.65393e+05    0.00000e+00
    2.41799e+23         7.24441e+05    0.00000e+00
    2.41799e+23         6.78727e+05    0.00000e+00
    2.41799e+23         6.26648e+05    0.00000e+00
    2.41799e+23         5.65553e+05    0.00000e+00
    2.41799e+23         5.28049e+05    0.00000e+00
    2.41799e+23         4.85029e+05    0.00000e+00
    2.41799e+23         4.59534e+05    0.00000e+00
    2.41799e+23         4.31132e+05    0.00000e+00
    2.41799e+23         3.98864e+05    0.00000e+00
    2.41799e+23         3.61163e+05    0.00000e+00
    2.41799e+23         3.38172e+05    0.00000e+00
    2.41799e+23         3.11949e+05    0.00000e+00
    2.41799e+23         2.81132e+05    0.00000e+00
    2.41799e+23         2.62160e+05    0.00000e+00
    2.41799e+23         2.40343e+05    0.00000e+00
    2.41799e+23         2.27364e+05    0.00000e+00
    2.41799e+23         2.12861e+05    0.00000e+00
    2.41799e+23         1.96314e+05    0.00000e+00
    2.41799e+23         1.76861e+05    0.00000e+00
    2.41799e+23         1.64876e+05    0.00000e+00
    2.41799e+23         1.51087e+05    0.00000e+00
    2.41799e+23         1.42876e+05    0.00000e+00
    2.41799e+23         1.33694e+05    0.00000e+00
    2.41799e+23         1.23208e+05    0.00000e+00
    2.41799e+23         1.17034e+05    0.00000e+00
    2.41799e+23         1.10192e+05    0.00000e+00
    2.41799e+23         1.02474e+05    0.00000e+00
    2.41799e+23         9.35495e+04    0.00000e+00
    2.41799e+23         8.81952e+04    0.00000e+00
    2.41799e+23         8.21711e+04    0.00000e+00
    2.41799e+23         7.52313e+04    0.00000e+00
    2.41799e+23         7.10918e+04    0.00000e+00
    2.41799e+23         6.64561e+04    0.00000e+00
    2.41799e+23         6.11511e+04    0.00000e+00
    2.41799e+23         5.80184e+04    0.00000e+00
    2.41799e+23         5.45384e+04    0.00000e+00
    2.41799e+23         5.06000e+04    0.00000e+00
    2.41799e+23         4.60246e+04    0.00000e+00
    2.41799e+23         4.32595e+04    0.00000e+00
    2.41799e+23         4.01297e+04    0.00000e+00
    2.41799e+23         3.64925e+04    0.00000e+00
    2.41799e+23         3.42934e+04    0.00000e+00
    2.41799e+23         3.18031e+04    0.00000e+00
    2.41799e+23         2.89076e+04    0.00000e+00
    2.41799e+23         2.71553e+04    0.00000e+00
    2.41799e+23         2.51696e+04    0.00000e+00
    2.41799e+23         2.28581e+04    0.00000e+00
    2.41799e+23         2.14569e+04    0.00000e+00
    2.41799e+23         1.98666e+04    0.00000e+00
    2.41799e+23         1.80116e+04    0.00000e+00
    2.41799e+23         1.68831e+04    0.00000e+00
    2.41799e+23         1.55988e+04    0.00000e+00
    2.41799e+23         1.40944e+04    0.00000e+00
    2.41799e+23         1.31730e+04    0.00000e+00
    2.41799e+23         1.21181e+04    0.00000e+00
    2.41799e+23         1.14949e+04    0.00000e+00
    2.41799e+23         1.08023e+04    0.00000e+00
    2.41799e+23         1.00180e+04    0.00000e+00
    2.41799e+23         9.10609e+03    0.00000e+00
    2.41799e+23         8.55424e+03    0.00000e+00
    2.41799e+23         7.92889e+03    0.00000e+00
    2.41799e+23         7.20102e+03    0.00000e+00
    2.41799e+23         6.75979e+03    0.00000e+00
    2.41799e+23         6.25908e+03    0.00000e+00
    2.41799e+23         5.67505e+03    0.00000e+00
    2.41799e+23         5.31985e+03    0.00000e+00
    2.41799e+23         4.91562e+03    0.00000e+00
    2.41799e+23         4.44218e+03    0.00000e+00
    2.41799e+23         4.15231e+03    0.00000e+00
    2.41799e+23         3.82056e+03    0.00000e+00
    2.41799e+23         3.62462e+03    0.00000e+00
    2.41799e+23         3.40694e+03    0.00000e+00
    2.41799e+23         3.16054e+03    0.00000e+00
    2.41799e+23         2.87423e+03    0.00000e+00
    2.41799e+23         2.70113e+03    0.00000e+00
    2.41799e+23         2.50514e+03    0.00000e+00
    2.41799e+23         2.27728e+03    0.00000e+00
    2.41799e+23         2.13940e+03    0.00000e+00
    2.41799e+23         1.98319e+03    0.00000e+00
    2.41799e+23         1.80140e+03    0.00000e+00
    2.41799e+23         1.69123e+03    0.00000e+00
    2.41799e+23         1.56625e+03    0.00000e+00
    2.41799e+23         1.42052e+03    0.00000e+00
    2.41799e+23         1.33193e+03    0.00000e+00
    2.41799e+23         1.23118e+03    0.00000e+00
    2.41799e+23         1.11325e+03    0.00000e+00
    2.41799e+23         1.04114e+03    0.00000e+00
    2.41799e+23         9.58685e+02    0.00000e+00
    2.41799e+23         9.10063e+02    0.00000e+00
    2.41799e+23         8.56108e+02    0.00000e+00
    2.41799e+23         7.95136e+02    0.00000e+00
    2.41799e+23         7.24456e+02    0.00000e+00
    2.41799e+23         6.81883e+02    0.00000e+00
    2.41799e+23         6.33829e+02    0.00000e+00
    2.41799e+23         5.78212e+02    0.00000e+00
    2.41799e+23         5.44796e+02    0.00000e+00
    2.41799e+23         5.07156e+02    0.00000e+00
    2.41799e+23         4.63721e+02    0.00000e+00
    2.41799e+23         4.37745e+02    0.00000e+00
    2.41799e+23         4.08594e+02    0.00000e+00
    2.41799e+23         3.75135e+02    0.00000e+00
    2.41799e+23         3.55289e+02    0.00000e+00
    2.41799e+23         3.33163e+02    0.00000e+00
    2.41799e+23         3.08000e+02    0.00000e+00
    2.41799e+23         2.78559e+02    0.00000e+00
    2.41799e+23         2.60562e+02    0.00000e+00
    2.41799e+23         2.39993e+02    0.00000e+00
    2.41799e+23         2.27870e+02    0.00000e+00
    2.41799e+23         2.14423e+02    0.00000e+00
    2.41799e+23         1.99237e+02    0.00000e+00
    2.41799e+23         1.81647e+02    0.00000e+00
    2.41799e+23         1.71066e+02    0.00000e+00
    2.41799e+23         1.59136e+02    0.00000e+00
    2.41799e+23         1.45350e+02    0.00000e+00
    2.41799e+23         1.37088e+02    0.00000e+00
    2.41799e+23         1.27799e+02    0.00000e+00
    2.41799e+23         1.17112e+02    0.00000e+00
    2.41799e+23         1.10748e+02    0.00000e+00
    2.41799e+23         1.03632e+02    0.00000e+00
    2.41799e+23         9.55048e+01    0.00000e+00
    2.41799e+23         9.07203e+01    0.00000e+00
    2.41799e+23         8.54179e+01    0.00000e+00
    2.41799e+23         7.94367e+01    0.00000e+00
    2.41799e+23         7.25210e+01    0.00000e+00
    2.41799e+23         6.83721e+01    0.00000e+00
    2.41799e+23         6.37045e+01    0.00000e+00
    2.41799e+23         5.83279e+01    0.00000e+00
    2.41799e+23         5.51211e+01    0.00000e+00
    2.41799e+23         5.15304e+01    0.00000e+00
    2.41799e+23         4.74217e+01    0.00000e+00
    2.41799e+23         4.49960e+01    0.00000e+00
    2.41799e+23         4.23017e+01    0.00000e+00
    2.41799e+23         3.92533e+01    0.00000e+00
    2.41799e+23         3.57130e+01    0.00000e+00
    2.41799e+23         3.35745e+01    0.00000e+00
    2.41799e+23         3.11549e+01    0.00000e+00
    2.41799e+23         2.83449e+01    0.00000e+00
    2.41799e+23         2.66475e+01    0.00000e+00
    2.41799e+23         2.47270e+01    0.00000e+00
    2.41799e+23         2.24965e+01    0.00000e+00
    2.41799e+23         2.11492e+01    0.00000e+00
    2.41799e+23         1.96247e+01    0.00000e+00
    2.41799e+23         1.78543e+01    0.00000e+00
    2.41799e+23         1.67847e+01    0.00000e+00
    2.41799e+23         1.55746e+01    0.00000e+00
    2.41799e+23         1.41690e+01    0.00000e+00
    2.41799e+23         1.33199e+01    0.00000e+00
    2.41799e+23         1.23591e+01    0.00000e+00
    2.41799e+23         1.12431e+01    0.00000e+00
    2.41799e+23         1.05688e+01    0.00000e+00
    2.41799e+23         9.80579e+00    0.00000e+00
    2.41799e+23         8.91935e+00    0.00000e+00
    2.41799e+23         8.38366e+00    0.00000e+00
    2.41799e+23         7.77732e+00    0.00000e+00
    2.41799e+23         7.07275e+00    0.00000e+00
    2.41799e+23         6.64678e+00    0.00000e+00
    2.41799e+23         6.16447e+00    0.00000e+00
    2.41799e+23         5.60373e+00    0.00000e+00
    2.41799e+23         5.26444e+00    0.00000e+00
    2.41799e+23         4.88001e+00    0.00000e+00
    2.41799e+23         4.43263e+00    0.00000e+00
    2.41799e+23         4.16150e+00    0.00000e+00
    2.41799e+23         3.85390e+00    0.00000e+00
    2.41799e+23         3.49523e+00    0.00000e+00
    2.41799e+23         3.27720e+00    0.00000e+00
    2.41799e+23         3.02920e+00    0.00000e+00
    2.41799e+23         2.73893e+00    0.00000e+00
    2.41799e+23         2.56140e+00    0.00000e+00
    2.41799e+23         2.35840e+00    0.00000e+00
    2.41799e+23         2.23869e+00    0.00000e+00
    2.41799e+23         2.10582e+00    0.00000e+00
    2.41799e+23         1.95566e+00    0.00000e+00
    2.41799e+23         1.78155e+00    0.00000e+00
    2.41799e+23         1.67665e+00    0.00000e+00
    2.41799e+23         1.55821e+00    0.00000e+00
    2.41799e+23         1.42108e+00    0.00000e+00
    2.41799e+23         1.33865e+00    0.00000e+00
    2.41799e+23         1.24575e+00    0.00000e+00
    2.41799e+23         1.13848e+00    0.00000e+00
    2.41799e+23         1.07427e+00    0.00000e+00
    2.41799e+23         1.00214e+00    0.00000e+00
    2.41799e+23         9.19258e-01    0.00000e+00
    2.41799e+23         8.70008e-01    0.00000e+00
    2.41799e+23         8.15024e-01    0.00000e+00
    2.41799e+23         7.52371e-01    0.00000e+00
    2.41799e+23         6.78849e-01    0.00000e+00
    2.41799e+23         6.33694e-01    0.00000e+00
    2.41799e+23         5.81874e-01    0.00000e+00
    2.41799e+23         5.51144e-01    0.00000e+00
    2.41799e+23         5.16892e-01    0.00000e+00
    2.41799e+23         4.77949e-01    0.00000e+00
    2.41799e+23         4.32403e-01    0.00000e+00
    2.41799e+23         4.04579e-01    0.00000e+00
    2.41799e+23         3.72796e-01    0.00000e+00
    2.41799e+23         3.54080e-01    0.00000e+00
    2.41799e+23         3.33333e-01    0.00000e+00
    2.41799e+23         3.09923e-01    0.00000e+00
    2.41799e+23         2.82842e-01    0.00000e+00
    2.41799e+23         2.66585e-01    0.00000e+00
    2.41799e+23         2.48285e-01    0.00000e+00
    2.41799e+23         2.27187e-01    0.00000e+00
    2.41799e+23         2.14588e-01    0.00000e+00
    2.41799e+23         2.00466e-01    0.00000e+00
    2.41799e+23         1.84285e-01    0.00000e+00
    2.41799e+23         1.74711e-01    0.00000e+00
    2.41799e+23         1.64059e-01    0.00000e+00
    2.41799e+23         1.51979e-01    0.00000e+00
    2.41799e+23         1.37902e-01    0.00000e+00
    2.41799e+23         1.29353e-01    0.00000e+00
    2.41799e+23         1.19637e-01    0.00000e+00
    2.41799e+23         1.08278e-01    0.00000e+00
    2.41799e+23         1.01345e-01    0.00000e+00
    2.41799e+23         9.34311e-02    0.00000e+00
    2.41799e+23         8.41194e-02    0.00000e+00
    2.41799e+23         7.83757e-02    0.00000e+00
    2.41799e+23         7.17593e-02    0.00000e+00
    2.41799e+23         6.78130e-02    0.00000e+00
    2.41799e+23         6.33939e-02    0.00000e+00
    2.41799e+23         5.83374e-02    0.00000e+00
    2.41799e+23         5.53518e-02    0.00000e+00
    2.41799e+23         5.20354e-02    0.00000e+00
    2.41799e+23         4.82829e-02    0.00000e+00
    2.41799e+23         4.39244e-02    0.00000e+00
    2.41799e+23         4.12912e-02    0.00000e+00
    2.41799e+23         3.83115e-02    0.00000e+00
    2.41799e+23         3.48502e-02    0.00000e+00
    2.41799e+23         3.27588e-02    0.00000e+00
    2.41799e+23         3.03917e-02    0.00000e+00
    2.41799e+23         2.76416e-02    0.00000e+00
    2.41799e+23         2.59793e-02    0.00000e+00
    2.41799e+23         2.40975e-02    0.00000e+00
    2.41799e+23         2.19103e-02    0.00000e+00
    2.41799e+23         2.05875e-02    0.00000e+00
    2.41799e+23         1.90892e-02    0.00000e+00
    2.41799e+23         1.73465e-02    0.00000e+00
    2.41799e+23         1.62912e-02    0.00000e+00
    2.41799e+23         1.50949e-02    0.00000e+00
    2.41799e+23         1.37013e-02    0.00000e+00
    2.41799e+23         1.28556e-02    0.00000e+00
    2.41799e+23         1.18950e-02    0.00000e+00
    2.41799e+23         1.07730e-02    0.00000e+00
    2.41799e+23         1.00890e-02    0.00000e+00
    2.41799e+23         9.30912e-03    0.00000e+00
    2.41799e+23         8.39312e-03    0.00000e+00
    2.41799e+23         7.82969e-03    0.00000e+00
    2.41799e+23         7.18226e-03    0.00000e+00
    2.41799e+23         6.79756e-03    0.00000e+00
    2.41799e+23         6.36807e-03    0.00000e+00
    2.41799e+23         5.87870e-03    0.00000e+00
    2.41799e+23         5.30447e-03    0.00000e+00
    2.41799e+23         4.95182e-03    0.00000e+00
    2.41799e+23         4.54716e-03    0.00000e+00
    2.41799e+23         4.30721e-03    0.00000e+00
    2.41799e+23         4.03979e-03    0.00000e+00
    2.41799e+23         3.73579e-03    0.00000e+00
    2.41799e+23         3.38030e-03    0.00000e+00
    2.41799e+23         3.16320e-03    0.00000e+00
    2.41799e+23         2.91529e-03    0.00000e+00
    2.41799e+23         2.76935e-03    0.00000e+00
    2.41799e+23         2.60762e-03    0.00000e+00
    2.41799e+23         2.42521e-03    0.00000e+00
    2.41799e+23         2.21434e-03    0.00000e+00
    2.41799e+23         2.08786e-03    0.00000e+00
    2.41799e+23         1.94559e-03    0.00000e+00
    2.41799e+23         1.78176e-03    0.00000e+00
    2.41799e+23         1.68409e-03    0.00000e+00
    2.41799e+23         1.57476e-03    0.00000e+00
    2.41799e+23         1.44972e-03    0.00000e+00
    2.41799e+23         1.37595e-03    0.00000e+00
    2.41799e+23         1.29406e-03    0.00000e+00
    2.41799e+23         1.20147e-03    0.00000e+00
    2.41799e+23         1.09407e-03    0.00000e+00
    2.41799e+23         1.02931e-03    0.00000e+00
    2.41799e+23         9.56137e-04    0.00000e+00
    2.41799e+23         8.71342e-04    0.00000e+00
    2.41799e+23         8.20291e-04    0.00000e+00
    2.41799e+23         7.62687e-04    0.00000e+00
    2.41799e+23         6.96054e-04    0.00000e+00
    2.41799e+23         6.56054e-04    0.00000e+00
    2.41799e+23         6.11026e-04    0.00000e+00
    2.41799e+23         5.59119e-04    0.00000e+00
    2.41799e+23         5.28122e-04    0.00000e+00
    2.41799e+23         4.93380e-04    0.00000e+00
    2.41799e+23         4.53573e-04    0.00000e+00
    2.41799e+23         4.30023e-04    0.00000e+00
    2.41799e+23         4.03822e-04    0.00000e+00
    2.41799e+23         3.74111e-04    0.00000e+00
    2.41799e+23         3.39494e-04    0.00000e+00
    2.41799e+23         3.18476e-04    0.00000e+00
    2.41799e+23         2.94592e-04    0.00000e+00
    2.41799e+23         2.66678e-04    0.00000e+00
    2.41799e+23         2.49646e-04    0.00000e+00
    2.41799e+23         2.30211e-04    0.00000e+00
    2.41799e+23         2.07356e-04    0.00000e+00
    2.41799e+23         1.93271e-04    0.00000e+00
    2.41799e+23         1.77058e-04    0.00000e+00
    2.41799e+23         1.67398e-04    0.00000e+00
    2.41799e+23         1.56592e-04    0.00000e+00
    2.41799e+23         1.44243e-04    0.00000e+00
    2.41799e+23         1.36966e-04    0.00000e+00
    2.41799e+23         1.28896e-04    0.00000e+00
    2.41799e+23         1.19782e-04    0.00000e+00
    2.41799e+23         1.09230e-04    0.00000e+00
    2.41799e+23         1.02885e-04    0.00000e+00
    2.41799e+23         9.57332e-05    0.00000e+00
    2.41799e+23         8.74731e-05    0.00000e+00
    2.41799e+23         8.25262e-05    0.00000e+00
    2.41799e+23         7.69684e-05    0.00000e+00
    2.41799e+23         7.05790e-05    0.00000e+00
    2.41799e+23         6.67798e-05    0.00000e+00
    2.41799e+23         6.25359e-05    0.00000e+00
    2.41799e+23         5.76965e-05    0.00000e+00
    2.41799e+23         5.20111e-05    0.00000e+00
    2.41799e+23         4.85131e-05    0.00000e+00
    2.41799e+23         4.44923e-05    0.00000e+00
    2.41799e+23         4.21022e-05    0.00000e+00
    2.41799e+23         3.94330e-05    0.00000e+00
    2.41799e+23         3.63902e-05    0.00000e+00
    2.41799e+23         3.28172e-05    0.00000e+00
    2.41799e+23         3.06206e-05    0.00000e+00
    2.41799e+23         2.80975e-05    0.00000e+00
    2.41799e+23         2.65992e-05    0.00000e+00
    2.41799e+23         2.49274e-05    0.00000e+00


