              t                   M              a
    1.23833e-21         1.00000e+17    8.00000e-01
    1.23835e-21         9.67253e+16    7.59157e-01
    1.23837e-21         9.36614e+16    7.25013e-01
    1.23838e-21         9.06081e+16    6.95364e-01
    1.23840e-21         8.74790e+16    6.69010e-01
    1.23842e-21         8.41945e+16    6.45441e-01
    1.23844e-21         8.06921e+16    6.24158e-01
    1.23846e-21         7.69140e+16    6.04213e-01
    1.23848e-21         7.27715e+16    5.85663e-01
    1.23850e-21         6.81137e+16    5.68649e-01
    1.23852e-21         6.27647e+16    5.52939e-01
    1.23853e-21         5.96079e+16    5.45260e-01
    1.23854e-21         5.60990e+16    5.37681e-01
    1.23854e-21         5.21274e+16    5.30191e-01
    1.23855e-21         4.75110e+16    5.22685e-01
    1.23856e-21         4.47177e+16    5.18982e-01
    1.23856e-21         4.15559e+16    5.15280e-01
    1.23857e-21         3.78855e+16    5.11553e-01
    1.23857e-21         3.56722e+16    5.09666e-01
    1.23857e-21         3.31722e+16    5.07768e-01
    1.23858e-21         3.02770e+16    5.05853e-01
    1.23858e-21         2.85372e+16    5.04877e-01
    1.23858e-21         2.65773e+16    5.03890e-01
    1.23858e-21         2.43159e+16    5.02894e-01
    1.23858e-21         2.29642e+16    5.02390e-01
    1.23858e-21         2.14481e+16    5.01874e-01
    1.23858e-21         1.97096e+16    5.01348e-01
    1.23858e-21         1.86798e+16    5.01081e-01
    1.23858e-21         1.75331e+16    5.00810e-01
    1.23858e-21         1.62312e+16    5.00532e-01
    1.23858e-21         1.47120e+16    5.00248e-01
    1.23858e-21         1.37871e+16    5.00103e-01
    1.23858e-21         1.27339e+16    4.99956e-01
    1.23858e-21         1.14993e+16    4.99802e-01
    1.23858e-21         1.07421e+16    4.99721e-01
    1.23858e-21         9.87448e+15    4.99637e-01
    1.23858e-21         9.36104e+15    4.99593e-01
    1.23858e-21         8.78971e+15    4.99547e-01
    1.23858e-21         8.14168e+15    4.99499e-01
    1.23858e-21         7.38636e+15    4.99449e-01
    1.23858e-21         6.92750e+15    4.99422e-01
    1.23858e-21         6.40584e+15    4.99394e-01
    1.23858e-21         5.79573e+15    4.99364e-01
    1.23858e-21         5.42307e+15    4.99347e-01
    1.23858e-21         4.99744e+15    4.99330e-01
    1.23858e-21         4.74682e+15    4.99321e-01
    1.23858e-21         4.46904e+15    4.99311e-01
    1.23858e-21         4.15565e+15    4.99301e-01
    1.23858e-21         3.79321e+15    4.99290e-01
    1.23858e-21         3.57571e+15    4.99284e-01
    1.23858e-21         3.33094e+15    4.99277e-01
    1.23858e-21         3.04887e+15    4.99271e-01
    1.23858e-21         2.88053e+15    4.99267e-01
    1.23858e-21         2.69194e+15    4.99264e-01
    1.23858e-21         2.47601e+15    4.99260e-01
    1.23858e-21         2.34839e+15    4.99257e-01
    1.23858e-21         2.20652e+15    4.99255e-01
    1.23858e-21         2.04582e+15    4.99252e-01
    1.23858e-21         1.85888e+15    4.99250e-01
    1.23858e-21         1.74567e+15    4.99248e-01
    1.23858e-21         1.61729e+15    4.99246e-01
    1.23858e-21         1.46773e+15    4.99244e-01
    1.23858e-21         1.37693e+15    4.99243e-01
    1.23858e-21         1.27377e+15    4.99242e-01
    1.23858e-21         1.15321e+15    4.99241e-01
    1.23858e-21         1.07967e+15    4.99240e-01
    1.23858e-21         9.95772e+14    4.99239e-01
    1.23858e-21         8.97140e+14    4.99239e-01
    1.23858e-21         8.36384e+14    4.99238e-01
    1.23858e-21         7.66481e+14    4.99238e-01
    1.23858e-21         7.24863e+14    4.99237e-01
    1.23858e-21         6.78329e+14    4.99237e-01
    1.23858e-21         6.25192e+14    4.99237e-01
    1.23858e-21         5.93915e+14    4.99236e-01
    1.23858e-21         5.59257e+14    4.99236e-01
    1.23858e-21         5.20171e+14    4.99236e-01
    1.23858e-21         4.74990e+14    4.99236e-01
    1.23858e-21         4.47897e+14    4.99236e-01
    1.23858e-21         4.17428e+14    4.99235e-01
    1.23858e-21         3.82348e+14    4.99235e-01
    1.23858e-21         3.61442e+14    4.99235e-01
    1.23858e-21         3.38048e+14    4.99235e-01
    1.23858e-21         3.11303e+14    4.99235e-01
    1.23858e-21         2.95535e+14    4.99235e-01
    1.23858e-21         2.78039e+14    4.99235e-01
    1.23858e-21         2.58271e+14    4.99235e-01
    1.23858e-21         2.35362e+14    4.99235e-01
    1.23858e-21         2.21569e+14    4.99235e-01
    1.23858e-21         2.06005e+14    4.99235e-01
    1.23858e-21         1.88001e+14    4.99235e-01
    1.23858e-21         1.77193e+14    4.99235e-01
    1.23858e-21         1.65025e+14    4.99235e-01
    1.23858e-21         1.50997e+14    4.99235e-01
    1.23858e-21         1.42619e+14    4.99235e-01
    1.23858e-21         1.33228e+14    4.99235e-01
    1.23858e-21         1.22466e+14    4.99234e-01
    1.23858e-21         1.16098e+14    4.99234e-01
    1.23858e-21         1.09012e+14    4.99234e-01
    1.23858e-21         1.00975e+14    4.99234e-01
    1.23858e-21         9.16078e+13    4.99234e-01
    1.23858e-21         8.59174e+13    4.99234e-01
    1.23858e-21         7.94482e+13    4.99234e-01
    1.23858e-21         7.18826e+13    4.99234e-01
    1.23858e-21         6.72617e+13    4.99234e-01
    1.23858e-21         6.19840e+13    4.99234e-01
    1.23858e-21         5.88766e+13    4.99234e-01
    1.23858e-21         5.54326e+13    4.99234e-01
    1.23858e-21         5.15473e+13    4.99234e-01
    1.23858e-21         4.70543e+13    4.99234e-01
    1.23858e-21         4.43583e+13    4.99234e-01
    1.23858e-21         4.13247e+13    4.99234e-01
    1.23858e-21         3.78292e+13    4.99234e-01
    1.23858e-21         3.57436e+13    4.99234e-01
    1.23858e-21         3.34075e+13    4.99234e-01
    1.23858e-21         3.07333e+13    4.99234e-01
    1.23858e-21         2.91533e+13    4.99234e-01
    1.23858e-21         2.73975e+13    4.99234e-01
    1.23858e-21         2.54094e+13    4.99234e-01
    1.23858e-21         2.30980e+13    4.99234e-01
    1.23858e-21         2.16994e+13    4.99234e-01
    1.23858e-21         2.01148e+13    4.99234e-01
    1.23858e-21         1.82706e+13    4.99234e-01
    1.23858e-21         1.71530e+13    4.99234e-01
    1.23858e-21         1.58850e+13    4.99234e-01
    1.23858e-21         1.44065e+13    4.99234e-01
    1.23858e-21         1.35077e+13    4.99234e-01
    1.23858e-21         1.24853e+13    4.99234e-01
    1.23858e-21         1.12887e+13    4.99234e-01
    1.23858e-21         1.05568e+13    4.99234e-01
    1.23858e-21         9.71984e+12    4.99234e-01
    1.23858e-21         9.22623e+12    4.99234e-01
    1.23858e-21         8.67838e+12    4.99234e-01
    1.23858e-21         8.05917e+12    4.99234e-01
    1.23858e-21         7.34117e+12    4.99234e-01
    1.23858e-21         6.90850e+12    4.99234e-01
    1.23858e-21         6.41995e+12    4.99234e-01
    1.23858e-21         5.85421e+12    4.99234e-01
    1.23858e-21         5.51403e+12    4.99234e-01
    1.23858e-21         5.13058e+12    4.99234e-01
    1.23858e-21         4.68766e+12    4.99234e-01
    1.23858e-21         4.42238e+12    4.99234e-01
    1.23858e-21         4.12432e+12    4.99234e-01
    1.23858e-21         3.78162e+12    4.99234e-01
    1.23858e-21         3.57780e+12    4.99234e-01
    1.23858e-21         3.35011e+12    4.99234e-01
    1.23858e-21         3.09041e+12    4.99234e-01
    1.23858e-21         2.78523e+12    4.99234e-01
    1.23858e-21         2.59736e+12    4.99234e-01
    1.23858e-21         2.38135e+12    4.99234e-01
    1.23858e-21         2.25285e+12    4.99234e-01
    1.23858e-21         2.10928e+12    4.99234e-01
    1.23858e-21         1.94550e+12    4.99234e-01
    1.23858e-21         1.75298e+12    4.99234e-01
    1.23858e-21         1.63442e+12    4.99234e-01
    1.23858e-21         1.49804e+12    4.99234e-01
    1.23858e-21         1.41686e+12    4.99234e-01
    1.23858e-21         1.32612e+12    4.99234e-01
    1.23858e-21         1.22253e+12    4.99234e-01
    1.23858e-21         1.10064e+12    4.99234e-01
    1.23858e-21         1.02546e+12    4.99234e-01
    1.23858e-21         9.38838e+11    4.99234e-01
    1.23858e-21         8.87169e+11    4.99234e-01
    1.23858e-21         8.29307e+11    4.99234e-01
    1.23858e-21         7.63088e+11    4.99234e-01
    1.23858e-21         7.23983e+11    4.99234e-01
    1.23858e-21         6.80540e+11    4.99234e-01
    1.23858e-21         6.31373e+11    4.99234e-01
    1.23858e-21         5.74251e+11    4.99234e-01
    1.23858e-21         5.39725e+11    4.99234e-01
    1.23858e-21         5.00640e+11    4.99234e-01
    1.23858e-21         4.55215e+11    4.99234e-01
    1.23858e-21         4.27743e+11    4.99234e-01
    1.23858e-21         3.96629e+11    4.99234e-01
    1.23858e-21         3.60442e+11    4.99234e-01
    1.23858e-21         3.38533e+11    4.99234e-01
    1.23858e-21         3.13697e+11    4.99234e-01
    1.23858e-21         2.84772e+11    4.99234e-01
    1.23858e-21         2.67223e+11    4.99234e-01
    1.23858e-21         2.47292e+11    4.99234e-01
    1.23858e-21         2.24020e+11    4.99234e-01
    1.23858e-21         2.09841e+11    4.99234e-01
    1.23858e-21         1.93681e+11    4.99234e-01
    1.23858e-21         1.74711e+11    4.99234e-01
    1.23858e-21         1.63055e+11    4.99234e-01
    1.23858e-21         1.49672e+11    4.99234e-01
    1.23858e-21         1.41731e+11    4.99234e-01
    1.23858e-21         1.32875e+11    4.99234e-01
    1.23858e-21         1.22799e+11    4.99234e-01
    1.23858e-21         1.11002e+11    4.99234e-01
    1.23858e-21         1.03783e+11    4.99234e-01
    1.23858e-21         9.55249e+10    4.99234e-01
    1.23858e-21         9.06510e+10    4.99234e-01
    1.23858e-21         8.52389e+10    4.99234e-01
    1.23858e-21         7.91177e+10    4.99234e-01
    1.23858e-21         7.20128e+10    4.99234e-01
    1.23858e-21         6.77247e+10    4.99234e-01
    1.23858e-21         6.28765e+10    4.99234e-01
    1.23858e-21         5.72517e+10    4.99234e-01
    1.23858e-21         5.38596e+10    4.99234e-01
    1.23858e-21         5.00267e+10    4.99234e-01
    1.23858e-21         4.55840e+10    4.99234e-01
    1.23858e-21         4.29086e+10    4.99234e-01
    1.23858e-21         3.98891e+10    4.99234e-01
    1.23858e-21         3.63952e+10    4.99234e-01
    1.23858e-21         3.42967e+10    4.99234e-01
    1.23858e-21         3.19336e+10    4.99234e-01
    1.23858e-21         2.92078e+10    4.99234e-01
    1.23858e-21         2.75786e+10    4.99234e-01
    1.23858e-21         2.57513e+10    4.99234e-01
    1.23858e-21         2.36554e+10    4.99234e-01
    1.23858e-21         2.24136e+10    4.99234e-01
    1.23858e-21         2.10303e+10    4.99234e-01
    1.23858e-21         1.94591e+10    4.99234e-01
    1.23858e-21         1.76239e+10    4.99234e-01
    1.23858e-21         1.65052e+10    4.99234e-01
    1.23858e-21         1.52298e+10    4.99234e-01
    1.23858e-21         1.37318e+10    4.99234e-01
    1.23858e-21         1.28105e+10    4.99234e-01
    1.23858e-21         1.17519e+10    4.99234e-01
    1.23858e-21         1.11229e+10    4.99234e-01
    1.23858e-21         1.04208e+10    4.99234e-01
    1.23858e-21         9.62091e+09    4.99234e-01
    1.23858e-21         8.68247e+09    4.99234e-01
    1.23858e-21         8.10633e+09    4.99234e-01
    1.23858e-21         7.44540e+09    4.99234e-01
    1.23858e-21         7.05365e+09    4.99234e-01
    1.23858e-21         6.61718e+09    4.99234e-01
    1.23858e-21         6.12124e+09    4.99234e-01
    1.23858e-21         5.54167e+09    4.99234e-01
    1.23858e-21         5.18811e+09    4.99234e-01
    1.23858e-21         4.78471e+09    4.99234e-01
    1.23858e-21         4.31043e+09    4.99234e-01
    1.23858e-21         4.01823e+09    4.99234e-01
    1.23858e-21         3.68199e+09    4.99234e-01
    1.23858e-21         3.48176e+09    4.99234e-01
    1.23858e-21         3.25784e+09    4.99234e-01
    1.23858e-21         3.00208e+09    4.99234e-01
    1.23858e-21         2.85149e+09    4.99234e-01
    1.23858e-21         2.68457e+09    4.99234e-01
    1.23858e-21         2.49624e+09    4.99234e-01
    1.23858e-21         2.27842e+09    4.99234e-01
    1.23858e-21         2.14770e+09    4.99234e-01
    1.23858e-21         2.00057e+09    4.99234e-01
    1.23858e-21         1.83102e+09    4.99234e-01
    1.23858e-21         1.72981e+09    4.99234e-01
    1.23858e-21         1.61641e+09    4.99234e-01
    1.23858e-21         1.48654e+09    4.99234e-01
    1.23858e-21         1.40977e+09    4.99234e-01
    1.23858e-21         1.32441e+09    4.99234e-01
    1.23858e-21         1.22768e+09    4.99234e-01
    1.23858e-21         1.11512e+09    4.99234e-01
    1.23858e-21         1.04690e+09    4.99234e-01
    1.23858e-21         9.69503e+08    4.99234e-01
    1.23858e-21         8.79254e+08    4.99234e-01
    1.23858e-21         8.24391e+08    4.99234e-01
    1.23858e-21         7.61983e+08    4.99234e-01
    1.23858e-21         6.88933e+08    4.99234e-01
    1.23858e-21         6.44251e+08    4.99234e-01
    1.23858e-21         5.93158e+08    4.99234e-01
    1.23858e-21         5.63020e+08    4.99234e-01
    1.23858e-21         5.29569e+08    4.99234e-01
    1.23858e-21         4.91760e+08    4.99234e-01
    1.23858e-21         4.47912e+08    4.99234e-01
    1.23858e-21         4.21486e+08    4.99234e-01
    1.23858e-21         3.91642e+08    4.99234e-01
    1.23858e-21         3.57077e+08    4.99234e-01
    1.23858e-21         3.36286e+08    4.99234e-01
    1.23858e-21         3.12846e+08    4.99234e-01
    1.23858e-21         2.85760e+08    4.99234e-01
    1.23858e-21         2.69529e+08    4.99234e-01
    1.23858e-21         2.51284e+08    4.99234e-01
    1.23858e-21         2.30293e+08    4.99234e-01
    1.23858e-21         2.17797e+08    4.99234e-01
    1.23858e-21         2.03826e+08    4.99234e-01
    1.23858e-21         1.87874e+08    4.99234e-01
    1.23858e-21         1.69099e+08    4.99234e-01
    1.23858e-21         1.57510e+08    4.99234e-01
    1.23858e-21         1.44154e+08    4.99234e-01
    1.23858e-21         1.36181e+08    4.99234e-01
    1.23858e-21         1.27247e+08    4.99234e-01
    1.23858e-21         1.17015e+08    4.99234e-01
    1.23858e-21         1.10965e+08    4.99234e-01
    1.23858e-21         1.04237e+08    4.99234e-01
    1.23858e-21         9.66132e+07    4.99234e-01
    1.23858e-21         8.77382e+07    4.99234e-01
    1.23858e-21         8.23576e+07    4.99234e-01
    1.23858e-21         7.62509e+07    4.99234e-01
    1.23858e-21         6.91270e+07    4.99234e-01
    1.23858e-21         6.47930e+07    4.99234e-01
    1.23858e-21         5.98599e+07    4.99234e-01
    1.23858e-21         5.40802e+07    4.99234e-01
    1.23858e-21         5.05396e+07    4.99234e-01
    1.23858e-21         4.64856e+07    4.99234e-01
    1.23858e-21         4.40896e+07    4.99234e-01
    1.23858e-21         4.14261e+07    4.99234e-01
    1.23858e-21         3.84091e+07    4.99234e-01
    1.23858e-21         3.48996e+07    4.99234e-01
    1.23858e-21         3.27742e+07    4.99234e-01
    1.23858e-21         3.03641e+07    4.99234e-01
    1.23858e-21         2.75563e+07    4.99234e-01
    1.23858e-21         2.58517e+07    4.99234e-01
    1.23858e-21         2.39149e+07    4.99234e-01
    1.23858e-21         2.16517e+07    4.99234e-01
    1.23858e-21         2.02712e+07    4.99234e-01
    1.23858e-21         1.86962e+07    4.99234e-01
    1.23858e-21         1.68447e+07    4.99234e-01
    1.23858e-21         1.57043e+07    4.99234e-01
    1.23858e-21         1.43922e+07    4.99234e-01
    1.23858e-21         1.36111e+07    4.99234e-01
    1.23858e-21         1.27377e+07    4.99234e-01
    1.23858e-21         1.17405e+07    4.99234e-01
    1.23858e-21         1.05667e+07    4.99234e-01
    1.23858e-21         9.84218e+06    4.99234e-01
    1.23858e-21         9.00705e+06    4.99234e-01
    1.23858e-21         8.50845e+06    4.99234e-01
    1.23858e-21         7.94972e+06    4.99234e-01
    1.23858e-21         7.30968e+06    4.99234e-01
    1.23858e-21         6.93116e+06    4.99234e-01
    1.23858e-21         6.51017e+06    4.99234e-01
    1.23858e-21         6.03298e+06    4.99234e-01
    1.23858e-21         5.47731e+06    4.99234e-01
    1.23858e-21         5.14025e+06    4.99234e-01
    1.23858e-21         4.75753e+06    4.99234e-01
    1.23858e-21         4.31075e+06    4.99234e-01
    1.23858e-21         4.03866e+06    4.99234e-01
    1.23858e-21         3.72867e+06    4.99234e-01
    1.23858e-21         3.36500e+06    4.99234e-01
    1.23858e-21         3.14173e+06    4.99234e-01
    1.23858e-21         2.88561e+06    4.99234e-01
    1.23858e-21         2.73380e+06    4.99234e-01
    1.23858e-21         2.56467e+06    4.99234e-01
    1.23858e-21         2.37250e+06    4.99234e-01
    1.23858e-21         2.14793e+06    4.99234e-01
    1.23858e-21         2.01094e+06    4.99234e-01
    1.23858e-21         1.85465e+06    4.99234e-01
    1.23858e-21         1.67091e+06    4.99234e-01
    1.23858e-21         1.55772e+06    4.99234e-01
    1.23858e-21         1.42749e+06    4.99234e-01
    1.23858e-21         1.34995e+06    4.99234e-01
    1.23858e-21         1.26325e+06    4.99234e-01
    1.23858e-21         1.16423e+06    4.99234e-01
    1.23858e-21         1.10595e+06    4.99234e-01
    1.23858e-21         1.04136e+06    4.99234e-01
    1.23858e-21         9.68505e+05    4.99234e-01
    1.23858e-21         8.84281e+05    4.99234e-01
    1.23858e-21         8.33765e+05    4.99234e-01
    1.23858e-21         7.76942e+05    4.99234e-01
    1.23858e-21         7.11504e+05    4.99234e-01
    1.23858e-21         6.72489e+05    4.99234e-01
    1.23858e-21         6.28816e+05    4.99234e-01
    1.23858e-21         5.78867e+05    4.99234e-01
    1.23858e-21         5.49396e+05    4.99234e-01
    1.23858e-21         5.16679e+05    4.99234e-01
    1.23858e-21         4.79686e+05    4.99234e-01
    1.23858e-21         4.36769e+05    4.99234e-01
    1.23858e-21         4.10886e+05    4.99234e-01
    1.23858e-21         3.81639e+05    4.99234e-01
    1.23858e-21         3.47738e+05    4.99234e-01
    1.23858e-21         3.27321e+05    4.99234e-01
    1.23858e-21         3.04278e+05    4.99234e-01
    1.23858e-21         2.77612e+05    4.99234e-01
    1.23858e-21         2.61595e+05    4.99234e-01
    1.23858e-21         2.43557e+05    4.99234e-01
    1.23858e-21         2.22748e+05    4.99234e-01
    1.23858e-21         2.10308e+05    4.99234e-01
    1.23858e-21         1.96353e+05    4.99234e-01
    1.23858e-21         1.80345e+05    4.99234e-01
    1.23858e-21         1.70856e+05    4.99234e-01
    1.23858e-21         1.60285e+05    4.99234e-01
    1.23858e-21         1.48273e+05    4.99234e-01
    1.23858e-21         1.34236e+05    4.99234e-01
    1.23858e-21         1.25673e+05    4.99234e-01
    1.23858e-21         1.15903e+05    4.99234e-01
    1.23858e-21         1.04416e+05    4.99234e-01
    1.23858e-21         9.73400e+04    4.99234e-01
    1.23858e-21         8.91975e+04    4.99234e-01
    1.23858e-21         8.43491e+04    4.99234e-01
    1.23858e-21         7.89272e+04    4.99234e-01
    1.23858e-21         7.27348e+04    4.99234e-01
    1.23858e-21         6.90890e+04    4.99234e-01
    1.23858e-21         6.50483e+04    4.99234e-01
    1.23858e-21         6.04899e+04    4.99234e-01
    1.23858e-21         5.52186e+04    4.99234e-01
    1.23858e-21         5.20558e+04    4.99234e-01
    1.23858e-21         4.84969e+04    4.99234e-01
    1.23858e-21         4.43966e+04    4.99234e-01
    1.23858e-21         4.19502e+04    4.99234e-01
    1.23858e-21         3.92102e+04    4.99234e-01
    1.23858e-21         3.60739e+04    4.99234e-01
    1.23858e-21         3.42212e+04    4.99234e-01
    1.23858e-21         3.21624e+04    4.99234e-01
    1.23858e-21         2.98317e+04    4.99234e-01
    1.23858e-21         2.71226e+04    4.99234e-01
    1.23858e-21         2.54839e+04    4.99234e-01
    1.23858e-21         2.36276e+04    4.99234e-01
    1.23858e-21         2.14683e+04    4.99234e-01
    1.23858e-21         2.01605e+04    4.99234e-01
    1.23858e-21         1.86776e+04    4.99234e-01
    1.23858e-21         1.69498e+04    4.99234e-01
    1.23858e-21         1.59008e+04    4.99234e-01
    1.23858e-21         1.47088e+04    4.99234e-01
    1.23858e-21         1.33159e+04    4.99234e-01
    1.23858e-21         1.24660e+04    4.99234e-01
    1.23858e-21         1.14964e+04    4.99234e-01
    1.23858e-21         1.03563e+04    4.99234e-01
    1.23858e-21         9.65379e+03    4.99234e-01
    1.23858e-21         8.84536e+03    4.99234e-01
    1.23858e-21         8.36388e+03    4.99234e-01
    1.23858e-21         7.82537e+03    4.99234e-01
    1.23858e-21         7.21019e+03    4.99234e-01
    1.23858e-21         6.84787e+03    4.99234e-01
    1.23858e-21         6.44620e+03    4.99234e-01
    1.23858e-21         5.99292e+03    4.99234e-01
    1.23858e-21         5.46847e+03    4.99234e-01
    1.23858e-21         5.15354e+03    4.99234e-01
    1.23858e-21         4.79894e+03    4.99234e-01
    1.23858e-21         4.39000e+03    4.99234e-01
    1.23858e-21         4.14566e+03    4.99234e-01
    1.23858e-21         3.87167e+03    4.99234e-01
    1.23858e-21         3.55753e+03    4.99234e-01
    1.23858e-21         3.37149e+03    4.99234e-01
    1.23858e-21         3.16436e+03    4.99234e-01
    1.23858e-21         2.92923e+03    4.99234e-01
    1.23858e-21         2.65483e+03    4.99234e-01
    1.23858e-21         2.48780e+03    4.99234e-01
    1.23858e-21         2.29759e+03    4.99234e-01
    1.23858e-21         2.07458e+03    4.99234e-01
    1.23858e-21         1.93782e+03    4.99234e-01
    1.23858e-21         1.78107e+03    4.99234e-01
    1.23858e-21         1.68830e+03    4.99234e-01
    1.23858e-21         1.58504e+03    4.99234e-01
    1.23858e-21         1.46790e+03    4.99234e-01
    1.23858e-21         1.33131e+03    4.99234e-01
    1.23858e-21         1.24829e+03    4.99234e-01
    1.23858e-21         1.15385e+03    4.99234e-01
    1.23858e-21         1.04332e+03    4.99234e-01
    1.23858e-21         9.75731e+02    4.99234e-01
    1.23858e-21         8.98448e+02    4.99234e-01
    1.23858e-21         8.52874e+02    4.99234e-01
    1.23858e-21         8.02298e+02    4.99234e-01
    1.23858e-21         7.45145e+02    4.99234e-01
    1.23858e-21         6.78888e+02    4.99234e-01
    1.23858e-21         6.38978e+02    4.99234e-01
    1.23858e-21         5.93927e+02    4.99234e-01
    1.23858e-21         5.41782e+02    4.99234e-01
    1.23858e-21         5.10449e+02    4.99234e-01
    1.23858e-21         4.75151e+02    4.99234e-01
    1.23858e-21         4.34414e+02    4.99234e-01
    1.23858e-21         4.10047e+02    4.99234e-01
    1.23858e-21         3.82697e+02    4.99234e-01
    1.23858e-21         3.51299e+02    4.99234e-01
    1.23858e-21         3.32668e+02    4.99234e-01
    1.23858e-21         3.11891e+02    4.99234e-01
    1.23858e-21         2.88255e+02    4.99234e-01
    1.23858e-21         2.60583e+02    4.99234e-01
    1.23858e-21         2.43652e+02    4.99234e-01
    1.23858e-21         2.24287e+02    4.99234e-01
    1.23858e-21         2.12861e+02    4.99234e-01
    1.23858e-21         2.00174e+02    4.99234e-01
    1.23858e-21         1.85829e+02    4.99234e-01
    1.23858e-21         1.69183e+02    4.99234e-01
    1.23858e-21         1.59142e+02    4.99234e-01
    1.23858e-21         1.47793e+02    4.99234e-01
    1.23858e-21         1.34635e+02    4.99234e-01
    1.23858e-21         1.26708e+02    4.99234e-01
    1.23858e-21         1.17757e+02    4.99234e-01
    1.23858e-21         1.07393e+02    4.99234e-01
    1.23858e-21         1.01163e+02    4.99234e-01
    1.23858e-21         9.41424e+01    4.99234e-01
    1.23858e-21         8.60353e+01    4.99234e-01
    1.23858e-21         8.11818e+01    4.99234e-01
    1.23858e-21         7.57305e+01    4.99234e-01
    1.23858e-21         6.94663e+01    4.99234e-01
    1.23858e-21         6.57438e+01    4.99234e-01
    1.23858e-21         6.15879e+01    4.99234e-01
    1.23858e-21         5.68521e+01    4.99234e-01
    1.23858e-21         5.12945e+01    4.99234e-01
    1.23858e-21         4.78810e+01    4.99234e-01
    1.23858e-21         4.39633e+01    4.99234e-01
    1.23858e-21         4.16398e+01    4.99234e-01
    1.23858e-21         3.90498e+01    4.99234e-01
    1.23858e-21         3.61048e+01    4.99234e-01
    1.23858e-21         3.26598e+01    4.99234e-01
    1.23858e-21         3.05548e+01    4.99234e-01
    1.23858e-21         2.81497e+01    4.99234e-01
    1.23858e-21         2.67329e+01    4.99234e-01
    1.23858e-21         2.51619e+01    4.99234e-01
    1.23858e-21         2.33887e+01    4.99234e-01
    1.23858e-21         2.13363e+01    4.99234e-01
    1.23858e-21         2.01032e+01    4.99234e-01
    1.23858e-21         1.87143e+01    4.99234e-01
    1.23858e-21         1.71114e+01    4.99234e-01
    1.23858e-21         1.61529e+01    4.99234e-01
    1.23858e-21         1.50771e+01    4.99234e-01
    1.23858e-21         1.38424e+01    4.99234e-01
    1.23858e-21         1.31100e+01    4.99234e-01
    1.23858e-21         1.22935e+01    4.99234e-01
    1.23858e-21         1.13650e+01    4.99234e-01
    1.23858e-21         1.02784e+01    4.99234e-01
    1.23858e-21         9.61426e+00    4.99234e-01
    1.23858e-21         8.85514e+00    4.99234e-01
    1.23858e-21         8.40772e+00    4.99234e-01
    1.23858e-21         7.91141e+00    4.99234e-01
    1.23858e-21         7.35087e+00    4.99234e-01
    1.23858e-21         6.70159e+00    4.99234e-01
    1.23858e-21         6.31100e+00    4.99234e-01
    1.23858e-21         5.87056e+00    4.99234e-01
    1.23858e-21         5.36156e+00    4.99234e-01
    1.23858e-21         5.05644e+00    4.99234e-01
    1.23858e-21         4.71339e+00    4.99234e-01
    1.23858e-21         4.31858e+00    4.99234e-01
    1.23858e-21         4.08344e+00    4.99234e-01
    1.23858e-21         3.82043e+00    4.99234e-01
    1.23858e-21         3.51996e+00    4.99234e-01
    1.23858e-21         3.34299e+00    4.99234e-01
    1.23858e-21         3.14678e+00    4.99234e-01
    1.23858e-21         2.92534e+00    4.99234e-01
    1.23858e-21         2.66910e+00    4.99234e-01
    1.23858e-21         2.51521e+00    4.99234e-01
    1.23858e-21         2.34190e+00    4.99234e-01
    1.23858e-21         2.14200e+00    4.99234e-01
    1.23858e-21         2.02252e+00    4.99234e-01
    1.23858e-21         1.88850e+00    4.99234e-01
    1.23858e-21         1.73480e+00    4.99234e-01
    1.23858e-21         1.64372e+00    4.99234e-01
    1.23858e-21         1.54227e+00    4.99234e-01
    1.23858e-21         1.42704e+00    4.99234e-01
    1.23858e-21         1.29245e+00    4.99234e-01
    1.23858e-21         1.21040e+00    4.99234e-01
    1.23858e-21         1.11686e+00    4.99234e-01
    1.23858e-21         1.00699e+00    4.99234e-01
    1.23858e-21         9.39415e-01    4.99234e-01
    1.23858e-21         8.61768e-01    4.99234e-01
    1.23858e-21         8.15633e-01    4.99234e-01
    1.23858e-21         7.64131e-01    4.99234e-01
    1.23858e-21         7.05453e-01    4.99234e-01
    1.23858e-21         6.36608e-01    4.99234e-01
    1.23858e-21         5.94338e-01    4.99234e-01
    1.23858e-21         5.45841e-01    4.99234e-01
    1.23858e-21         5.17092e-01    4.99234e-01
    1.23858e-21         4.85058e-01    4.99234e-01
    1.23858e-21         4.48653e-01    4.99234e-01
    1.23858e-21         4.06100e-01    4.99234e-01
    1.23858e-21         3.80131e-01    4.99234e-01
    1.23858e-21         3.50492e-01    4.99234e-01
    1.23858e-21         3.15629e-01    4.99234e-01
    1.23858e-21         2.94134e-01    4.99234e-01
    1.23858e-21         2.69383e-01    4.99234e-01
    1.23858e-21         2.54629e-01    4.99234e-01
    1.23858e-21         2.38115e-01    4.99234e-01
    1.23858e-21         2.19231e-01    4.99234e-01
    1.23858e-21         2.08093e-01    4.99234e-01
    1.23858e-21         1.95730e-01    4.99234e-01
    1.23858e-21         1.81756e-01    4.99234e-01
    1.23858e-21         1.65551e-01    4.99234e-01
    1.23858e-21         1.55784e-01    4.99234e-01
    1.23858e-21         1.44755e-01    4.99234e-01
    1.23858e-21         1.31981e-01    4.99234e-01
    1.23858e-21         1.24297e-01    4.99234e-01
    1.23858e-21         1.15635e-01    4.99234e-01
    1.23858e-21         1.05626e-01    4.99234e-01
    1.23858e-21         9.96279e-02    4.99234e-01
    1.23858e-21         9.28860e-02    4.99234e-01
    1.23858e-21         8.51300e-02    4.99234e-01
    1.23858e-21         8.05132e-02    4.99234e-01
    1.23858e-21         7.53516e-02    4.99234e-01
    1.23858e-21         6.94588e-02    4.99234e-01
    1.23858e-21         6.25237e-02    4.99234e-01
    1.23858e-21         5.82442e-02    4.99234e-01
    1.23858e-21         5.33127e-02    4.99234e-01
    1.23858e-21         5.03697e-02    4.99234e-01
    1.23858e-21         4.70728e-02    4.99234e-01
    1.23858e-21         4.32978e-02    4.99234e-01
    1.23858e-21         4.10669e-02    4.99234e-01
    1.23858e-21         3.85870e-02    4.99234e-01
    1.23858e-21         3.57780e-02    4.99234e-01
    1.23858e-21         3.25108e-02    4.99234e-01
    1.23858e-21         3.05323e-02    4.99234e-01
    1.23858e-21         2.82890e-02    4.99234e-01
    1.23858e-21         2.56759e-02    4.99234e-01
    1.23858e-21         2.40899e-02    4.99234e-01
    1.23858e-21         2.22882e-02    4.99234e-01
    1.23858e-21         2.01834e-02    4.99234e-01
    1.23858e-21         1.89001e-02    4.99234e-01
    1.23858e-21         1.74365e-02    4.99234e-01
    1.23858e-21         1.57170e-02    4.99234e-01
    1.23858e-21         1.46588e-02    4.99234e-01
    1.23858e-21         1.34423e-02    4.99234e-01
    1.23858e-21         1.27190e-02    4.99234e-01
    1.23858e-21         1.19111e-02    4.99234e-01
    1.23858e-21         1.09899e-02    4.99234e-01
    1.23858e-21         9.90776e-03    4.99234e-01
    1.23858e-21         9.24205e-03    4.99234e-01
    1.23858e-21         8.47697e-03    4.99234e-01
    1.23858e-21         8.02227e-03    4.99234e-01
    1.23858e-21         7.51455e-03    4.99234e-01
    1.23858e-21         6.93592e-03    4.99234e-01
    1.23858e-21         6.25671e-03    4.99234e-01
    1.23858e-21         5.83938e-03    4.99234e-01
    1.23858e-21         5.36025e-03    4.99234e-01
    1.23858e-21         5.07595e-03    4.99234e-01
    1.23858e-21         4.75891e-03    4.99234e-01
    1.23858e-21         4.39822e-03    4.99234e-01
    1.23858e-21         3.97594e-03    4.99234e-01
    1.23858e-21         3.71757e-03    4.99234e-01
    1.23858e-21         3.42204e-03    4.99234e-01
    1.23858e-21         3.24765e-03    4.99234e-01
    1.23858e-21         3.05403e-03    4.99234e-01
    1.23858e-21         2.83508e-03    4.99234e-01
    1.23858e-21         2.58101e-03    4.99234e-01
    1.23858e-21         2.42773e-03    4.99234e-01
    1.23858e-21         2.25449e-03    4.99234e-01
    1.23858e-21         2.05360e-03    4.99234e-01
    1.23858e-21         1.93254e-03    4.99234e-01
    1.23858e-21         1.79583e-03    4.99234e-01
    1.23858e-21         1.63753e-03    4.99234e-01
    1.23858e-21         1.54233e-03    4.99234e-01
    1.23858e-21         1.43502e-03    4.99234e-01
    1.23858e-21         1.31106e-03    4.99234e-01
    1.23858e-21         1.23680e-03    4.99234e-01
    1.23858e-21         1.15336e-03    4.99234e-01
    1.23858e-21         1.05742e-03    4.99234e-01
    1.23858e-21         1.00034e-03    4.99234e-01
    1.23858e-21         9.36566e-04    4.99234e-01
    1.23858e-21         8.63811e-04    4.99234e-01
    1.23858e-21         7.78283e-04    4.99234e-01
    1.23858e-21         7.25605e-04    4.99234e-01
    1.23858e-21         6.65000e-04    4.99234e-01
    1.23858e-21         6.28922e-04    4.99234e-01
    1.23858e-21         5.88586e-04    4.99234e-01
    1.23858e-21         5.42533e-04    4.99234e-01
    1.23858e-21         4.88330e-04    4.99234e-01
    1.23858e-21         4.54878e-04    4.99234e-01
    1.23858e-21         4.16324e-04    4.99234e-01
    1.23858e-21         3.93312e-04    4.99234e-01
    1.23858e-21         3.67528e-04    4.99234e-01
    1.23858e-21         3.38000e-04    4.99234e-01
    1.23858e-21         3.20544e-04    4.99234e-01
    1.23858e-21         3.01134e-04    4.99234e-01
    1.23858e-21         2.79142e-04    4.99234e-01
    1.23858e-21         2.53547e-04    4.99234e-01
    1.23858e-21         2.38036e-04    4.99234e-01
    1.23858e-21         2.20438e-04    4.99234e-01
    1.23858e-21         1.99918e-04    4.99234e-01
    1.23858e-21         1.87443e-04    4.99234e-01
    1.23858e-21         1.73253e-04    4.99234e-01
    1.23858e-21         1.56642e-04    4.99234e-01
    1.23858e-21         1.46483e-04    4.99234e-01
    1.23858e-21         1.34865e-04    4.99234e-01
    1.23858e-21         1.28012e-04    4.99234e-01
    1.23858e-21         1.20406e-04    4.99234e-01
    1.23858e-21         1.11808e-04    4.99234e-01
    1.23858e-21         1.01838e-04    4.99234e-01
    1.23858e-21         9.58282e-05    4.99234e-01
    1.23858e-21         8.90416e-05    4.99234e-01
    1.23858e-21         8.11810e-05    4.99234e-01
    1.23858e-21         7.64527e-05    4.99234e-01
    1.23858e-21         7.11215e-05    4.99234e-01
    1.23858e-21         6.49611e-05    4.99234e-01
    1.23858e-21         6.12690e-05    4.99234e-01
    1.23858e-21         5.71185e-05    4.99234e-01
    1.23858e-21         5.23429e-05    4.99234e-01
    1.23858e-21         4.94996e-05    4.99234e-01
    1.23858e-21         4.63202e-05    4.99234e-01
    1.23858e-21         4.26893e-05    4.99234e-01
    1.23858e-21         4.05519e-05    4.99234e-01
    1.23858e-21         3.81833e-05    4.99234e-01
    1.23858e-21         3.55116e-05    4.99234e-01
    1.23858e-21         3.24229e-05    4.99234e-01
    1.23858e-21         3.05703e-05    4.99234e-01
    1.23858e-21         2.84863e-05    4.99234e-01
    1.23858e-21         2.60863e-05    4.99234e-01
    1.23858e-21         2.46553e-05    4.99234e-01


