              t                   M              a
    1.23833e-21         1.00000e+17    8.00000e-01
    1.23837e-21         9.31926e+16    7.21866e-01
    1.23840e-21         8.67252e+16    6.67773e-01
    1.23844e-21         7.96714e+16    6.25229e-01
    1.23846e-21         7.55891e+16    6.07295e-01
    1.23848e-21         7.10928e+16    5.90204e-01
    1.23850e-21         6.60078e+16    5.74026e-01
    1.23852e-21         6.01069e+16    5.58725e-01
    1.23853e-21         5.65576e+16    5.50951e-01
    1.23854e-21         5.25540e+16    5.42986e-01
    1.23854e-21         4.79233e+16    5.34756e-01
    1.23855e-21         4.51420e+16    5.30436e-01
    1.23855e-21         4.20058e+16    5.25942e-01
    1.23856e-21         3.83818e+16    5.21220e-01
    1.23856e-21         3.62107e+16    5.18698e-01
    1.23856e-21         3.37706e+16    5.16057e-01
    1.23857e-21         3.09644e+16    5.13265e-01
    1.23857e-21         2.92950e+16    5.11765e-01
    1.23857e-21         2.74297e+16    5.10191e-01
    1.23857e-21         2.53018e+16    5.08523e-01
    1.23857e-21         2.28006e+16    5.06732e-01
    1.23857e-21         2.12603e+16    5.05751e-01
    1.23857e-21         1.94886e+16    5.04703e-01
    1.23857e-21         1.84343e+16    5.04136e-01
    1.23857e-21         1.72559e+16    5.03538e-01
    1.23857e-21         1.59110e+16    5.02900e-01
    1.23857e-21         1.43290e+16    5.02211e-01
    1.23857e-21         1.33537e+16    5.01831e-01
    1.23857e-21         1.22307e+16    5.01423e-01
    1.23857e-21         1.15613e+16    5.01201e-01
    1.23857e-21         1.08122e+16    5.00966e-01
    1.23857e-21         9.95565e+15    5.00715e-01
    1.23857e-21         9.45051e+15    5.00578e-01
    1.23857e-21         8.88991e+15    5.00434e-01
    1.23857e-21         8.25638e+15    5.00281e-01
    1.23857e-21         7.52188e+15    5.00116e-01
    1.23857e-21         7.07941e+15    5.00026e-01
    1.23857e-21         6.57989e+15    4.99930e-01
    1.23857e-21         6.00165e+15    4.99825e-01
    1.23857e-21         5.65413e+15    4.99767e-01
    1.23857e-21         5.26257e+15    4.99704e-01
    1.23857e-21         4.81057e+15    4.99635e-01
    1.23857e-21         4.54011e+15    4.99597e-01
    1.23857e-21         4.23646e+15    4.99555e-01
    1.23857e-21         3.88773e+15    4.99510e-01
    1.23857e-21         3.68067e+15    4.99485e-01
    1.23857e-21         3.44966e+15    4.99458e-01
    1.23857e-21         3.18668e+15    4.99429e-01
    1.23857e-21         2.87850e+15    4.99397e-01
    1.23857e-21         2.68965e+15    4.99379e-01
    1.23857e-21         2.47335e+15    4.99359e-01
    1.23857e-21         2.34545e+15    4.99348e-01
    1.23857e-21         2.20323e+15    4.99336e-01
    1.23857e-21         2.04205e+15    4.99324e-01
    1.23857e-21         1.85442e+15    4.99310e-01
    1.23857e-21         1.74067e+15    4.99302e-01
    1.23857e-21         1.61156e+15    4.99293e-01
    1.23857e-21         1.46093e+15    4.99284e-01
    1.23857e-21         1.36928e+15    4.99279e-01
    1.23857e-21         1.26496e+15    4.99273e-01
    1.23857e-21         1.14272e+15    4.99266e-01
    1.23857e-21         1.06782e+15    4.99263e-01
    1.23857e-21         9.82052e+14    4.99259e-01
    1.23857e-21         9.31348e+14    4.99257e-01
    1.23857e-21         8.74973e+14    4.99255e-01
    1.23857e-21         8.11100e+14    4.99252e-01
    1.23857e-21         7.36771e+14    4.99249e-01
    1.23857e-21         6.91729e+14    4.99248e-01
    1.23857e-21         6.40631e+14    4.99246e-01
    1.23857e-21         5.81056e+14    4.99244e-01
    1.23857e-21         5.44847e+14    4.99243e-01
    1.23857e-21         5.03666e+14    4.99242e-01
    1.23857e-21         4.55475e+14    4.99241e-01
    1.23857e-21         4.26011e+14    4.99240e-01
    1.23857e-21         3.92331e+14    4.99239e-01
    1.23857e-21         3.72475e+14    4.99239e-01
    1.23857e-21         3.50446e+14    4.99238e-01
    1.23857e-21         3.25560e+14    4.99238e-01
    1.23857e-21         2.96725e+14    4.99237e-01
    1.23857e-21         2.79369e+14    4.99237e-01
    1.23857e-21         2.59789e+14    4.99237e-01
    1.23857e-21         2.37147e+14    4.99236e-01
    1.23857e-21         2.23561e+14    4.99236e-01
    1.23857e-21         2.08274e+14    4.99236e-01
    1.23857e-21         1.90659e+14    4.99236e-01
    1.23857e-21         1.80150e+14    4.99236e-01
    1.23857e-21         1.68378e+14    4.99235e-01
    1.23857e-21         1.54903e+14    4.99235e-01
    1.23857e-21         1.46943e+14    4.99235e-01
    1.23857e-21         1.38096e+14    4.99235e-01
    1.23857e-21         1.28080e+14    4.99235e-01
    1.23857e-21         1.16436e+14    4.99235e-01
    1.23857e-21         1.09391e+14    4.99235e-01
    1.23857e-21         1.01410e+14    4.99235e-01
    1.23857e-21         9.21227e+13    4.99235e-01
    1.23857e-21         8.64957e+13    4.99235e-01
    1.23857e-21         8.01128e+13    4.99235e-01
    1.23857e-21         7.26722e+13    4.99235e-01
    1.23857e-21         6.81511e+13    4.99235e-01
    1.23857e-21         6.30103e+13    4.99235e-01
    1.23857e-21         5.69964e+13    4.99235e-01
    1.23857e-21         5.33214e+13    4.99235e-01
    1.23857e-21         4.91224e+13    4.99234e-01
    1.23857e-21         4.66486e+13    4.99234e-01
    1.23857e-21         4.39055e+13    4.99234e-01
    1.23857e-21         4.08089e+13    4.99234e-01
    1.23857e-21         3.72246e+13    4.99234e-01
    1.23857e-21         3.50707e+13    4.99234e-01
    1.23857e-21         3.26441e+13    4.99234e-01
    1.23857e-21         2.98433e+13    4.99234e-01
    1.23857e-21         2.81677e+13    4.99234e-01
    1.23857e-21         2.62868e+13    4.99234e-01
    1.23857e-21         2.41272e+13    4.99234e-01
    1.23857e-21         2.28454e+13    4.99234e-01
    1.23857e-21         2.14157e+13    4.99234e-01
    1.23857e-21         1.97888e+13    4.99234e-01
    1.23857e-21         1.78834e+13    4.99234e-01
    1.23857e-21         1.67168e+13    4.99234e-01
    1.23857e-21         1.53818e+13    4.99234e-01
    1.23857e-21         1.45934e+13    4.99234e-01
    1.23857e-21         1.37175e+13    4.99234e-01
    1.23857e-21         1.27261e+13    4.99234e-01
    1.23857e-21         1.15744e+13    4.99234e-01
    1.23857e-21         1.08781e+13    4.99234e-01
    1.23857e-21         1.00899e+13    4.99234e-01
    1.23857e-21         9.17380e+12    4.99234e-01
    1.23857e-21         8.61967e+12    4.99234e-01
    1.23857e-21         7.99201e+12    4.99234e-01
    1.23857e-21         7.26188e+12    4.99234e-01
    1.23857e-21         6.81972e+12    4.99234e-01
    1.23857e-21         6.31836e+12    4.99234e-01
    1.23857e-21         5.73429e+12    4.99234e-01
    1.23857e-21         5.37972e+12    4.99234e-01
    1.23857e-21         4.97689e+12    4.99234e-01
    1.23857e-21         4.50620e+12    4.99234e-01
    1.23857e-21         4.21912e+12    4.99234e-01
    1.23857e-21         3.89165e+12    4.99234e-01
    1.23857e-21         3.50674e+12    4.99234e-01
    1.23857e-21         3.26972e+12    4.99234e-01
    1.23857e-21         2.99710e+12    4.99234e-01
    1.23857e-21         2.83486e+12    4.99234e-01
    1.23857e-21         2.65351e+12    4.99234e-01
    1.23857e-21         2.44654e+12    4.99234e-01
    1.23857e-21         2.20306e+12    4.99234e-01
    1.23857e-21         2.05293e+12    4.99234e-01
    1.23857e-21         1.88004e+12    4.99234e-01
    1.23857e-21         1.77696e+12    4.99234e-01
    1.23857e-21         1.66158e+12    4.99234e-01
    1.23857e-21         1.52961e+12    4.99234e-01
    1.23857e-21         1.45175e+12    4.99234e-01
    1.23857e-21         1.36532e+12    4.99234e-01
    1.23857e-21         1.26759e+12    4.99234e-01
    1.23857e-21         1.15422e+12    4.99234e-01
    1.23857e-21         1.08585e+12    4.99234e-01
    1.23857e-21         1.00860e+12    4.99234e-01
    1.23857e-21         9.19065e+11    4.99234e-01
    1.23857e-21         8.65149e+11    4.99234e-01
    1.23857e-21         8.04303e+11    4.99234e-01
    1.23857e-21         7.33903e+11    4.99234e-01
    1.23857e-21         6.91627e+11    4.99234e-01
    1.23857e-21         6.44023e+11    4.99234e-01
    1.23857e-21         5.89123e+11    4.99234e-01
    1.23857e-21         5.56318e+11    4.99234e-01
    1.23857e-21         5.19530e+11    4.99234e-01
    1.23857e-21         4.77348e+11    4.99234e-01
    1.23857e-21         4.52365e+11    4.99234e-01
    1.23857e-21         4.24546e+11    4.99234e-01
    1.23857e-21         3.92961e+11    4.99234e-01
    1.23857e-21         3.56096e+11    4.99234e-01
    1.23857e-21         3.33649e+11    4.99234e-01
    1.23857e-21         3.08080e+11    4.99234e-01
    1.23857e-21         2.78091e+11    4.99234e-01
    1.23857e-21         2.59689e+11    4.99234e-01
    1.23857e-21         2.38585e+11    4.99234e-01
    1.23857e-21         2.26084e+11    4.99234e-01
    1.23857e-21         2.12162e+11    4.99234e-01
    1.23857e-21         1.96354e+11    4.99234e-01
    1.23857e-21         1.77897e+11    4.99234e-01
    1.23857e-21         1.66655e+11    4.99234e-01
    1.23857e-21         1.53844e+11    4.99234e-01
    1.23857e-21         1.38812e+11    4.99234e-01
    1.23857e-21         1.29579e+11    4.99234e-01
    1.23857e-21         1.18984e+11    4.99234e-01
    1.23857e-21         1.12701e+11    4.99234e-01
    1.23857e-21         1.05698e+11    4.99234e-01
    1.23857e-21         9.77368e+10    4.99234e-01
    1.23857e-21         8.84253e+10    4.99234e-01
    1.23857e-21         8.27373e+10    4.99234e-01
    1.23857e-21         7.62404e+10    4.99234e-01
    1.23857e-21         7.24147e+10    4.99234e-01
    1.23857e-21         6.81741e+10    4.99234e-01
    1.23857e-21         6.33896e+10    4.99234e-01
    1.23857e-21         5.78555e+10    4.99234e-01
    1.23857e-21         5.45338e+10    4.99234e-01
    1.23857e-21         5.07951e+10    4.99234e-01
    1.23857e-21         4.64858e+10    4.99234e-01
    1.23857e-21         4.39132e+10    4.99234e-01
    1.23857e-21         4.10303e+10    4.99234e-01
    1.23857e-21         3.77280e+10    4.99234e-01
    1.23857e-21         3.57752e+10    4.99234e-01
    1.23857e-21         3.36034e+10    4.99234e-01
    1.23857e-21         3.11417e+10    4.99234e-01
    1.23857e-21         2.82755e+10    4.99234e-01
    1.23857e-21         2.65372e+10    4.99234e-01
    1.23857e-21         2.45636e+10    4.99234e-01
    1.23857e-21         2.22602e+10    4.99234e-01
    1.23857e-21         2.08578e+10    4.99234e-01
    1.23857e-21         1.92604e+10    4.99234e-01
    1.23857e-21         1.73872e+10    4.99234e-01
    1.23857e-21         1.62379e+10    4.99234e-01
    1.23857e-21         1.49201e+10    4.99234e-01
    1.23857e-21         1.41397e+10    4.99234e-01
    1.23857e-21         1.32707e+10    4.99234e-01
    1.23857e-21         1.22843e+10    4.99234e-01
    1.23857e-21         1.11330e+10    4.99234e-01
    1.23857e-21         1.04322e+10    4.99234e-01
    1.23857e-21         9.63401e+09    4.99234e-01
    1.23857e-21         8.69812e+09    4.99234e-01
    1.23857e-21         8.12406e+09    4.99234e-01
    1.23857e-21         7.46600e+09    4.99234e-01
    1.23857e-21         7.07641e+09    4.99234e-01
    1.23857e-21         6.64275e+09    4.99234e-01
    1.23857e-21         6.15061e+09    4.99234e-01
    1.23857e-21         5.57657e+09    4.99234e-01
    1.23857e-21         5.22742e+09    4.99234e-01
    1.23857e-21         4.83007e+09    4.99234e-01
    1.23857e-21         4.36465e+09    4.99234e-01
    1.23857e-21         4.07966e+09    4.99234e-01
    1.23857e-21         3.75347e+09    4.99234e-01
    1.23857e-21         3.56080e+09    4.99234e-01
    1.23857e-21         3.34671e+09    4.99234e-01
    1.23857e-21         3.10435e+09    4.99234e-01
    1.23857e-21         2.82268e+09    4.99234e-01
    1.23857e-21         2.65233e+09    4.99234e-01
    1.23857e-21         2.45940e+09    4.99234e-01
    1.23857e-21         2.23501e+09    4.99234e-01
    1.23857e-21         2.09915e+09    4.99234e-01
    1.23857e-21         1.94515e+09    4.99234e-01
    1.23857e-21         1.76579e+09    4.99234e-01
    1.23857e-21         1.65696e+09    4.99234e-01
    1.23857e-21         1.53338e+09    4.99234e-01
    1.23857e-21         1.38906e+09    4.99234e-01
    1.23857e-21         1.30114e+09    4.99234e-01
    1.23857e-21         1.20092e+09    4.99234e-01
    1.23857e-21         1.08329e+09    4.99234e-01
    1.23857e-21         1.01100e+09    4.99234e-01
    1.23857e-21         9.28010e+08    4.99234e-01
    1.23857e-21         8.78760e+08    4.99234e-01
    1.23857e-21         8.23835e+08    4.99234e-01
    1.23857e-21         7.61342e+08    4.99234e-01
    1.23857e-21         6.88170e+08    4.99234e-01
    1.23857e-21         6.43389e+08    4.99234e-01
    1.23857e-21         5.92158e+08    4.99234e-01
    1.23857e-21         5.61919e+08    4.99234e-01
    1.23857e-21         5.28337e+08    4.99234e-01
    1.23857e-21         4.90351e+08    4.99234e-01
    1.23857e-21         4.46251e+08    4.99234e-01
    1.23857e-21         4.19627e+08    4.99234e-01
    1.23857e-21         3.89519e+08    4.99234e-01
    1.23857e-21         3.54575e+08    4.99234e-01
    1.23857e-21         3.33490e+08    4.99234e-01
    1.23857e-21         3.09655e+08    4.99234e-01
    1.23857e-21         2.82009e+08    4.99234e-01
    1.23857e-21         2.65343e+08    4.99234e-01
    1.23857e-21         2.46517e+08    4.99234e-01
    1.23857e-21         2.24707e+08    4.99234e-01
    1.23857e-21         2.11582e+08    4.99234e-01
    1.23857e-21         1.96778e+08    4.99234e-01
    1.23857e-21         1.79663e+08    4.99234e-01
    1.23857e-21         1.69398e+08    4.99234e-01
    1.23857e-21         1.57850e+08    4.99234e-01
    1.23857e-21         1.44552e+08    4.99234e-01
    1.23857e-21         1.36623e+08    4.99234e-01
    1.23857e-21         1.27746e+08    4.99234e-01
    1.23857e-21         1.17594e+08    4.99234e-01
    1.23857e-21         1.11603e+08    4.99234e-01
    1.23857e-21         1.04952e+08    4.99234e-01
    1.23857e-21         9.74317e+07    4.99234e-01
    1.23857e-21         8.87052e+07    4.99234e-01
    1.23857e-21         8.34412e+07    4.99234e-01
    1.23857e-21         7.74922e+07    4.99234e-01
    1.23857e-21         7.05946e+07    4.99234e-01
    1.23857e-21         6.64390e+07    4.99234e-01
    1.23857e-21         6.17473e+07    4.99234e-01
    1.23857e-21         5.63154e+07    4.99234e-01
    1.23857e-21         5.30504e+07    4.99234e-01
    1.23857e-21         4.93710e+07    4.99234e-01
    1.23857e-21         4.51228e+07    4.99234e-01
    1.23857e-21         4.25799e+07    4.99234e-01
    1.23857e-21         3.97242e+07    4.99234e-01
    1.23857e-21         3.64432e+07    4.99234e-01
    1.23857e-21         3.44939e+07    4.99234e-01
    1.23857e-21         3.23182e+07    4.99234e-01
    1.23857e-21         2.98397e+07    4.99234e-01
    1.23857e-21         2.69323e+07    4.99234e-01
    1.23857e-21         2.51478e+07    4.99234e-01
    1.23857e-21         2.31011e+07    4.99234e-01
    1.23857e-21         2.18884e+07    4.99234e-01
    1.23857e-21         2.05375e+07    4.99234e-01
    1.23857e-21         1.90031e+07    4.99234e-01
    1.23857e-21         1.72110e+07    4.99234e-01
    1.23857e-21         1.61186e+07    4.99234e-01
    1.23857e-21         1.48730e+07    4.99234e-01
    1.23857e-21         1.34102e+07    4.99234e-01
    1.23857e-21         1.25105e+07    4.99234e-01
    1.23857e-21         1.14767e+07    4.99234e-01
    1.23857e-21         1.08625e+07    4.99234e-01
    1.23857e-21         1.01769e+07    4.99234e-01
    1.23857e-21         9.39581e+06    4.99234e-01
    1.23857e-21         8.47944e+06    4.99234e-01
    1.23857e-21         7.91687e+06    4.99234e-01
    1.23857e-21         7.27151e+06    4.99234e-01
    1.23857e-21         6.88901e+06    4.99234e-01
    1.23857e-21         6.46286e+06    4.99234e-01
    1.23857e-21         5.97865e+06    4.99234e-01
    1.23857e-21         5.41283e+06    4.99234e-01
    1.23857e-21         5.06769e+06    4.99234e-01
    1.23857e-21         4.67393e+06    4.99234e-01
    1.23857e-21         4.21103e+06    4.99234e-01
    1.23857e-21         3.92590e+06    4.99234e-01
    1.23857e-21         3.59785e+06    4.99234e-01
    1.23857e-21         3.40255e+06    4.99234e-01
    1.23857e-21         3.18419e+06    4.99234e-01
    1.23857e-21         2.93485e+06    4.99234e-01
    1.23857e-21         2.78810e+06    4.99234e-01
    1.23857e-21         2.62549e+06    4.99234e-01
    1.23857e-21         2.44211e+06    4.99234e-01
    1.23857e-21         2.23016e+06    4.99234e-01
    1.23857e-21         2.10309e+06    4.99234e-01
    1.23857e-21         1.96020e+06    4.99234e-01
    1.23857e-21         1.79571e+06    4.99234e-01
    1.23857e-21         1.69771e+06    4.99234e-01
    1.23857e-21         1.58807e+06    4.99234e-01
    1.23857e-21         1.46276e+06    4.99234e-01
    1.23857e-21         1.38892e+06    4.99234e-01
    1.23857e-21         1.30701e+06    4.99234e-01
    1.23857e-21         1.21452e+06    4.99234e-01
    1.23857e-21         1.10740e+06    4.99234e-01
    1.23857e-21         1.04298e+06    4.99234e-01
    1.23857e-21         9.70356e+05    4.99234e-01
    1.23857e-21         8.86453e+05    4.99234e-01
    1.23857e-21         8.36184e+05    4.99234e-01
    1.23857e-21         7.79690e+05    4.99234e-01
    1.23857e-21         7.14712e+05    4.99234e-01
    1.23857e-21         6.76047e+05    4.99234e-01
    1.23857e-21         6.32833e+05    4.99234e-01
    1.23857e-21         5.83515e+05    4.99234e-01
    1.23857e-21         5.25508e+05    4.99234e-01
    1.23857e-21         4.89749e+05    4.99234e-01
    1.23857e-21         4.48577e+05    4.99234e-01
    1.23857e-21         4.24039e+05    4.99234e-01
    1.23857e-21         3.96578e+05    4.99234e-01
    1.23857e-21         3.65183e+05    4.99234e-01
    1.23857e-21         3.46670e+05    4.99234e-01
    1.23857e-21         3.26127e+05    4.99234e-01
    1.23857e-21         3.02915e+05    4.99234e-01
    1.23857e-21         2.76009e+05    4.99234e-01
    1.23857e-21         2.59806e+05    4.99234e-01
    1.23857e-21         2.41518e+05    4.99234e-01
    1.23857e-21         2.20356e+05    4.99234e-01
    1.23857e-21         2.07645e+05    4.99234e-01
    1.23857e-21         1.93330e+05    4.99234e-01
    1.23857e-21         1.76817e+05    4.99234e-01
    1.23857e-21         1.66946e+05    4.99234e-01
    1.23857e-21         1.55873e+05    4.99234e-01
    1.23857e-21         1.43171e+05    4.99234e-01
    1.23857e-21         1.35644e+05    4.99234e-01
    1.23857e-21         1.27258e+05    4.99234e-01
    1.23857e-21         1.17730e+05    4.99234e-01
    1.23857e-21         1.06597e+05    4.99234e-01
    1.23857e-21         9.98072e+04    4.99234e-01
    1.23857e-21         9.20623e+04    4.99234e-01
    1.23857e-21         8.29594e+04    4.99234e-01
    1.23857e-21         7.73544e+04    4.99234e-01
    1.23857e-21         7.09077e+04    4.99234e-01
    1.23857e-21         6.70715e+04    4.99234e-01
    1.23857e-21         6.27840e+04    4.99234e-01
    1.23857e-21         5.78909e+04    4.99234e-01
    1.23857e-21         5.21358e+04    4.99234e-01
    1.23857e-21         4.85878e+04    4.99234e-01
    1.23857e-21         4.45028e+04    4.99234e-01
    1.23857e-21         4.20681e+04    4.99234e-01
    1.23857e-21         3.93434e+04    4.99234e-01
    1.23857e-21         3.62283e+04    4.99234e-01
    1.23857e-21         3.43913e+04    4.99234e-01
    1.23857e-21         3.23529e+04    4.99234e-01
    1.23857e-21         3.00496e+04    4.99234e-01
    1.23857e-21         2.73795e+04    4.99234e-01
    1.23857e-21         2.57715e+04    4.99234e-01
    1.23857e-21         2.39564e+04    4.99234e-01
    1.23857e-21         2.18560e+04    4.99234e-01
    1.23857e-21         2.05942e+04    4.99234e-01
    1.23857e-21         1.91730e+04    4.99234e-01
    1.23857e-21         1.75334e+04    4.99234e-01
    1.23857e-21         1.65530e+04    4.99234e-01
    1.23857e-21         1.54532e+04    4.99234e-01
    1.23857e-21         1.41911e+04    4.99234e-01
    1.23857e-21         1.34429e+04    4.99234e-01
    1.23857e-21         1.26091e+04    4.99234e-01
    1.23857e-21         1.16613e+04    4.99234e-01
    1.23857e-21         1.05532e+04    4.99234e-01
    1.23857e-21         9.87669e+03    4.99234e-01
    1.23857e-21         9.10434e+03    4.99234e-01
    1.23857e-21         8.19538e+03    4.99234e-01
    1.23857e-21         7.63450e+03    4.99234e-01
    1.23857e-21         6.98818e+03    4.99234e-01
    1.23857e-21         6.60247e+03    4.99234e-01
    1.23857e-21         6.17039e+03    4.99234e-01
    1.23857e-21         5.67568e+03    4.99234e-01
    1.23857e-21         5.38332e+03    4.99234e-01
    1.23857e-21         5.05834e+03    4.99234e-01
    1.23857e-21         4.69027e+03    4.99234e-01
    1.23857e-21         4.26216e+03    4.99234e-01
    1.23857e-21         4.00295e+03    4.99234e-01
    1.23857e-21         3.70907e+03    4.99234e-01
    1.23857e-21         3.36679e+03    4.99234e-01
    1.23857e-21         3.15908e+03    4.99234e-01
    1.23857e-21         2.92315e+03    4.99234e-01
    1.23857e-21         2.64761e+03    4.99234e-01
    1.23857e-21         2.47967e+03    4.99234e-01
    1.23857e-21         2.28822e+03    4.99234e-01
    1.23857e-21         2.06338e+03    4.99234e-01
    1.23857e-21         1.92513e+03    4.99234e-01
    1.23857e-21         1.76631e+03    4.99234e-01
    1.23857e-21         1.67197e+03    4.99234e-01
    1.23857e-21         1.56670e+03    4.99234e-01
    1.23857e-21         1.44679e+03    4.99234e-01
    1.23857e-21         1.30619e+03    4.99234e-01
    1.23857e-21         1.21994e+03    4.99234e-01
    1.23857e-21         1.12107e+03    4.99234e-01
    1.23857e-21         1.06252e+03    4.99234e-01
    1.23857e-21         9.97350e+02    4.99234e-01
    1.23857e-21         9.23382e+02    4.99234e-01
    1.23857e-21         8.37088e+02    4.99234e-01
    1.23857e-21         7.84587e+02    4.99234e-01
    1.23857e-21         7.24825e+02    4.99234e-01
    1.23857e-21         6.54802e+02    4.99234e-01
    1.23857e-21         6.11901e+02    4.99234e-01
    1.23857e-21         5.62775e+02    4.99234e-01
    1.23857e-21         5.33736e+02    4.99234e-01
    1.23857e-21         5.01451e+02    4.99234e-01
    1.23857e-21         4.64875e+02    4.99234e-01
    1.23857e-21         4.22317e+02    4.99234e-01
    1.23857e-21         3.96534e+02    4.99234e-01
    1.23857e-21         3.67288e+02    4.99234e-01
    1.23857e-21         3.33200e+02    4.99234e-01
    1.23857e-21         3.12490e+02    4.99234e-01
    1.23857e-21         2.88944e+02    4.99234e-01
    1.23857e-21         2.61404e+02    4.99234e-01
    1.23857e-21         2.44580e+02    4.99234e-01
    1.23857e-21         2.25361e+02    4.99234e-01
    1.23857e-21         2.14043e+02    4.99234e-01
    1.23857e-21         2.01496e+02    4.99234e-01
    1.23857e-21         1.87339e+02    4.99234e-01
    1.23857e-21         1.70960e+02    4.99234e-01
    1.23857e-21         1.61127e+02    4.99234e-01
    1.23857e-21         1.50056e+02    4.99234e-01
    1.23857e-21         1.37292e+02    4.99234e-01
    1.23857e-21         1.29668e+02    4.99234e-01
    1.23857e-21         1.21121e+02    4.99234e-01
    1.23857e-21         1.11326e+02    4.99234e-01
    1.23857e-21         1.05528e+02    4.99234e-01
    1.23857e-21         9.90758e+01    4.99234e-01
    1.23857e-21         9.17560e+01    4.99234e-01
    1.23857e-21         8.32216e+01    4.99234e-01
    1.23857e-21         7.80343e+01    4.99234e-01
    1.23857e-21         7.21345e+01    4.99234e-01
    1.23857e-21         6.52301e+01    4.99234e-01
    1.23857e-21         6.10085e+01    4.99234e-01
    1.23857e-21         5.61823e+01    4.99234e-01
    1.23857e-21         5.33369e+01    4.99234e-01
    1.23857e-21         5.01797e+01    4.99234e-01
    1.23857e-21         4.66128e+01    4.99234e-01
    1.23857e-21         4.24791e+01    4.99234e-01
    1.23857e-21         3.99904e+01    4.99234e-01
    1.23857e-21         3.71823e+01    4.99234e-01
    1.23857e-21         3.39341e+01    4.99234e-01
    1.23857e-21         3.19841e+01    4.99234e-01
    1.23857e-21         2.97892e+01    4.99234e-01
    1.23857e-21         2.72589e+01    4.99234e-01
    1.23857e-21         2.57480e+01    4.99234e-01
    1.23857e-21         2.40545e+01    4.99234e-01
    1.23857e-21         2.21142e+01    4.99234e-01
    1.23857e-21         2.09664e+01    4.99234e-01
    1.23857e-21         1.96894e+01    4.99234e-01
    1.23857e-21         1.82414e+01    4.99234e-01
    1.23857e-21         1.65544e+01    4.99234e-01
    1.23857e-21         1.55302e+01    4.99234e-01
    1.23857e-21         1.43665e+01    4.99234e-01
    1.23857e-21         1.30067e+01    4.99234e-01
    1.23857e-21         1.21771e+01    4.99234e-01
    1.23857e-21         1.12307e+01    4.99234e-01
    1.23857e-21         1.01181e+01    4.99234e-01
    1.23857e-21         9.43267e+00    4.99234e-01
    1.23857e-21         8.64404e+00    4.99234e-01
    1.23857e-21         8.17450e+00    4.99234e-01
    1.23857e-21         7.64947e+00    4.99234e-01
    1.23857e-21         7.04988e+00    4.99234e-01
    1.23857e-21         6.69693e+00    4.99234e-01
    1.23857e-21         6.30579e+00    4.99234e-01
    1.23857e-21         5.86463e+00    4.99234e-01
    1.23857e-21         5.35460e+00    4.99234e-01
    1.23857e-21         5.04868e+00    4.99234e-01
    1.23857e-21         4.70458e+00    4.99234e-01
    1.23857e-21         4.30829e+00    4.99234e-01
    1.23857e-21         4.07202e+00    4.99234e-01
    1.23857e-21         3.80754e+00    4.99234e-01
    1.23857e-21         3.50503e+00    4.99234e-01
    1.23857e-21         3.32654e+00    4.99234e-01
    1.23857e-21         3.12839e+00    4.99234e-01
    1.23857e-21         2.90434e+00    4.99234e-01
    1.23857e-21         2.64438e+00    4.99234e-01
    1.23857e-21         2.48760e+00    4.99234e-01
    1.23857e-21         2.31042e+00    4.99234e-01
    1.23857e-21         2.10503e+00    4.99234e-01
    1.23857e-21         1.98132e+00    4.99234e-01
    1.23857e-21         1.84168e+00    4.99234e-01
    1.23857e-21         1.68005e+00    4.99234e-01
    1.23857e-21         1.58294e+00    4.99234e-01
    1.23857e-21         1.47356e+00    4.99234e-01
    1.23857e-21         1.34733e+00    4.99234e-01
    1.23857e-21         1.27183e+00    4.99234e-01
    1.23857e-21         1.18710e+00    4.99234e-01
    1.23857e-21         1.08985e+00    4.99234e-01
    1.23857e-21         1.03216e+00    4.99234e-01
    1.23857e-21         9.67843e-01    4.99234e-01
    1.23857e-21         8.94690e-01    4.99234e-01
    1.23857e-21         8.09086e-01    4.99234e-01
    1.23857e-21         7.56748e-01    4.99234e-01
    1.23857e-21         6.96919e-01    4.99234e-01
    1.23857e-21         6.61648e-01    4.99234e-01
    1.23857e-21         6.22517e-01    4.99234e-01
    1.23857e-21         5.78311e-01    4.99234e-01
    1.23857e-21         5.27089e-01    4.99234e-01
    1.23857e-21         4.96258e-01    4.99234e-01
    1.23857e-21         4.61478e-01    4.99234e-01
    1.23857e-21         4.21257e-01    4.99234e-01
    1.23857e-21         3.97124e-01    4.99234e-01
    1.23857e-21         3.69967e-01    4.99234e-01
    1.23857e-21         3.38678e-01    4.99234e-01
    1.23857e-21         3.20009e-01    4.99234e-01
    1.23857e-21         2.99099e-01    4.99234e-01
    1.23857e-21         2.75162e-01    4.99234e-01
    1.23857e-21         2.61021e-01    4.99234e-01
    1.23857e-21         2.45306e-01    4.99234e-01
    1.23857e-21         2.27514e-01    4.99234e-01
    1.23857e-21         2.06829e-01    4.99234e-01
    1.23857e-21         1.94315e-01    4.99234e-01
    1.23857e-21         1.80137e-01    4.99234e-01
    1.23857e-21         1.63639e-01    4.99234e-01
    1.23857e-21         1.53643e-01    4.99234e-01
    1.23857e-21         1.42304e-01    4.99234e-01
    1.23857e-21         1.29086e-01    4.99234e-01
    1.23857e-21         1.21054e-01    4.99234e-01
    1.23857e-21         1.11921e-01    4.99234e-01
    1.23857e-21         1.01237e-01    4.99234e-01
    1.23857e-21         9.47081e-02    4.99234e-01
    1.23857e-21         8.72476e-02    4.99234e-01
    1.23857e-21         8.28521e-02    4.99234e-01
    1.23857e-21         7.79779e-02    4.99234e-01
    1.23857e-21         7.24753e-02    4.99234e-01
    1.23857e-21         6.61055e-02    4.99234e-01
    1.23857e-21         6.22772e-02    4.99234e-01
    1.23857e-21         5.79638e-02    4.99234e-01
    1.23857e-21         5.29845e-02    4.99234e-01
    1.23857e-21         5.00049e-02    4.99234e-01
    1.23857e-21         4.66597e-02    4.99234e-01
    1.23857e-21         4.28176e-02    4.99234e-01
    1.23857e-21         4.05363e-02    4.99234e-01
    1.23857e-21         3.79911e-02    4.99234e-01
    1.23857e-21         3.50933e-02    4.99234e-01
    1.23857e-21         3.16973e-02    4.99234e-01
    1.23857e-21         2.96160e-02    4.99234e-01
    1.23857e-21         2.72318e-02    4.99234e-01
    1.23857e-21         2.58218e-02    4.99234e-01
    1.23857e-21         2.42537e-02    4.99234e-01
    1.23857e-21         2.24762e-02    4.99234e-01
    1.23857e-21         2.04065e-02    4.99234e-01
    1.23857e-21         1.91510e-02    4.99234e-01
    1.23857e-21         1.77256e-02    4.99234e-01
    1.23857e-21         1.60617e-02    4.99234e-01
    1.23857e-21         1.50485e-02    4.99234e-01
    1.23857e-21         1.38942e-02    4.99234e-01
    1.23857e-21         1.25401e-02    4.99234e-01
    1.23857e-21         1.17090e-02    4.99234e-01
    1.23857e-21         1.07557e-02    4.99234e-01
    1.23857e-21         1.01908e-02    4.99234e-01
    1.23857e-21         9.56155e-03    4.99234e-01
    1.23857e-21         8.84675e-03    4.99234e-01
    1.23857e-21         8.01178e-03    4.99234e-01
    1.23857e-21         7.50274e-03    4.99234e-01
    1.23857e-21         6.92228e-03    4.99234e-01
    1.23857e-21         6.24039e-03    4.99234e-01
    1.23857e-21         5.82087e-03    4.99234e-01
    1.23857e-21         5.33869e-03    4.99234e-01
    1.23857e-21         5.05209e-03    4.99234e-01
    1.23857e-21         4.73205e-03    4.99234e-01
    1.23857e-21         4.36725e-03    4.99234e-01
    1.23857e-21         3.93896e-03    4.99234e-01
    1.23857e-21         3.67572e-03    4.99234e-01
    1.23857e-21         3.37342e-03    4.99234e-01
    1.23857e-21         3.19397e-03    4.99234e-01
    1.23857e-21         2.99378e-03    4.99234e-01
    1.23857e-21         2.76593e-03    4.99234e-01
    1.23857e-21         2.49900e-03    4.99234e-01
    1.23857e-21         2.33549e-03    4.99234e-01
    1.23857e-21         2.14830e-03    4.99234e-01
    1.23857e-21         2.03767e-03    4.99234e-01
    1.23857e-21         1.91471e-03    4.99234e-01
    1.23857e-21         1.77546e-03    4.99234e-01
    1.23857e-21         1.61349e-03    4.99234e-01
    1.23857e-21         1.51544e-03    4.99234e-01
    1.23857e-21         1.40429e-03    4.99234e-01
    1.23857e-21         1.27484e-03    4.99234e-01
    1.23857e-21         1.19631e-03    4.99234e-01
    1.23857e-21         1.10712e-03    4.99234e-01
    1.23857e-21         1.00299e-03    4.99234e-01
    1.23857e-21         9.39556e-04    4.99234e-01
    1.23857e-21         8.67264e-04    4.99234e-01
    1.23857e-21         7.82416e-04    4.99234e-01
    1.23857e-21         7.30293e-04    4.99234e-01
    1.23857e-21         6.70463e-04    4.99234e-01
    1.23857e-21         6.34971e-04    4.99234e-01
    1.23857e-21         5.95401e-04    4.99234e-01
    1.23857e-21         5.50395e-04    4.99234e-01
    1.23857e-21         4.97729e-04    4.99234e-01
    1.23857e-21         4.65529e-04    4.99234e-01
    1.23857e-21         4.28719e-04    4.99234e-01
    1.23857e-21         4.07019e-04    4.99234e-01
    1.23857e-21         3.82942e-04    4.99234e-01
    1.23857e-21         3.55743e-04    4.99234e-01
    1.23857e-21         3.24226e-04    4.99234e-01
    1.23857e-21         3.05255e-04    4.99234e-01
    1.23857e-21         2.83852e-04    4.99234e-01
    1.23857e-21         2.59101e-04    4.99234e-01
    1.23857e-21         2.44247e-04    4.99234e-01
    1.23857e-21         2.27532e-04    4.99234e-01
    1.23857e-21         2.08272e-04    4.99234e-01
    1.23857e-21         1.96778e-04    4.99234e-01
    1.23857e-21         1.83902e-04    4.99234e-01
    1.23857e-21         1.69160e-04    4.99234e-01
    1.23857e-21         1.60448e-04    4.99234e-01
    1.23857e-21         1.50764e-04    4.99234e-01
    1.23857e-21         1.39797e-04    4.99234e-01
    1.23857e-21         1.27041e-04    4.99234e-01
    1.23857e-21         1.19318e-04    4.99234e-01
    1.23857e-21         1.10563e-04    4.99234e-01
    1.23857e-21         1.00367e-04    4.99234e-01
    1.23857e-21         9.41803e-05    4.99234e-01
    1.23857e-21         8.71541e-05    4.99234e-01
    1.23857e-21         7.89494e-05    4.99234e-01
    1.23857e-21         7.39500e-05    4.99234e-01
    1.23857e-21         6.82519e-05    4.99234e-01
    1.23857e-21         6.15626e-05    4.99234e-01
    1.23857e-21         5.74516e-05    4.99234e-01
    1.23857e-21         5.27312e-05    4.99234e-01
    1.23857e-21         4.99296e-05    4.99234e-01
    1.23857e-21         4.68047e-05    4.99234e-01
    1.23857e-21         4.32486e-05    4.99234e-01
    1.23857e-21         3.90837e-05    4.99234e-01
    1.23857e-21         3.65337e-05    4.99234e-01
    1.23857e-21         3.36154e-05    4.99234e-01
    1.23857e-21         3.18919e-05    4.99234e-01
    1.23857e-21         2.99771e-05    4.99234e-01
    1.23857e-21         2.78098e-05    4.99234e-01
    1.23857e-21         2.52916e-05    4.99234e-01


