              t                   M              a
    1.23833e-21         1.00000e+17    8.00000e-01
    2.47665e-21         1.00000e+17    8.00000e-01
    4.95331e-21         1.00000e+17    8.00000e-01
    9.90662e-21         1.00000e+17    8.00000e-01
    1.98132e-20         1.00000e+17    8.00000e-01
    3.96265e-20         1.00000e+17    8.00000e-01
    7.92530e-20         1.00000e+17    8.00000e-01
    1.58506e-19         1.00000e+17    8.00000e-01
    3.17012e-19         1.00000e+17    8.00000e-01
    6.34024e-19         1.00000e+17    8.00000e-01
    1.26805e-18         1.00000e+17    8.00000e-01
    2.53609e-18         1.00000e+17    8.00000e-01
    5.07219e-18         1.00000e+17    8.00000e-01
    1.01444e-17         1.00000e+17    8.00000e-01
    2.02888e-17         1.00000e+17    8.00000e-01
    4.05775e-17         1.00000e+17    8.00000e-01
    8.11550e-17         1.00000e+17    8.00000e-01
    1.62310e-16         1.00000e+17    8.00000e-01
    3.24620e-16         1.00000e+17    8.00000e-01
    6.49240e-16         1.00000e+17    8.00000e-01
    1.29848e-15         1.00000e+17    8.00000e-01
    2.59696e-15         1.00000e+17    8.00000e-01
    5.19392e-15         1.00000e+17    8.00000e-01
    1.03878e-14         1.00000e+17    8.00000e-01
    2.07757e-14         1.00000e+17    8.00000e-01
    4.15514e-14         1.00000e+17    8.00000e-01
    8.31027e-14         1.00000e+17    8.00000e-01
    1.66205e-13         1.00000e+17    8.00000e-01
    3.32411e-13         1.00000e+17    8.00000e-01
    6.64822e-13         1.00000e+17    8.00000e-01
    1.32964e-12         1.00000e+17    8.00000e-01
    2.65929e-12         1.00000e+17    8.00000e-01
    5.31858e-12         1.00000e+17    8.00000e-01
    1.06372e-11         1.00000e+17    8.00000e-01
    2.12743e-11         1.00000e+17    8.00000e-01
    4.25486e-11         1.00000e+17    8.00000e-01
    8.50972e-11         1.00000e+17    8.00000e-01
    1.70194e-10         1.00000e+17    8.00000e-01
    3.40389e-10         1.00000e+17    8.00000e-01
    6.80778e-10         1.00000e+17    8.00000e-01
    1.36156e-09         1.00000e+17    8.00000e-01
    2.72311e-09         1.00000e+17    8.00000e-01
    5.44622e-09         1.00000e+17    8.00000e-01
    1.08924e-08         1.00000e+17    8.00000e-01
    2.17849e-08         1.00000e+17    8.00000e-01
    4.35698e-08         1.00000e+17    8.00000e-01
    8.71395e-08         1.00000e+17    8.00000e-01
    1.74279e-07         1.00000e+17    8.00000e-01
    3.48558e-07         1.00000e+17    8.00000e-01
    6.97116e-07         1.00000e+17    8.00000e-01
    1.39423e-06         1.00000e+17    8.00000e-01
    2.78847e-06         1.00000e+17    8.00000e-01
    5.57693e-06         1.00000e+17    8.00000e-01
    1.11539e-05         1.00000e+17    8.00000e-01
    2.23077e-05         1.00000e+17    8.00000e-01
    4.46154e-05         1.00000e+17    8.00000e-01
    8.92309e-05         1.00000e+17    8.00000e-01
    1.78462e-04         1.00000e+17    8.00000e-01
    3.56924e-04         1.00000e+17    8.00000e-01
    7.13847e-04         1.00000e+17    8.00000e-01
    1.42769e-03         1.00000e+17    8.00000e-01
    2.85539e-03         1.00000e+17    8.00000e-01
    5.71078e-03         1.00000e+17    8.00000e-01
    1.14216e-02         1.00000e+17    8.00000e-01
    2.28431e-02         1.00000e+17    8.00000e-01
    4.56862e-02         1.00000e+17    8.00000e-01
    9.13724e-02         1.00000e+17    8.00000e-01
    1.82745e-01         1.00000e+17    8.00000e-01
    3.65490e-01         1.00000e+17    8.00000e-01
    7.30979e-01         1.00000e+17    8.00000e-01
    1.46196e+00         1.00000e+17    8.00000e-01
    2.92392e+00         1.00000e+17    8.00000e-01
    5.84784e+00         1.00000e+17    8.00000e-01
    1.16957e+01         1.00000e+17    8.00000e-01
    2.33913e+01         1.00000e+17    8.00000e-01
    4.67827e+01         1.00000e+17    8.00000e-01
    9.35654e+01         1.00000e+17    8.00000e-01
    1.87131e+02         1.00000e+17    8.00000e-01
    3.74261e+02         1.00000e+17    8.00000e-01
    7.48523e+02         1.00000e+17    8.00000e-01
    1.49705e+03         1.00000e+17    8.00000e-01
    2.99409e+03         1.00000e+17    8.00000e-01
    5.98818e+03         1.00000e+17    8.00000e-01
    1.19764e+04         1.00000e+17    8.00000e-01
    2.39527e+04         1.00000e+17    8.00000e-01
    4.79055e+04         1.00000e+17    8.00000e-01
    9.58109e+04         1.00000e+17    8.00000e-01
    1.91622e+05         1.00000e+17    8.00000e-01
    3.83244e+05         1.00000e+17    8.00000e-01
    7.66488e+05         1.00000e+17    8.00000e-01
    1.53298e+06         1.00000e+17    8.00000e-01
    3.06595e+06         1.00000e+17    8.00000e-01
    6.13190e+06         1.00000e+17    8.00000e-01
    1.22638e+07         1.00000e+17    8.00000e-01
    2.45276e+07         1.00000e+17    8.00000e-01
    4.90552e+07         1.00000e+17    8.00000e-01
    9.81104e+07         1.00000e+17    8.00000e-01
    1.96221e+08         1.00000e+17    8.00000e-01
    3.92442e+08         1.00000e+17    8.00000e-01
    7.84883e+08         1.00000e+17    8.00000e-01
    1.56977e+09         1.00000e+17    8.00000e-01
    3.13953e+09         1.00000e+17    8.00000e-01
    6.27907e+09         1.00000e+17    8.00000e-01
    1.25581e+10         1.00000e+17    8.00000e-01
    2.51163e+10         1.00000e+17    8.00000e-01
    5.02325e+10         1.00000e+17    8.00000e-01
    1.00465e+11         1.00000e+17    8.00000e-01
    2.00930e+11         1.00000e+17    8.00000e-01
    4.01860e+11         1.00000e+17    8.00000e-01
    8.03720e+11         1.00000e+17    8.00000e-01
    1.60744e+12         1.00000e+17    8.00000e-01
    3.21488e+12         1.00000e+17    8.00000e-01
    6.42976e+12         1.00000e+17    8.00000e-01
    1.28595e+13         1.00000e+17    8.00000e-01
    2.57191e+13         1.00000e+17    8.00000e-01
    5.14381e+13         1.00000e+17    8.00000e-01
    1.02876e+14         1.00000e+17    8.00000e-01
    2.05752e+14         1.00000e+17    8.00000e-01
    4.11505e+14         1.00000e+17    8.00000e-01
    8.23010e+14         1.00000e+17    8.00000e-01
    1.64602e+15         1.00000e+17    8.00000e-01
    3.29204e+15         1.00000e+17    8.00000e-01
    6.58408e+15         1.00000e+17    8.00000e-01
    1.31682e+16         1.00000e+17    8.00000e-01
    2.63363e+16         1.00000e+17    8.00000e-01
    5.26726e+16         1.00000e+17    8.00000e-01
    1.05345e+17         1.00000e+17    8.00000e-01
    2.10690e+17         1.00000e+17    8.00000e-01
    4.21381e+17         1.00000e+17    8.00000e-01
    8.42762e+17         1.00000e+17    7.99999e-01
    1.68552e+18         9.99999e+16    7.99999e-01
    3.37105e+18         9.99998e+16    7.99998e-01
    6.74210e+18         9.99996e+16    7.99995e-01
    1.34842e+19         9.99993e+16    7.99991e-01
    2.69684e+19         9.99986e+16    7.99982e-01
    5.39368e+19         9.99972e+16    7.99964e-01
    1.07874e+20         9.99943e+16    7.99928e-01
    2.15747e+20         9.99887e+16    7.99856e-01
    4.31494e+20         9.99774e+16    7.99711e-01
    8.62988e+20         9.99547e+16    7.99422e-01
    1.72598e+21         9.99095e+16    7.98845e-01
    3.45195e+21         9.98193e+16    7.97691e-01
    6.90391e+21         9.96393e+16    7.95389e-01
    1.38078e+22         9.92816e+16    7.90803e-01
    2.76156e+22         9.85739e+16    7.81702e-01
    4.14234e+22         9.78814e+16    7.72727e-01
    5.52312e+22         9.72046e+16    7.63882e-01
    6.90391e+22         9.65438e+16    7.55171e-01
    8.28469e+22         9.58993e+16    7.46594e-01
    9.66547e+22         9.52614e+16    7.38091e-01
    1.10462e+23         9.46276e+16    7.29633e-01
    1.24270e+23         9.40009e+16    7.21254e-01
    1.38078e+23         9.33813e+16    7.12955e-01
    1.51886e+23         9.27667e+16    7.04741e-01
    1.65694e+23         9.21558e+16    6.96596e-01
    1.79502e+23         9.15486e+16    6.88521e-01
    1.93309e+23         9.09454e+16    6.80518e-01
    2.07117e+23         9.03449e+16    6.72574e-01
    2.20925e+23         8.97453e+16    6.64672e-01
    2.34733e+23         8.91467e+16    6.56812e-01
    2.48541e+23         8.85490e+16    6.48994e-01
    2.62348e+23         8.79522e+16    6.41218e-01
    2.76156e+23         8.73557e+16    6.33479e-01
    2.89964e+23         8.67585e+16    6.25771e-01
    3.03772e+23         8.61612e+16    6.18095e-01
    3.17580e+23         8.55639e+16    6.10452e-01
    3.31387e+23         8.49666e+16    6.02842e-01
    3.45195e+23         8.43663e+16    5.95207e-01
    3.59003e+23         8.37640e+16    5.87554e-01
    3.72811e+23         8.31596e+16    5.79883e-01
    3.86619e+23         8.25530e+16    5.72193e-01
    4.00427e+23         8.19445e+16    5.64497e-01
    4.14234e+23         8.13328e+16    5.56798e-01
    4.28042e+23         8.07178e+16    5.49096e-01
    4.41850e+23         8.00994e+16    5.41392e-01
    4.55658e+23         7.94776e+16    5.33685e-01
    4.69466e+23         7.88504e+16    5.25947e-01
    4.83273e+23         7.82185e+16    5.18219e-01
    4.97081e+23         7.75819e+16    5.10501e-01
    5.10889e+23         7.69404e+16    5.02791e-01
    5.24697e+23         7.62938e+16    4.95088e-01
    5.38505e+23         7.56414e+16    4.87386e-01
    5.52312e+23         7.49820e+16    4.79652e-01
    5.66120e+23         7.43152e+16    4.71885e-01
    5.79928e+23         7.36409e+16    4.64083e-01
    5.93736e+23         7.29588e+16    4.56247e-01
    6.07544e+23         7.22683e+16    4.48386e-01
    6.21352e+23         7.15687e+16    4.40486e-01
    6.35159e+23         7.08597e+16    4.32545e-01
    6.48967e+23         7.01410e+16    4.24561e-01
    6.62775e+23         6.94114e+16    4.16523e-01
    6.76583e+23         6.86700e+16    4.08429e-01
    6.90391e+23         6.79164e+16    4.00277e-01
    7.04198e+23         6.71500e+16    3.92063e-01
    7.18006e+23         6.63700e+16    3.83785e-01
    7.31814e+23         6.55756e+16    3.75447e-01
    7.45622e+23         6.47655e+16    3.67028e-01
    7.59430e+23         6.39388e+16    3.58522e-01
    7.73237e+23         6.30946e+16    3.49925e-01
    7.87045e+23         6.22313e+16    3.41230e-01
    8.00853e+23         6.13471e+16    3.32420e-01
    8.14661e+23         6.04409e+16    3.23491e-01
    8.28469e+23         5.95113e+16    3.14435e-01
    8.42277e+23         5.85562e+16    3.05249e-01
    8.56084e+23         5.75729e+16    2.95908e-01
    8.69892e+23         5.65591e+16    2.86400e-01
    8.83700e+23         5.55120e+16    2.76706e-01
    8.97508e+23         5.44288e+16    2.66834e-01
    9.11316e+23         5.33050e+16    2.56730e-01
    9.25123e+23         5.21362e+16    2.46375e-01
    9.38931e+23         5.09175e+16    2.35743e-01
    9.52739e+23         4.96430e+16    2.24837e-01
    9.66547e+23         4.83043e+16    2.13571e-01
    9.80355e+23         4.68925e+16    2.01907e-01
    9.94162e+23         4.53961e+16    1.89818e-01
    1.00797e+24         4.38018e+16    1.77269e-01
    1.02178e+24         4.20911e+16    1.64186e-01
    1.03559e+24         4.02357e+16    1.50423e-01
    1.04939e+24         3.82029e+16    1.35911e-01
    1.05630e+24         3.70715e+16    1.28186e-01
    1.06320e+24         3.58662e+16    1.20174e-01
    1.07011e+24         3.45720e+16    1.11814e-01
    1.07701e+24         3.31718e+16    1.03054e-01
    1.08391e+24         3.16410e+16    9.38149e-02
    1.08737e+24         3.07929e+16    8.88811e-02
    1.09082e+24         2.98859e+16    8.36676e-02
    1.09427e+24         2.89162e+16    7.82065e-02
    1.09772e+24         2.78725e+16    7.24683e-02
    1.10117e+24         2.67325e+16    6.63260e-02
    1.10462e+24         2.54732e+16    5.97099e-02
    1.10635e+24         2.47646e+16    5.60866e-02
    1.10808e+24         2.40054e+16    5.22711e-02
    1.10980e+24         2.31871e+16    4.82462e-02
    1.11153e+24         2.22985e+16    4.39919e-02
    1.11239e+24         2.18114e+16    4.17377e-02
    1.11325e+24         2.12971e+16    3.93991e-02
    1.11412e+24         2.07518e+16    3.69695e-02
    1.11498e+24         2.01710e+16    3.44425e-02
    1.11584e+24         1.95488e+16    3.18099e-02
    1.11671e+24         1.88776e+16    2.90617e-02
    1.11757e+24         1.81476e+16    2.61888e-02
    1.11800e+24         1.77466e+16    2.46860e-02
    1.11843e+24         1.73237e+16    2.31458e-02
    1.11886e+24         1.68761e+16    2.15664e-02
    1.11930e+24         1.64008e+16    1.99506e-02
    1.11973e+24         1.58936e+16    1.82983e-02
    1.12016e+24         1.53492e+16    1.66073e-02
    1.12037e+24         1.50537e+16    1.57361e-02
    1.12059e+24         1.47444e+16    1.48498e-02
    1.12081e+24         1.44197e+16    1.39479e-02
    1.12102e+24         1.40774e+16    1.30294e-02
    1.12124e+24         1.37150e+16    1.20916e-02
    1.12145e+24         1.33295e+16    1.11339e-02
    1.12167e+24         1.29170e+16    1.01557e-02
    1.12188e+24         1.24722e+16    9.15239e-03
    1.12199e+24         1.22304e+16    8.63779e-03
    1.12210e+24         1.19770e+16    8.11599e-03
    1.12221e+24         1.17111e+16    7.58773e-03
    1.12232e+24         1.14310e+16    7.05299e-03
    1.12242e+24         1.11350e+16    6.51170e-03
    1.12253e+24         1.08204e+16    5.96296e-03
    1.12264e+24         1.04836e+16    5.40425e-03
    1.12269e+24         1.03020e+16    5.11996e-03
    1.12275e+24         1.01128e+16    4.83294e-03
    1.12280e+24         9.91523e+15    4.54319e-03
    1.12286e+24         9.70829e+15    4.25073e-03
    1.12291e+24         9.49093e+15    3.95560e-03
    1.12296e+24         9.26185e+15    3.65787e-03
    1.12302e+24         9.01989e+15    3.35848e-03
    1.12307e+24         8.76334e+15    3.05790e-03
    1.12313e+24         8.48994e+15    2.75633e-03
    1.12315e+24         8.34325e+15    2.60493e-03
    1.12318e+24         8.19076e+15    2.45308e-03
    1.12321e+24         8.03187e+15    2.30080e-03
    1.12323e+24         7.86592e+15    2.14815e-03
    1.12326e+24         7.69219e+15    1.99527e-03
    1.12329e+24         7.50980e+15    1.84231e-03
    1.12331e+24         7.31766e+15    1.68932e-03
    1.12334e+24         7.11443e+15    1.53643e-03
    1.12337e+24         6.89861e+15    1.38393e-03
    1.12338e+24         6.78339e+15    1.30799e-03
    1.12339e+24         6.66397e+15    1.23217e-03
    1.12341e+24         6.54000e+15    1.15653e-03
    1.12342e+24         6.41110e+15    1.08119e-03
    1.12344e+24         6.27678e+15    1.00617e-03
    1.12345e+24         6.13643e+15    0.00000e+00
    1.12346e+24         5.98935e+15    0.00000e+00
    1.12348e+24         5.83468e+15    0.00000e+00
    1.12349e+24         5.67139e+15    0.00000e+00
    1.12350e+24         5.49821e+15    0.00000e+00
    1.12352e+24         5.31363e+15    0.00000e+00
    1.12353e+24         5.11564e+15    0.00000e+00
    1.12354e+24         4.90166e+15    0.00000e+00
    1.12356e+24         4.66820e+15    0.00000e+00
    1.12357e+24         4.41042e+15    0.00000e+00
    1.12358e+24         4.12127e+15    0.00000e+00
    1.12360e+24         3.78965e+15    0.00000e+00
    1.12360e+24         3.59327e+15    0.00000e+00
    1.12361e+24         3.37469e+15    0.00000e+00
    1.12362e+24         3.12675e+15    0.00000e+00
    1.12362e+24         2.83775e+15    0.00000e+00
    1.12363e+24         2.66222e+15    0.00000e+00
    1.12363e+24         2.46271e+15    0.00000e+00
    1.12363e+24         2.22953e+15    0.00000e+00
    1.12364e+24         2.08724e+15    0.00000e+00
    1.12364e+24         1.92487e+15    0.00000e+00
    1.12364e+24         1.73393e+15    0.00000e+00
    1.12364e+24         1.61626e+15    0.00000e+00
    1.12364e+24         1.48082e+15    0.00000e+00
    1.12364e+24         1.40012e+15    0.00000e+00
    1.12364e+24         1.30983e+15    0.00000e+00
    1.12364e+24         1.20663e+15    0.00000e+00
    1.12364e+24         1.14576e+15    0.00000e+00
    1.12364e+24         1.07815e+15    0.00000e+00
    1.12364e+24         1.00164e+15    0.00000e+00
    1.12364e+24         9.12703e+14    0.00000e+00
    1.12364e+24         8.58854e+14    0.00000e+00
    1.12364e+24         7.97721e+14    0.00000e+00
    1.12364e+24         7.26201e+14    0.00000e+00
    1.12364e+24         6.82378e+14    0.00000e+00
    1.12364e+24         6.32154e+14    0.00000e+00
    1.12364e+24         5.72477e+14    0.00000e+00
    1.12364e+24         5.34895e+14    0.00000e+00
    1.12364e+24         4.90937e+14    0.00000e+00
    1.12364e+24         4.64125e+14    0.00000e+00
    1.12364e+24         4.33532e+14    0.00000e+00
    1.12364e+24         3.97630e+14    0.00000e+00
    1.12364e+24         3.75695e+14    0.00000e+00
    1.12364e+24         3.50756e+14    0.00000e+00
    1.12364e+24         3.21603e+14    0.00000e+00
    1.12364e+24         3.03843e+14    0.00000e+00
    1.12364e+24         2.83672e+14    0.00000e+00
    1.12364e+24         2.60239e+14    0.00000e+00
    1.12364e+24         2.46153e+14    0.00000e+00
    1.12364e+24         2.30306e+14    0.00000e+00
    1.12364e+24         2.12084e+14    0.00000e+00
    1.12364e+24         2.01280e+14    0.00000e+00
    1.12364e+24         1.89258e+14    0.00000e+00
    1.12364e+24         1.75624e+14    0.00000e+00
    1.12364e+24         1.59751e+14    0.00000e+00
    1.12364e+24         1.50138e+14    0.00000e+00
    1.12364e+24         1.39244e+14    0.00000e+00
    1.12364e+24         1.26569e+14    0.00000e+00
    1.12364e+24         1.18892e+14    0.00000e+00
    1.12364e+24         1.10187e+14    0.00000e+00
    1.12364e+24         1.00048e+14    0.00000e+00
    1.12364e+24         9.38959e+13    0.00000e+00
    1.12364e+24         8.69058e+13    0.00000e+00
    1.12364e+24         7.87359e+13    0.00000e+00
    1.12364e+24         7.37496e+13    0.00000e+00
    1.12364e+24         6.80541e+13    0.00000e+00
    1.12364e+24         6.13408e+13    0.00000e+00
    1.12364e+24         5.71854e+13    0.00000e+00
    1.12364e+24         5.23740e+13    0.00000e+00
    1.12364e+24         4.94744e+13    0.00000e+00
    1.12364e+24         4.61964e+13    0.00000e+00
    1.12364e+24         4.23903e+13    0.00000e+00
    1.12364e+24         4.00982e+13    0.00000e+00
    1.12364e+24         3.75055e+13    0.00000e+00
    1.12364e+24         3.44984e+13    0.00000e+00
    1.12364e+24         3.26919e+13    0.00000e+00
    1.12364e+24         3.06619e+13    0.00000e+00
    1.12364e+24         2.83257e+13    0.00000e+00
    1.12364e+24         2.55535e+13    0.00000e+00
    1.12364e+24         2.38248e+13    0.00000e+00
    1.12364e+24         2.18198e+13    0.00000e+00
    1.12364e+24         2.06140e+13    0.00000e+00
    1.12364e+24         1.92553e+13    0.00000e+00
    1.12364e+24         1.76869e+13    0.00000e+00
    1.12364e+24         1.67487e+13    0.00000e+00
    1.12364e+24         1.56959e+13    0.00000e+00
    1.12364e+24         1.44884e+13    0.00000e+00
    1.12364e+24         1.30558e+13    0.00000e+00
    1.12364e+24         1.21584e+13    0.00000e+00
    1.12364e+24         1.11133e+13    0.00000e+00
    1.12364e+24         1.04795e+13    0.00000e+00
    1.12364e+24         9.76071e+12    0.00000e+00
    1.12364e+24         8.92451e+12    0.00000e+00
    1.12364e+24         8.41993e+12    0.00000e+00
    1.12364e+24         7.85095e+12    0.00000e+00
    1.12364e+24         7.19345e+12    0.00000e+00
    1.12364e+24         6.80000e+12    0.00000e+00
    1.12364e+24         6.35879e+12    0.00000e+00
    1.12364e+24         5.85329e+12    0.00000e+00
    1.12364e+24         5.55433e+12    0.00000e+00
    1.12364e+24         5.22196e+12    0.00000e+00
    1.12364e+24         4.84555e+12    0.00000e+00
    1.12364e+24         4.40799e+12    0.00000e+00
    1.12364e+24         4.14342e+12    0.00000e+00
    1.12364e+24         3.84384e+12    0.00000e+00
    1.12364e+24         3.49559e+12    0.00000e+00
    1.12364e+24         3.28497e+12    0.00000e+00
    1.12364e+24         3.04643e+12    0.00000e+00
    1.12364e+24         2.76903e+12    0.00000e+00
    1.12364e+24         2.60112e+12    0.00000e+00
    1.12364e+24         2.41082e+12    0.00000e+00
    1.12364e+24         2.18927e+12    0.00000e+00
    1.12364e+24         2.05494e+12    0.00000e+00
    1.12364e+24         1.90246e+12    0.00000e+00
    1.12364e+24         1.72455e+12    0.00000e+00
    1.12364e+24         1.61628e+12    0.00000e+00
    1.12364e+24         1.49301e+12    0.00000e+00
    1.12364e+24         1.34851e+12    0.00000e+00
    1.12364e+24         1.25991e+12    0.00000e+00
    1.12364e+24         1.15835e+12    0.00000e+00
    1.12364e+24         1.09821e+12    0.00000e+00
    1.12364e+24         1.03124e+12    0.00000e+00
    1.12364e+24         9.55174e+11    0.00000e+00
    1.12364e+24         8.66261e+11    0.00000e+00
    1.12364e+24         8.11957e+11    0.00000e+00
    1.12364e+24         7.49927e+11    0.00000e+00
    1.12364e+24         6.76915e+11    0.00000e+00
    1.12364e+24         6.31859e+11    0.00000e+00
    1.12364e+24         5.79962e+11    0.00000e+00
    1.12364e+24         5.49038e+11    0.00000e+00
    1.12364e+24         5.14433e+11    0.00000e+00
    1.12364e+24         4.74879e+11    0.00000e+00
    1.12364e+24         4.28267e+11    0.00000e+00
    1.12364e+24         3.99420e+11    0.00000e+00
    1.12364e+24         3.66043e+11    0.00000e+00
    1.12364e+24         3.45996e+11    0.00000e+00
    1.12364e+24         3.23430e+11    0.00000e+00
    1.12364e+24         2.97361e+11    0.00000e+00
    1.12364e+24         2.81745e+11    0.00000e+00
    1.12364e+24         2.64209e+11    0.00000e+00
    1.12364e+24         2.44101e+11    0.00000e+00
    1.12364e+24         2.20354e+11    0.00000e+00
    1.12364e+24         2.05624e+11    0.00000e+00
    1.12364e+24         1.88613e+11    0.00000e+00
    1.12364e+24         1.78456e+11    0.00000e+00
    1.12364e+24         1.67075e+11    0.00000e+00
    1.12364e+24         1.54054e+11    0.00000e+00
    1.12364e+24         1.38694e+11    0.00000e+00
    1.12364e+24         1.29197e+11    0.00000e+00
    1.12364e+24         1.18237e+11    0.00000e+00
    1.12364e+24         1.11686e+11    0.00000e+00
    1.12364e+24         1.04339e+11    0.00000e+00
    1.12364e+24         9.59158e+10    0.00000e+00
    1.12364e+24         9.09297e+10    0.00000e+00
    1.12364e+24         8.53800e+10    0.00000e+00
    1.12364e+24         7.90836e+10    0.00000e+00
    1.12364e+24         7.17427e+10    0.00000e+00
    1.12364e+24         6.72817e+10    0.00000e+00
    1.12364e+24         6.22088e+10    0.00000e+00
    1.12364e+24         5.62741e+10    0.00000e+00
    1.12364e+24         5.26475e+10    0.00000e+00
    1.12364e+24         4.85038e+10    0.00000e+00
    1.12364e+24         4.60627e+10    0.00000e+00
    1.12364e+24         4.33560e+10    0.00000e+00
    1.12364e+24         4.03007e+10    0.00000e+00
    1.12364e+24         3.67644e+10    0.00000e+00
    1.12364e+24         3.46397e+10    0.00000e+00
    1.12364e+24         3.22464e+10    0.00000e+00
    1.12364e+24         2.94846e+10    0.00000e+00
    1.12364e+24         2.78328e+10    0.00000e+00
    1.12364e+24         2.59792e+10    0.00000e+00
    1.12364e+24         2.38516e+10    0.00000e+00
    1.12364e+24         2.25896e+10    0.00000e+00
    1.12364e+24         2.11826e+10    0.00000e+00
    1.12364e+24         1.95825e+10    0.00000e+00
    1.12364e+24         1.77101e+10    0.00000e+00
    1.12364e+24         1.65656e+10    0.00000e+00
    1.12364e+24         1.52574e+10    0.00000e+00
    1.12364e+24         1.44863e+10    0.00000e+00
    1.12364e+24         1.36310e+10    0.00000e+00
    1.12364e+24         1.26649e+10    0.00000e+00
    1.12364e+24         1.15459e+10    0.00000e+00
    1.12364e+24         1.08726e+10    0.00000e+00
    1.12364e+24         1.01134e+10    0.00000e+00
    1.12364e+24         9.23599e+09    0.00000e+00
    1.12364e+24         8.70993e+09    0.00000e+00
    1.12364e+24         8.11842e+09    0.00000e+00
    1.12364e+24         7.43757e+09    0.00000e+00
    1.12364e+24         7.03196e+09    0.00000e+00
    1.12364e+24         6.57822e+09    0.00000e+00
    1.12364e+24         6.05972e+09    0.00000e+00
    1.12364e+24         5.75421e+09    0.00000e+00
    1.12364e+24         5.41539e+09    0.00000e+00
    1.12364e+24         5.03286e+09    0.00000e+00
    1.12364e+24         4.58996e+09    0.00000e+00
    1.12364e+24         4.32371e+09    0.00000e+00
    1.12364e+24         4.02366e+09    0.00000e+00
    1.12364e+24         3.67719e+09    0.00000e+00
    1.12364e+24         3.46977e+09    0.00000e+00
    1.12364e+24         3.23682e+09    0.00000e+00
    1.12364e+24         2.96912e+09    0.00000e+00
    1.12364e+24         2.81005e+09    0.00000e+00
    1.12364e+24         2.63247e+09    0.00000e+00
    1.12364e+24         2.43011e+09    0.00000e+00
    1.12364e+24         2.19265e+09    0.00000e+00
    1.12364e+24         2.04681e+09    0.00000e+00
    1.12364e+24         1.87944e+09    0.00000e+00
    1.12364e+24         1.78019e+09    0.00000e+00
    1.12364e+24         1.66957e+09    0.00000e+00
    1.12364e+24         1.54380e+09    0.00000e+00
    1.12364e+24         1.39670e+09    0.00000e+00
    1.12364e+24         1.30685e+09    0.00000e+00
    1.12364e+24         1.20421e+09    0.00000e+00
    1.12364e+24         1.14377e+09    0.00000e+00
    1.12364e+24         1.07677e+09    0.00000e+00
    1.12364e+24         1.00118e+09    0.00000e+00
    1.12364e+24         9.13745e+08    0.00000e+00
    1.12364e+24         8.61259e+08    0.00000e+00
    1.12364e+24         8.02180e+08    0.00000e+00
    1.12364e+24         7.34080e+08    0.00000e+00
    1.12364e+24         6.93419e+08    0.00000e+00
    1.12364e+24         6.47849e+08    0.00000e+00
    1.12364e+24         5.95644e+08    0.00000e+00
    1.12364e+24         5.64765e+08    0.00000e+00
    1.12364e+24         5.30417e+08    0.00000e+00
    1.12364e+24         4.91477e+08    0.00000e+00
    1.12364e+24         4.46122e+08    0.00000e+00
    1.12364e+24         4.18598e+08    0.00000e+00
    1.12364e+24         3.87337e+08    0.00000e+00
    1.12364e+24         3.50826e+08    0.00000e+00
    1.12364e+24         3.28572e+08    0.00000e+00
    1.12364e+24         3.03203e+08    0.00000e+00
    1.12364e+24         2.73410e+08    0.00000e+00
    1.12364e+24         2.55091e+08    0.00000e+00
    1.12364e+24         2.34046e+08    0.00000e+00
    1.12364e+24         2.21545e+08    0.00000e+00
    1.12364e+24         2.07595e+08    0.00000e+00
    1.12364e+24         1.91707e+08    0.00000e+00
    1.12364e+24         1.73075e+08    0.00000e+00
    1.12364e+24         1.61646e+08    0.00000e+00
    1.12364e+24         1.48544e+08    0.00000e+00
    1.12364e+24         1.40786e+08    0.00000e+00
    1.12364e+24         1.32149e+08    0.00000e+00
    1.12364e+24         1.22347e+08    0.00000e+00
    1.12364e+24         1.10911e+08    0.00000e+00
    1.12364e+24         1.03953e+08    0.00000e+00
    1.12364e+24         9.60329e+07    0.00000e+00
    1.12364e+24         8.67521e+07    0.00000e+00
    1.12364e+24         8.10657e+07    0.00000e+00
    1.12364e+24         7.45536e+07    0.00000e+00
    1.12364e+24         7.07039e+07    0.00000e+00
    1.12364e+24         6.64236e+07    0.00000e+00
    1.12364e+24         6.15738e+07    0.00000e+00
    1.12364e+24         5.59300e+07    0.00000e+00
    1.12364e+24         5.25099e+07    0.00000e+00
    1.12364e+24         4.86297e+07    0.00000e+00
    1.12364e+24         4.41056e+07    0.00000e+00
    1.12364e+24         4.13557e+07    0.00000e+00
    1.12364e+24         3.82279e+07    0.00000e+00
    1.12364e+24         3.45674e+07    0.00000e+00
    1.12364e+24         3.23290e+07    0.00000e+00
    1.12364e+24         2.97699e+07    0.00000e+00
    1.12364e+24         2.82609e+07    0.00000e+00
    1.12364e+24         2.65864e+07    0.00000e+00
    1.12364e+24         2.46944e+07    0.00000e+00
    1.12364e+24         2.25013e+07    0.00000e+00
    1.12364e+24         2.11807e+07    0.00000e+00
    1.12364e+24         1.96902e+07    0.00000e+00
    1.12364e+24         1.79654e+07    0.00000e+00
    1.12364e+24         1.69296e+07    0.00000e+00
    1.12364e+24         1.57630e+07    0.00000e+00
    1.12364e+24         1.44175e+07    0.00000e+00
    1.12364e+24         1.36133e+07    0.00000e+00
    1.12364e+24         1.27112e+07    0.00000e+00
    1.12364e+24         1.16766e+07    0.00000e+00
    1.12364e+24         1.10635e+07    0.00000e+00
    1.12364e+24         1.03807e+07    0.00000e+00
    1.12364e+24         9.60501e+06    0.00000e+00
    1.12364e+24         8.69901e+06    0.00000e+00
    1.12364e+24         8.14673e+06    0.00000e+00
    1.12364e+24         7.51704e+06    0.00000e+00
    1.12364e+24         6.77743e+06    0.00000e+00
    1.12364e+24         6.32251e+06    0.00000e+00
    1.12364e+24         5.79978e+06    0.00000e+00
    1.12364e+24         5.48917e+06    0.00000e+00
    1.12364e+24         5.14241e+06    0.00000e+00
    1.12364e+24         4.74732e+06    0.00000e+00
    1.12364e+24         4.28372e+06    0.00000e+00
    1.12364e+24         3.99904e+06    0.00000e+00
    1.12364e+24         3.67238e+06    0.00000e+00
    1.12364e+24         3.47871e+06    0.00000e+00
    1.12364e+24         3.26286e+06    0.00000e+00
    1.12364e+24         3.01752e+06    0.00000e+00
    1.12364e+24         2.73066e+06    0.00000e+00
    1.12364e+24         2.55550e+06    0.00000e+00
    1.12364e+24         2.35552e+06    0.00000e+00
    1.12364e+24         2.12014e+06    0.00000e+00
    1.12364e+24         1.97487e+06    0.00000e+00
    1.12364e+24         1.80744e+06    0.00000e+00
    1.12364e+24         1.70749e+06    0.00000e+00
    1.12364e+24         1.59551e+06    0.00000e+00
    1.12364e+24         1.46725e+06    0.00000e+00
    1.12364e+24         1.39142e+06    0.00000e+00
    1.12364e+24         1.30709e+06    0.00000e+00
    1.12364e+24         1.21154e+06    0.00000e+00
    1.12364e+24         1.10032e+06    0.00000e+00
    1.12364e+24         1.03290e+06    0.00000e+00
    1.12364e+24         9.56394e+05    0.00000e+00
    1.12364e+24         8.67156e+05    0.00000e+00
    1.12364e+24         8.12881e+05    0.00000e+00
    1.12364e+24         7.51116e+05    0.00000e+00
    1.12364e+24         6.78776e+05    0.00000e+00
    1.12364e+24         6.34485e+05    0.00000e+00
    1.12364e+24         5.83796e+05    0.00000e+00
    1.12364e+24         5.53858e+05    0.00000e+00
    1.12364e+24         5.20597e+05    0.00000e+00
    1.12364e+24         4.82950e+05    0.00000e+00
    1.12364e+24         4.39205e+05    0.00000e+00
    1.12364e+24         4.12758e+05    0.00000e+00
    1.12364e+24         3.82814e+05    0.00000e+00
    1.12364e+24         3.48002e+05    0.00000e+00
    1.12364e+24         3.26939e+05    0.00000e+00
    1.12364e+24         3.03075e+05    0.00000e+00
    1.12364e+24         2.75305e+05    0.00000e+00
    1.12364e+24         2.58478e+05    0.00000e+00
    1.12364e+24         2.39388e+05    0.00000e+00
    1.12364e+24         2.17133e+05    0.00000e+00
    1.12364e+24         2.03607e+05    0.00000e+00
    1.12364e+24         1.88224e+05    0.00000e+00
    1.12364e+24         1.70225e+05    0.00000e+00
    1.12364e+24         1.59221e+05    0.00000e+00
    1.12364e+24         1.46644e+05    0.00000e+00
    1.12364e+24         1.39230e+05    0.00000e+00
    1.12364e+24         1.31006e+05    0.00000e+00
    1.12364e+24         1.21717e+05    0.00000e+00
    1.12364e+24         1.10956e+05    0.00000e+00
    1.12364e+24         1.04481e+05    0.00000e+00
    1.12364e+24         9.71789e+04    0.00000e+00
    1.12364e+24         8.87382e+04    0.00000e+00
    1.12364e+24         8.36767e+04    0.00000e+00
    1.12364e+24         7.79844e+04    0.00000e+00
    1.12364e+24         7.14309e+04    0.00000e+00
    1.12364e+24         6.75252e+04    0.00000e+00
    1.12364e+24         6.31547e+04    0.00000e+00
    1.12364e+24         5.81583e+04    0.00000e+00
    1.12364e+24         5.52125e+04    0.00000e+00
    1.12364e+24         5.19439e+04    0.00000e+00
    1.12364e+24         4.82510e+04    0.00000e+00
    1.12364e+24         4.39712e+04    0.00000e+00
    1.12364e+24         4.13945e+04    0.00000e+00
    1.12364e+24         3.84870e+04    0.00000e+00
    1.12364e+24         3.51236e+04    0.00000e+00
    1.12364e+24         3.31044e+04    0.00000e+00
    1.12364e+24         3.08314e+04    0.00000e+00
    1.12364e+24         2.82109e+04    0.00000e+00
    1.12364e+24         2.66459e+04    0.00000e+00
    1.12364e+24         2.48916e+04    0.00000e+00
    1.12364e+24         2.28815e+04    0.00000e+00
    1.12364e+24         2.16920e+04    0.00000e+00
    1.12364e+24         2.03685e+04    0.00000e+00
    1.12364e+24         1.88675e+04    0.00000e+00
    1.12364e+24         1.71181e+04    0.00000e+00
    1.12364e+24         1.60555e+04    0.00000e+00
    1.12364e+24         1.48475e+04    0.00000e+00
    1.12364e+24         1.34351e+04    0.00000e+00
    1.12364e+24         1.25726e+04    0.00000e+00
    1.12364e+24         1.15876e+04    0.00000e+00
    1.12364e+24         1.10079e+04    0.00000e+00
    1.12364e+24         1.03655e+04    0.00000e+00
    1.12364e+24         9.64094e+03    0.00000e+00
    1.12364e+24         8.80344e+03    0.00000e+00
    1.12364e+24         8.30122e+03    0.00000e+00
    1.12364e+24         7.73640e+03    0.00000e+00
    1.12364e+24         7.08609e+03    0.00000e+00
    1.12364e+24         6.69852e+03    0.00000e+00
    1.12364e+24         6.26481e+03    0.00000e+00
    1.12364e+24         5.76896e+03    0.00000e+00
    1.12364e+24         5.47658e+03    0.00000e+00
    1.12364e+24         5.15216e+03    0.00000e+00
    1.12364e+24         4.78559e+03    0.00000e+00
    1.12364e+24         4.36071e+03    0.00000e+00
    1.12364e+24         4.10485e+03    0.00000e+00
    1.12364e+24         3.81611e+03    0.00000e+00
    1.12364e+24         3.48202e+03    0.00000e+00
    1.12364e+24         3.28138e+03    0.00000e+00
    1.12364e+24         3.05546e+03    0.00000e+00
    1.12364e+24         2.79489e+03    0.00000e+00
    1.12364e+24         2.63918e+03    0.00000e+00
    1.12364e+24         2.46456e+03    0.00000e+00
    1.12364e+24         2.26431e+03    0.00000e+00
    1.12364e+24         2.14570e+03    0.00000e+00
    1.12364e+24         2.01360e+03    0.00000e+00
    1.12364e+24         1.86361e+03    0.00000e+00
    1.12364e+24         1.68850e+03    0.00000e+00
    1.12364e+24         1.58185e+03    0.00000e+00
    1.12364e+24         1.46033e+03    0.00000e+00
    1.12364e+24         1.31774e+03    0.00000e+00
    1.12364e+24         1.23018e+03    0.00000e+00
    1.12364e+24         1.12971e+03    0.00000e+00
    1.12364e+24         1.07015e+03    0.00000e+00
    1.12364e+24         1.00377e+03    0.00000e+00
    1.12364e+24         9.28320e+02    0.00000e+00
    1.12364e+24         8.40108e+02    0.00000e+00
    1.12364e+24         7.86253e+02    0.00000e+00
    1.12364e+24         7.24767e+02    0.00000e+00
    1.12364e+24         6.52408e+02    0.00000e+00
    1.12364e+24         6.07757e+02    0.00000e+00
    1.12364e+24         5.56305e+02    0.00000e+00
    1.12364e+24         5.25600e+02    0.00000e+00
    1.12364e+24         4.91202e+02    0.00000e+00
    1.12364e+24         4.51819e+02    0.00000e+00
    1.12364e+24         4.28545e+02    0.00000e+00
    1.12364e+24         4.02674e+02    0.00000e+00
    1.12364e+24         3.73372e+02    0.00000e+00
    1.12364e+24         3.39290e+02    0.00000e+00
    1.12364e+24         3.18653e+02    0.00000e+00
    1.12364e+24         2.95258e+02    0.00000e+00
    1.12364e+24         2.68007e+02    0.00000e+00
    1.12364e+24         2.51470e+02    0.00000e+00
    1.12364e+24         2.32687e+02    0.00000e+00
    1.12364e+24         2.10749e+02    0.00000e+00
    1.12364e+24         1.97377e+02    0.00000e+00
    1.12364e+24         1.82133e+02    0.00000e+00
    1.12364e+24         1.64229e+02    0.00000e+00
    1.12364e+24         1.53219e+02    0.00000e+00
    1.12364e+24         1.40570e+02    0.00000e+00
    1.12364e+24         1.33056e+02    0.00000e+00
    1.12364e+24         1.24670e+02    0.00000e+00
    1.12364e+24         1.15117e+02    0.00000e+00
    1.12364e+24         1.03913e+02    0.00000e+00
    1.12364e+24         9.70374e+01    0.00000e+00
    1.12364e+24         8.91535e+01    0.00000e+00
    1.12364e+24         8.44834e+01    0.00000e+00
    1.12364e+24         7.92829e+01    0.00000e+00
    1.12364e+24         7.33776e+01    0.00000e+00
    1.12364e+24         6.64837e+01    0.00000e+00
    1.12364e+24         6.22848e+01    0.00000e+00
    1.12364e+24         5.75007e+01    0.00000e+00
    1.12364e+24         5.18874e+01    0.00000e+00
    1.12364e+24         4.84406e+01    0.00000e+00
    1.12364e+24         4.44859e+01    0.00000e+00
    1.12364e+24         4.21413e+01    0.00000e+00
    1.12364e+24         3.95286e+01    0.00000e+00
    1.12364e+24         3.65592e+01    0.00000e+00
    1.12364e+24         3.30877e+01    0.00000e+00
    1.12364e+24         3.09686e+01    0.00000e+00
    1.12364e+24         2.85497e+01    0.00000e+00
    1.12364e+24         2.57034e+01    0.00000e+00
    1.12364e+24         2.39477e+01    0.00000e+00
    1.12364e+24         2.19250e+01    0.00000e+00
    1.12364e+24         2.07185e+01    0.00000e+00
    1.12364e+24         1.93674e+01    0.00000e+00
    1.12364e+24         1.78212e+01    0.00000e+00
    1.12364e+24         1.69081e+01    0.00000e+00
    1.12364e+24         1.58937e+01    0.00000e+00
    1.12364e+24         1.47457e+01    0.00000e+00
    1.12364e+24         1.34120e+01    0.00000e+00
    1.12364e+24         1.26060e+01    0.00000e+00
    1.12364e+24         1.16935e+01    0.00000e+00
    1.12364e+24         1.06331e+01    0.00000e+00
    1.12364e+24         9.99192e+00    0.00000e+00
    1.12364e+24         9.26577e+00    0.00000e+00
    1.12364e+24         8.42135e+00    0.00000e+00
    1.12364e+24         7.91022e+00    0.00000e+00
    1.12364e+24         7.33090e+00    0.00000e+00
    1.12364e+24         6.65640e+00    0.00000e+00
    1.12364e+24         6.24734e+00    0.00000e+00
    1.12364e+24         5.78296e+00    0.00000e+00
    1.12364e+24         5.24100e+00    0.00000e+00
    1.12364e+24         4.91108e+00    0.00000e+00
    1.12364e+24         4.53535e+00    0.00000e+00
    1.12364e+24         4.09478e+00    0.00000e+00
    1.12364e+24         3.82454e+00    0.00000e+00
    1.12364e+24         3.51477e+00    0.00000e+00
    1.12364e+24         3.33138e+00    0.00000e+00
    1.12364e+24         3.12724e+00    0.00000e+00
    1.12364e+24         2.89557e+00    0.00000e+00
    1.12364e+24         2.62536e+00    0.00000e+00
    1.12364e+24         2.46101e+00    0.00000e+00
    1.12364e+24         2.27398e+00    0.00000e+00
    1.12364e+24         2.05492e+00    0.00000e+00
    1.12364e+24         1.92079e+00    0.00000e+00
    1.12364e+24         1.76727e+00    0.00000e+00
    1.12364e+24         1.67660e+00    0.00000e+00
    1.12364e+24         1.57585e+00    0.00000e+00
    1.12364e+24         1.46181e+00    0.00000e+00
    1.12364e+24         1.32928e+00    0.00000e+00
    1.12364e+24         1.24915e+00    0.00000e+00
    1.12364e+24         1.15840e+00    0.00000e+00
    1.12364e+24         1.05288e+00    0.00000e+00
    1.12364e+24         9.89017e-01    0.00000e+00
    1.12364e+24         9.16637e-01    0.00000e+00
    1.12364e+24         8.32375e-01    0.00000e+00
    1.12364e+24         7.81282e-01    0.00000e+00
    1.12364e+24         7.23289e-01    0.00000e+00
    1.12364e+24         6.55623e-01    0.00000e+00
    1.12364e+24         6.14445e-01    0.00000e+00
    1.12364e+24         5.67564e-01    0.00000e+00
    1.12364e+24         5.12618e-01    0.00000e+00
    1.12364e+24         4.78940e-01    0.00000e+00
    1.12364e+24         4.40360e-01    0.00000e+00
    1.12364e+24         4.17541e-01    0.00000e+00
    1.12364e+24         3.92160e-01    0.00000e+00
    1.12364e+24         3.63387e-01    0.00000e+00
    1.12364e+24         3.29878e-01    0.00000e+00
    1.12364e+24         3.09547e-01    0.00000e+00
    1.12364e+24         2.86457e-01    0.00000e+00
    1.12364e+24         2.59494e-01    0.00000e+00
    1.12364e+24         2.43066e-01    0.00000e+00
    1.12364e+24         2.24342e-01    0.00000e+00
    1.12364e+24         2.02363e-01    0.00000e+00
    1.12364e+24         1.88856e-01    0.00000e+00
    1.12364e+24         1.73348e-01    0.00000e+00
    1.12364e+24         1.64144e-01    0.00000e+00
    1.12364e+24         1.53880e-01    0.00000e+00
    1.12364e+24         1.42200e-01    0.00000e+00
    1.12364e+24         1.28524e-01    0.00000e+00
    1.12364e+24         1.20153e-01    0.00000e+00
    1.12364e+24         1.10574e-01    0.00000e+00
    1.12364e+24         1.04919e-01    0.00000e+00
    1.12364e+24         9.86386e-02    0.00000e+00
    1.12364e+24         9.15325e-02    0.00000e+00
    1.12364e+24         8.32802e-02    0.00000e+00
    1.12364e+24         7.82958e-02    0.00000e+00
    1.12364e+24         7.26566e-02    0.00000e+00
    1.12364e+24         6.61081e-02    0.00000e+00
    1.12364e+24         6.21530e-02    0.00000e+00
    1.12364e+24         5.76785e-02    0.00000e+00
    1.12364e+24         5.24829e-02    0.00000e+00
    1.12364e+24         4.93453e-02    0.00000e+00
    1.12364e+24         4.57960e-02    0.00000e+00
    1.12364e+24         4.16752e-02    0.00000e+00
    1.12364e+24         3.91872e-02    0.00000e+00
    1.12364e+24         3.63733e-02    0.00000e+00
    1.12364e+24         3.31071e-02    0.00000e+00
    1.12364e+24         3.11359e-02    0.00000e+00
    1.12364e+24         2.89072e-02    0.00000e+00
    1.12364e+24         2.63216e-02    0.00000e+00
    1.12364e+24         2.47623e-02    0.00000e+00
    1.12364e+24         2.30005e-02    0.00000e+00
    1.12364e+24         2.09584e-02    0.00000e+00
    1.12364e+24         1.97287e-02    0.00000e+00
    1.12364e+24         1.83409e-02    0.00000e+00
    1.12364e+24         1.67352e-02    0.00000e+00
    1.12364e+24         1.57709e-02    0.00000e+00
    1.12364e+24         1.46850e-02    0.00000e+00
    1.12364e+24         1.34326e-02    0.00000e+00
    1.12364e+24         1.26842e-02    0.00000e+00
    1.12364e+24         1.18449e-02    0.00000e+00
    1.12364e+24         1.08824e-02    0.00000e+00
    1.12364e+24         1.03123e-02    0.00000e+00
    1.12364e+24         9.67736e-03    0.00000e+00
    1.12364e+24         8.95639e-03    0.00000e+00
    1.12364e+24         8.11469e-03    0.00000e+00
    1.12364e+24         7.60201e-03    0.00000e+00
    1.12364e+24         7.01784e-03    0.00000e+00
    1.12364e+24         6.33237e-03    0.00000e+00
    1.12364e+24         5.91141e-03    0.00000e+00
    1.12364e+24         5.42838e-03    0.00000e+00
    1.12364e+24         5.14196e-03    0.00000e+00
    1.12364e+24         4.82275e-03    0.00000e+00
    1.12364e+24         4.45988e-03    0.00000e+00
    1.12364e+24         4.03557e-03    0.00000e+00
    1.12364e+24         3.77645e-03    0.00000e+00
    1.12364e+24         3.48056e-03    0.00000e+00
    1.12364e+24         3.30639e-03    0.00000e+00
    1.12364e+24         3.11338e-03    0.00000e+00
    1.12364e+24         2.89571e-03    0.00000e+00
    1.12364e+24         2.64407e-03    0.00000e+00
    1.12364e+24         2.49317e-03    0.00000e+00
    1.12364e+24         2.32345e-03    0.00000e+00
    1.12364e+24         2.12802e-03    0.00000e+00
    1.12364e+24         2.01154e-03    0.00000e+00
    1.12364e+24         1.88118e-03    0.00000e+00
    1.12364e+24         1.73212e-03    0.00000e+00
    1.12364e+24         1.64421e-03    0.00000e+00
    1.12364e+24         1.54665e-03    0.00000e+00
    1.12364e+24         1.43639e-03    0.00000e+00
    1.12364e+24         1.30856e-03    0.00000e+00
    1.12364e+24         1.23155e-03    0.00000e+00
    1.12364e+24         1.14460e-03    0.00000e+00
    1.12364e+24         1.04394e-03    0.00000e+00
    1.12364e+24         9.83441e-04    0.00000e+00
    1.12364e+24         9.15265e-04    0.00000e+00
    1.12364e+24         8.36555e-04    0.00000e+00
    1.12364e+24         7.89446e-04    0.00000e+00
    1.12364e+24         7.36546e-04    0.00000e+00
    1.12364e+24         6.75776e-04    0.00000e+00
    1.12364e+24         6.39680e-04    0.00000e+00
    1.12364e+24         5.99395e-04    0.00000e+00
    1.12364e+24         5.53513e-04    0.00000e+00
    1.12364e+24         4.99710e-04    0.00000e+00
    1.12364e+24         4.66703e-04    0.00000e+00
    1.12364e+24         4.28863e-04    0.00000e+00
    1.12364e+24         4.06457e-04    0.00000e+00
    1.12364e+24         3.81512e-04    0.00000e+00
    1.12364e+24         3.53199e-04    0.00000e+00
    1.12364e+24         3.20165e-04    0.00000e+00
    1.12364e+24         3.00063e-04    0.00000e+00
    1.12364e+24         2.77178e-04    0.00000e+00
    1.12364e+24         2.50359e-04    0.00000e+00
    1.12364e+24         2.33922e-04    0.00000e+00
    1.12364e+24         2.15094e-04    0.00000e+00
    1.12364e+24         2.03959e-04    0.00000e+00
    1.12364e+24         1.91576e-04    0.00000e+00
    1.12364e+24         1.77541e-04    0.00000e+00
    1.12364e+24         1.61198e-04    0.00000e+00
    1.12364e+24         1.51286e-04    0.00000e+00
    1.12364e+24         1.40032e-04    0.00000e+00
    1.12364e+24         1.26898e-04    0.00000e+00
    1.12364e+24         1.18900e-04    0.00000e+00
    1.12364e+24         1.09791e-04    0.00000e+00
    1.12364e+24         9.91070e-05    0.00000e+00
    1.12364e+24         9.25513e-05    0.00000e+00
    1.12364e+24         8.50340e-05    0.00000e+00
    1.12364e+24         8.05815e-05    0.00000e+00
    1.12364e+24         7.56232e-05    0.00000e+00
    1.12364e+24         6.99936e-05    0.00000e+00
    1.12364e+24         6.34218e-05    0.00000e+00
    1.12364e+24         5.94197e-05    0.00000e+00
    1.12364e+24         5.48604e-05    0.00000e+00
    1.12364e+24         4.95117e-05    0.00000e+00
    1.12364e+24         4.62283e-05    0.00000e+00
    1.12364e+24         4.24620e-05    0.00000e+00
    1.12364e+24         4.02299e-05    0.00000e+00
    1.12364e+24         3.77433e-05    0.00000e+00
    1.12364e+24         3.49183e-05    0.00000e+00
    1.12364e+24         3.16176e-05    0.00000e+00
    1.12364e+24         2.96047e-05    0.00000e+00
    1.12364e+24         2.73088e-05    0.00000e+00
    1.12364e+24         2.46107e-05    0.00000e+00


