              t                   M              a
    1.23833e-21         1.00000e+17    8.00000e-01
    2.47665e-21         1.00000e+17    8.00000e-01
    4.95331e-21         1.00000e+17    8.00000e-01
    9.90662e-21         1.00000e+17    8.00000e-01
    1.98132e-20         1.00000e+17    8.00000e-01
    3.96265e-20         1.00000e+17    8.00000e-01
    7.92530e-20         1.00000e+17    8.00000e-01
    1.58506e-19         1.00000e+17    8.00000e-01
    3.17012e-19         1.00000e+17    8.00000e-01
    6.34024e-19         1.00000e+17    8.00000e-01
    1.26805e-18         1.00000e+17    8.00000e-01
    2.53609e-18         1.00000e+17    8.00000e-01
    5.07219e-18         1.00000e+17    8.00000e-01
    1.01444e-17         1.00000e+17    8.00000e-01
    2.02888e-17         1.00000e+17    8.00000e-01
    4.05775e-17         1.00000e+17    8.00000e-01
    8.11550e-17         1.00000e+17    8.00000e-01
    1.62310e-16         1.00000e+17    8.00000e-01
    3.24620e-16         1.00000e+17    8.00000e-01
    6.49240e-16         1.00000e+17    8.00000e-01
    1.29848e-15         1.00000e+17    8.00000e-01
    2.59696e-15         1.00000e+17    8.00000e-01
    5.19392e-15         1.00000e+17    8.00000e-01
    1.03878e-14         1.00000e+17    8.00000e-01
    2.07757e-14         1.00000e+17    8.00000e-01
    4.15514e-14         1.00000e+17    8.00000e-01
    8.31027e-14         1.00000e+17    8.00000e-01
    1.66205e-13         1.00000e+17    8.00000e-01
    3.32411e-13         1.00000e+17    8.00000e-01
    6.64822e-13         1.00000e+17    8.00000e-01
    1.32964e-12         1.00000e+17    8.00000e-01
    2.65929e-12         1.00000e+17    8.00000e-01
    5.31858e-12         1.00000e+17    8.00000e-01
    1.06372e-11         1.00000e+17    8.00000e-01
    2.12743e-11         1.00000e+17    8.00000e-01
    4.25486e-11         1.00000e+17    8.00000e-01
    8.50972e-11         1.00000e+17    8.00000e-01
    1.70194e-10         1.00000e+17    8.00000e-01
    3.40389e-10         1.00000e+17    8.00000e-01
    6.80778e-10         1.00000e+17    8.00000e-01
    1.36156e-09         1.00000e+17    8.00000e-01
    2.72311e-09         1.00000e+17    8.00000e-01
    5.44622e-09         1.00000e+17    8.00000e-01
    1.08924e-08         1.00000e+17    8.00000e-01
    2.17849e-08         1.00000e+17    8.00000e-01
    4.35698e-08         1.00000e+17    8.00000e-01
    8.71395e-08         1.00000e+17    8.00000e-01
    1.74279e-07         1.00000e+17    8.00000e-01
    3.48558e-07         1.00000e+17    8.00000e-01
    6.97116e-07         1.00000e+17    8.00000e-01
    1.39423e-06         1.00000e+17    8.00000e-01
    2.78847e-06         1.00000e+17    8.00000e-01
    5.57693e-06         1.00000e+17    8.00000e-01
    1.11539e-05         1.00000e+17    8.00000e-01
    2.23077e-05         1.00000e+17    8.00000e-01
    4.46154e-05         1.00000e+17    8.00000e-01
    8.92309e-05         1.00000e+17    8.00000e-01
    1.78462e-04         1.00000e+17    8.00000e-01
    3.56924e-04         1.00000e+17    8.00000e-01
    7.13847e-04         1.00000e+17    8.00000e-01
    1.42769e-03         1.00000e+17    8.00000e-01
    2.85539e-03         1.00000e+17    8.00000e-01
    5.71078e-03         1.00000e+17    8.00000e-01
    1.14216e-02         1.00000e+17    8.00000e-01
    2.28431e-02         1.00000e+17    8.00000e-01
    4.56862e-02         1.00000e+17    8.00000e-01
    9.13724e-02         1.00000e+17    8.00000e-01
    1.82745e-01         1.00000e+17    8.00000e-01
    3.65490e-01         1.00000e+17    8.00000e-01
    7.30979e-01         1.00000e+17    8.00000e-01
    1.46196e+00         1.00000e+17    8.00000e-01
    2.92392e+00         1.00000e+17    8.00000e-01
    5.84784e+00         1.00000e+17    8.00000e-01
    1.16957e+01         1.00000e+17    8.00000e-01
    2.33913e+01         1.00000e+17    8.00000e-01
    4.67827e+01         1.00000e+17    8.00000e-01
    9.35654e+01         1.00000e+17    8.00000e-01
    1.87131e+02         1.00000e+17    8.00000e-01
    3.74261e+02         1.00000e+17    8.00000e-01
    7.48523e+02         1.00000e+17    8.00000e-01
    1.49705e+03         1.00000e+17    8.00000e-01
    2.99409e+03         1.00000e+17    8.00000e-01
    5.98818e+03         1.00000e+17    8.00000e-01
    1.19764e+04         1.00000e+17    8.00000e-01
    2.39527e+04         1.00000e+17    8.00000e-01
    4.79055e+04         1.00000e+17    8.00000e-01
    9.58109e+04         1.00000e+17    8.00000e-01
    1.91622e+05         1.00000e+17    8.00000e-01
    3.83244e+05         1.00000e+17    8.00000e-01
    7.66488e+05         1.00000e+17    8.00000e-01
    1.53298e+06         1.00000e+17    8.00000e-01
    3.06595e+06         1.00000e+17    8.00000e-01
    6.13190e+06         1.00000e+17    8.00000e-01
    1.22638e+07         1.00000e+17    8.00000e-01
    2.45276e+07         1.00000e+17    8.00000e-01
    4.90552e+07         1.00000e+17    8.00000e-01
    9.81104e+07         1.00000e+17    8.00000e-01
    1.96221e+08         1.00000e+17    8.00000e-01
    3.92442e+08         1.00000e+17    8.00000e-01
    7.84883e+08         1.00000e+17    8.00000e-01
    1.56977e+09         1.00000e+17    8.00000e-01
    3.13953e+09         1.00000e+17    8.00000e-01
    6.27907e+09         1.00000e+17    8.00000e-01
    1.25581e+10         1.00000e+17    8.00000e-01
    2.51163e+10         1.00000e+17    8.00000e-01
    5.02325e+10         1.00000e+17    8.00000e-01
    1.00465e+11         1.00000e+17    8.00000e-01
    2.00930e+11         1.00000e+17    8.00000e-01
    4.01860e+11         1.00000e+17    8.00000e-01
    8.03720e+11         1.00000e+17    8.00000e-01
    1.60744e+12         1.00000e+17    8.00000e-01
    3.21488e+12         1.00000e+17    8.00000e-01
    6.42976e+12         1.00000e+17    8.00000e-01
    1.28595e+13         1.00000e+17    8.00000e-01
    2.57191e+13         1.00000e+17    8.00000e-01
    5.14381e+13         1.00000e+17    8.00000e-01
    1.02876e+14         1.00000e+17    8.00000e-01
    2.05752e+14         1.00000e+17    8.00000e-01
    4.11505e+14         1.00000e+17    8.00000e-01
    8.23010e+14         1.00000e+17    8.00000e-01
    1.64602e+15         1.00000e+17    8.00000e-01
    3.29204e+15         1.00000e+17    8.00000e-01
    6.58408e+15         1.00000e+17    8.00000e-01
    1.31682e+16         1.00000e+17    8.00000e-01
    2.63363e+16         1.00000e+17    7.99999e-01
    5.26726e+16         9.99999e+16    7.99999e-01
    1.05345e+17         9.99998e+16    7.99998e-01
    2.10690e+17         9.99996e+16    7.99996e-01
    4.21381e+17         9.99992e+16    7.99991e-01
    8.42762e+17         9.99985e+16    7.99982e-01
    1.68552e+18         9.99969e+16    7.99964e-01
    3.37105e+18         9.99938e+16    7.99929e-01
    6.74210e+18         9.99876e+16    7.99858e-01
    1.34842e+19         9.99753e+16    7.99715e-01
    2.69684e+19         9.99505e+16    7.99430e-01
    5.39368e+19         9.99011e+16    7.98862e-01
    1.07874e+20         9.98023e+16    7.97728e-01
    2.15747e+20         9.96054e+16    7.95472e-01
    4.31494e+20         9.92136e+16    7.91011e-01
    8.62988e+20         9.84383e+16    7.82285e-01
    1.29448e+21         9.76689e+16    7.73861e-01
    1.72598e+21         9.69047e+16    7.65730e-01
    2.15747e+21         9.61455e+16    7.57885e-01
    3.02046e+21         9.46368e+16    7.42752e-01
    3.88345e+21         9.31249e+16    7.28505e-01
    4.74644e+21         9.16026e+16    7.15038e-01
    5.60942e+21         9.00647e+16    7.02277e-01
    6.47241e+21         8.84974e+16    6.90104e-01
    7.33540e+21         8.68972e+16    6.78497e-01
    8.19839e+21         8.52579e+16    6.67394e-01
    9.06138e+21         8.35654e+16    6.56729e-01
    9.92436e+21         8.18141e+16    6.46486e-01
    1.07874e+22         7.99975e+16    6.36652e-01
    1.16503e+22         7.81090e+16    6.27022e-01
    1.25133e+22         7.61388e+16    6.17589e-01
    1.33763e+22         7.40763e+16    6.08345e-01
    1.42393e+22         7.19077e+16    5.99285e-01
    1.51023e+22         6.96066e+16    5.90414e-01
    1.59653e+22         6.71509e+16    5.81725e-01
    1.68283e+22         6.45122e+16    5.73206e-01
    1.76913e+22         6.16538e+16    5.64837e-01
    1.85542e+22         5.85291e+16    5.56340e-01
    1.94172e+22         5.50672e+16    5.47651e-01
    2.02802e+22         5.11623e+16    5.38689e-01
    2.11432e+22         4.66460e+16    5.29349e-01
    2.15747e+22         4.39285e+16    5.24362e-01
    2.20062e+22         4.08625e+16    5.19135e-01
    2.24377e+22         3.73173e+16    5.13571e-01
    2.26534e+22         3.51904e+16    5.10555e-01
    2.28692e+22         3.27973e+16    5.07355e-01
    2.30849e+22         3.00403e+16    5.03906e-01
    2.31928e+22         2.83956e+16    5.01993e-01
    2.33007e+22         2.65533e+16    4.99921e-01
    2.34086e+22         2.44441e+16    4.97603e-01
    2.34625e+22         2.31977e+16    4.96223e-01
    2.35164e+22         2.18127e+16    4.94702e-01
    2.35704e+22         2.02446e+16    4.92952e-01
    2.36243e+22         1.84216e+16    4.90854e-01
    2.36513e+22         1.73198e+16    4.89603e-01
    2.36782e+22         1.60725e+16    4.88169e-01
    2.37052e+22         1.46227e+16    4.86474e-01
    2.37187e+22         1.37458e+16    4.85426e-01
    2.37322e+22         1.27526e+16    4.84208e-01
    2.37457e+22         1.15976e+16    4.82750e-01
    2.37524e+22         1.08983e+16    4.81801e-01
    2.37591e+22         1.01055e+16    4.80665e-01
    2.37659e+22         9.18279e+15    4.79297e-01
    2.37693e+22         8.62349e+15    4.78415e-01
    2.37726e+22         7.98890e+15    4.77374e-01
    2.37760e+22         7.24907e+15    4.76118e-01
    2.37777e+22         6.79958e+15    4.75339e-01
    2.37794e+22         6.28855e+15    4.74437e-01
    2.37811e+22         5.69091e+15    4.73364e-01
    2.37819e+22         5.32594e+15    4.72707e-01
    2.37827e+22         4.90917e+15    4.71954e-01
    2.37836e+22         4.41857e+15    4.71071e-01
    2.37840e+22         4.11573e+15    4.70530e-01
    2.37844e+22         3.76666e+15    4.69914e-01
    2.37846e+22         3.55826e+15    4.69552e-01
    2.37848e+22         3.32473e+15    4.69151e-01
    2.37851e+22         3.05723e+15    4.68698e-01
    2.37852e+22         2.89905e+15    4.68437e-01
    2.37853e+22         2.72312e+15    4.68150e-01
    2.37854e+22         2.52373e+15    4.67830e-01
    2.37855e+22         2.29159e+15    4.67465e-01
    2.37855e+22         2.15080e+15    4.67250e-01
    2.37856e+22         1.99098e+15    4.67011e-01
    2.37856e+22         1.80446e+15    4.66736e-01
    2.37857e+22         1.69092e+15    4.66569e-01
    2.37857e+22         1.56161e+15    4.66377e-01
    2.37857e+22         1.41000e+15    4.66152e-01
    2.37857e+22         1.31701e+15    4.66004e-01
    2.37857e+22         1.21039e+15    4.65814e-01
    2.37858e+22         1.14727e+15    4.65682e-01
    2.37858e+22         1.07699e+15    4.65509e-01
    2.37858e+22         9.97225e+14    4.65278e-01
    2.37858e+22         9.04153e+14    4.64956e-01
    2.37858e+22         8.47519e+14    4.64726e-01
    2.37858e+22         7.83042e+14    4.64442e-01
    2.37858e+22         7.07466e+14    4.64057e-01
    2.37858e+22         6.61116e+14    4.63734e-01
    2.37858e+22         6.07987e+14    4.63278e-01
    2.37858e+22         5.76540e+14    4.62940e-01
    2.37858e+22         5.41524e+14    4.62476e-01
    2.37858e+22         5.01785e+14    4.61838e-01
    2.37858e+22         4.55438e+14    4.60937e-01
    2.37858e+22         4.27249e+14    4.60202e-01
    2.37858e+22         3.95152e+14    4.59107e-01
    2.37858e+22         3.57567e+14    4.57559e-01
    2.37858e+22         3.34566e+14    4.56341e-01
    2.37858e+22         3.08255e+14    4.54697e-01
    2.37858e+22         2.92735e+14    4.53561e-01
    2.37858e+22         2.75510e+14    4.52196e-01
    2.37858e+22         2.56054e+14    4.50575e-01
    2.37858e+22         2.33513e+14    4.48582e-01
    2.37858e+22         2.19953e+14    4.47307e-01
    2.37858e+22         2.04665e+14    4.45836e-01
    2.37858e+22         1.87004e+14    4.44101e-01
    2.37858e+22         1.76424e+14    4.43047e-01
    2.37858e+22         1.64535e+14    4.41857e-01
    2.37858e+22         1.50864e+14    4.40478e-01
    2.37858e+22         1.42732e+14    4.39660e-01
    2.37858e+22         1.33648e+14    4.38744e-01
    2.37858e+22         1.23285e+14    4.37699e-01
    2.37858e+22         1.11106e+14    4.36468e-01
    2.37858e+22         1.03607e+14    4.35711e-01
    2.37858e+22         9.49822e+13    4.34834e-01
    2.37858e+22         8.98502e+13    4.34299e-01
    2.37858e+22         8.41142e+13    4.33687e-01
    2.37858e+22         7.75682e+13    4.32974e-01
    2.37858e+22         6.98687e+13    4.32102e-01
    2.37858e+22         6.51221e+13    4.31540e-01
    2.37858e+22         5.96568e+13    4.30874e-01
    2.37858e+22         5.63989e+13    4.30455e-01
    2.37858e+22         5.27522e+13    4.29963e-01
    2.37858e+22         4.85813e+13    4.29359e-01
    2.37858e+22         4.61204e+13    4.28963e-01
    2.37858e+22         4.33885e+13    4.28497e-01
    2.37858e+22         4.02991e+13    4.27908e-01
    2.37858e+22         3.67144e+13    4.27121e-01
    2.37858e+22         3.45525e+13    4.26574e-01
    2.37858e+22         3.21096e+13    4.25880e-01
    2.37858e+22         2.92782e+13    4.24960e-01
    2.37858e+22         2.75736e+13    4.24314e-01
    2.37858e+22         2.56508e+13    4.23533e-01
    2.37858e+22         2.34272e+13    4.22521e-01
    2.37858e+22         2.20934e+13    4.21843e-01
    2.37858e+22         2.05930e+13    4.21033e-01
    2.37858e+22         1.88650e+13    4.20034e-01
    2.37858e+22         1.78349e+13    4.19399e-01
    2.37858e+22         1.66819e+13    4.18660e-01
    2.37858e+22         1.53634e+13    4.17764e-01
    2.37858e+22         1.45854e+13    4.17187e-01
    2.37858e+22         1.37217e+13    4.16507e-01
    2.37858e+22         1.27453e+13    4.15693e-01
    2.37858e+22         1.16125e+13    4.14645e-01
    2.37858e+22         1.09294e+13    4.13917e-01
    2.37858e+22         1.01579e+13    4.13047e-01
    2.37858e+22         9.26414e+12    4.11959e-01
    2.37858e+22         8.72657e+12    4.11252e-01
    2.37858e+22         8.12050e+12    4.10412e-01
    2.37858e+22         7.42038e+12    4.09400e-01
    2.37858e+22         7.00100e+12    4.08758e-01
    2.37858e+22         6.52979e+12    4.08017e-01
    2.37858e+22         5.98802e+12    4.07139e-01
    2.37858e+22         5.66585e+12    4.06599e-01
    2.37858e+22         5.30597e+12    4.05987e-01
    2.37858e+22         4.89558e+12    4.05276e-01
    2.37858e+22         4.41346e+12    4.04422e-01
    2.37858e+22         4.11683e+12    4.03886e-01
    2.37858e+22         3.77590e+12    4.03263e-01
    2.37858e+22         3.57325e+12    4.02889e-01
    2.37858e+22         3.34696e+12    4.02468e-01
    2.37858e+22         3.08903e+12    4.01985e-01
    2.37858e+22         2.78621e+12    4.01415e-01
    2.37858e+22         2.60010e+12    4.01062e-01
    2.37858e+22         2.38639e+12    4.00654e-01
    2.37858e+22         2.25954e+12    4.00411e-01
    2.37858e+22         2.11804e+12    4.00139e-01
    2.37858e+22         1.95700e+12    3.99828e-01
    2.37858e+22         1.76836e+12    3.99460e-01
    2.37858e+22         1.65283e+12    3.99228e-01
    2.37858e+22         1.52059e+12    3.98953e-01
    2.37858e+22         1.44246e+12    3.98781e-01
    2.37858e+22         1.35563e+12    3.98583e-01
    2.37858e+22         1.25732e+12    3.98349e-01
    2.37858e+22         1.14301e+12    3.98056e-01
    2.37858e+22         1.07384e+12    3.97848e-01
    2.37858e+22         9.95445e+11    3.97572e-01
    2.37858e+22         9.04178e+11    3.97170e-01
    2.37858e+22         8.48829e+11    3.96835e-01
    2.37858e+22         7.85996e+11    3.96367e-01
    2.37858e+22         7.12673e+11    3.95690e-01
    2.37858e+22         6.68049e+11    3.95170e-01
    2.37858e+22         6.17243e+11    3.94497e-01
    2.37858e+22         5.57701e+11    3.93596e-01
    2.37858e+22         5.21216e+11    3.92967e-01
    2.37858e+22         4.79431e+11    3.92196e-01
    2.37858e+22         4.54729e+11    3.91707e-01
    2.37858e+22         4.27264e+11    3.91144e-01
    2.37858e+22         3.96142e+11    3.90474e-01
    2.37858e+22         3.59916e+11    3.89634e-01
    2.37858e+22         3.37953e+11    3.89059e-01
    2.37858e+22         3.13030e+11    3.88366e-01
    2.37858e+22         2.83950e+11    3.87437e-01
    2.37858e+22         2.66261e+11    3.86794e-01
    2.37858e+22         2.46134e+11    3.86011e-01
    2.37858e+22         2.22564e+11    3.84989e-01
    2.37858e+22         2.08138e+11    3.84279e-01
    2.37858e+22         1.91638e+11    3.83427e-01
    2.37858e+22         1.81902e+11    3.82887e-01
    2.37858e+22         1.71095e+11    3.82272e-01
    2.37858e+22         1.58876e+11    3.81542e-01
    2.37858e+22         1.44702e+11    3.80664e-01
    2.37858e+22         1.36158e+11    3.80107e-01
    2.37858e+22         1.26506e+11    3.79459e-01
    2.37858e+22         1.15324e+11    3.78688e-01
    2.37858e+22         1.08596e+11    3.78208e-01
    2.37858e+22         1.01007e+11    3.77654e-01
    2.37858e+22         9.22352e+10    3.77002e-01
    2.37858e+22         8.69749e+10    3.76599e-01
    2.37858e+22         8.10590e+10    3.76140e-01
    2.37858e+22         7.42479e+10    3.75601e-01
    2.37858e+22         7.01887e+10    3.75274e-01
    2.37858e+22         6.56463e+10    3.74903e-01
    2.37858e+22         6.04534e+10    3.74472e-01
    2.37858e+22         5.73917e+10    3.74214e-01
    2.37858e+22         5.39946e+10    3.73926e-01
    2.37858e+22         5.01565e+10    3.73596e-01
    2.37858e+22         4.57084e+10    3.73208e-01
    2.37858e+22         4.30304e+10    3.72971e-01
    2.37858e+22         4.00087e+10    3.72700e-01
    2.37858e+22         3.65133e+10    3.72384e-01
    2.37858e+22         3.44149e+10    3.72191e-01
    2.37858e+22         3.20528e+10    3.71972e-01
    2.37858e+22         2.93297e+10    3.71717e-01
    2.37858e+22         2.77036e+10    3.71562e-01
    2.37858e+22         2.58809e+10    3.71388e-01
    2.37858e+22         2.37925e+10    3.71186e-01
    2.37858e+22         2.25570e+10    3.71065e-01
    2.37858e+22         2.11824e+10    3.70930e-01
    2.37858e+22         1.96235e+10    3.70774e-01
    2.37858e+22         1.78072e+10    3.70592e-01
    2.37858e+22         1.67043e+10    3.70479e-01
    2.37858e+22         1.54509e+10    3.70350e-01
    2.37858e+22         1.39860e+10    3.70198e-01
    2.37858e+22         1.30920e+10    3.70104e-01
    2.37858e+22         1.20718e+10    3.69995e-01
    2.37858e+22         1.08719e+10    3.69866e-01
    2.37858e+22         1.01321e+10    3.69785e-01
    2.37858e+22         9.28046e+09    3.69691e-01
    2.37858e+22         8.77287e+09    3.69635e-01
    2.37858e+22         8.20484e+09    3.69571e-01
    2.37858e+22         7.55545e+09    3.69497e-01
    2.37858e+22         7.17253e+09    3.69453e-01
    2.37858e+22         6.74764e+09    3.69404e-01
    2.37858e+22         6.26755e+09    3.69348e-01
    2.37858e+22         5.71110e+09    3.69283e-01
    2.37858e+22         5.37601e+09    3.69243e-01
    2.37858e+22         4.99785e+09    3.69197e-01
    2.37858e+22         4.56030e+09    3.69144e-01
    2.37858e+22         4.29753e+09    3.69112e-01
    2.37858e+22         4.00164e+09    3.69075e-01
    2.37858e+22         3.66037e+09    3.69032e-01
    2.37858e+22         3.45644e+09    3.69007e-01
    2.37858e+22         3.22773e+09    3.68977e-01
    2.37858e+22         2.96546e+09    3.68944e-01
    2.37858e+22         2.81011e+09    3.68923e-01
    2.37858e+22         2.63710e+09    3.68901e-01
    2.37858e+22         2.44065e+09    3.68874e-01
    2.37858e+22         2.21130e+09    3.68844e-01
    2.37858e+22         2.07160e+09    3.68825e-01
    2.37858e+22         1.91243e+09    3.68803e-01
    2.37858e+22         1.72565e+09    3.68777e-01
    2.37858e+22         1.61096e+09    3.68761e-01
    2.37858e+22         1.47935e+09    3.68742e-01
    2.37858e+22         1.40131e+09    3.68731e-01
    2.37858e+22         1.31435e+09    3.68718e-01
    2.37858e+22         1.21549e+09    3.68704e-01
    2.37858e+22         1.09990e+09    3.68687e-01
    2.37858e+22         1.02932e+09    3.68676e-01
    2.37858e+22         9.48727e+08    3.68664e-01
    2.37858e+22         8.53861e+08    3.68650e-01
    2.37858e+22         7.95302e+08    3.68641e-01
    2.37858e+22         7.27802e+08    3.68630e-01
    2.37858e+22         6.87502e+08    3.68624e-01
    2.37858e+22         6.42338e+08    3.68617e-01
    2.37858e+22         5.90600e+08    3.68608e-01
    2.37858e+22         5.60001e+08    3.68603e-01
    2.37858e+22         5.25965e+08    3.68598e-01
    2.37858e+22         4.87383e+08    3.68591e-01
    2.37858e+22         4.42449e+08    3.68584e-01
    2.37858e+22         4.15188e+08    3.68579e-01
    2.37858e+22         3.84229e+08    3.68574e-01
    2.37858e+22         3.48080e+08    3.68568e-01
    2.37858e+22         3.26056e+08    3.68564e-01
    2.37858e+22         3.00957e+08    3.68559e-01
    2.37858e+22         2.71497e+08    3.68554e-01
    2.37858e+22         2.53396e+08    3.68551e-01
    2.37858e+22         2.32618e+08    3.68547e-01
    2.37858e+22         2.20290e+08    3.68545e-01
    2.37858e+22         2.06543e+08    3.68542e-01
    2.37858e+22         1.90905e+08    3.68539e-01
    2.37858e+22         1.72601e+08    3.68536e-01
    2.37858e+22         1.61405e+08    3.68533e-01
    2.37858e+22         1.48602e+08    3.68531e-01
    2.37858e+22         1.41049e+08    3.68529e-01
    2.37858e+22         1.32667e+08    3.68528e-01
    2.37858e+22         1.23191e+08    3.68526e-01
    2.37858e+22         1.12202e+08    3.68524e-01
    2.37858e+22         1.05578e+08    3.68522e-01
    2.37858e+22         9.80974e+07    3.68521e-01
    2.37858e+22         8.94321e+07    3.68519e-01
    2.37858e+22         8.42192e+07    3.68518e-01
    2.37858e+22         7.83410e+07    3.68517e-01
    2.37858e+22         7.15475e+07    3.68515e-01
    2.37858e+22         6.74751e+07    3.68514e-01
    2.37858e+22         6.28963e+07    3.68513e-01
    2.37858e+22         5.76266e+07    3.68512e-01
    2.37858e+22         5.44879e+07    3.68511e-01
    2.37858e+22         5.09770e+07    3.68511e-01
    2.37858e+22         4.69660e+07    3.68510e-01
    2.37858e+22         4.46033e+07    3.68509e-01
    2.37858e+22         4.19836e+07    3.68508e-01
    2.37858e+22         3.90268e+07    3.68508e-01
    2.37858e+22         3.56051e+07    3.68507e-01
    2.37858e+22         3.35495e+07    3.68506e-01
    2.37858e+22         3.12344e+07    3.68506e-01
    2.37858e+22         2.85634e+07    3.68505e-01
    2.37858e+22         2.69664e+07    3.68505e-01
    2.37858e+22         2.51747e+07    3.68504e-01
    2.37858e+22         2.31188e+07    3.68504e-01
    2.37858e+22         2.19000e+07    3.68504e-01
    2.37858e+22         2.05416e+07    3.68503e-01
    2.37858e+22         1.89977e+07    3.68503e-01
    2.37858e+22         1.71927e+07    3.68502e-01
    2.37858e+22         1.60907e+07    3.68502e-01
    2.37858e+22         1.48327e+07    3.68502e-01
    2.37858e+22         1.33521e+07    3.68501e-01
    2.37858e+22         1.24386e+07    3.68501e-01
    2.37858e+22         1.13859e+07    3.68501e-01
    2.37858e+22         1.07578e+07    3.68501e-01
    2.37858e+22         1.00541e+07    3.68500e-01
    2.37858e+22         9.24857e+06    3.68500e-01
    2.37858e+22         8.77256e+06    3.68500e-01
    2.37858e+22         8.24348e+06    3.68500e-01
    2.37858e+22         7.64432e+06    3.68500e-01
    2.37858e+22         6.94755e+06    3.68499e-01
    2.37858e+22         6.52578e+06    3.68499e-01
    2.37858e+22         6.04773e+06    3.68499e-01
    2.37858e+22         5.49111e+06    3.68499e-01
    2.37858e+22         5.15353e+06    3.68499e-01
    2.37858e+22         4.77026e+06    3.68499e-01
    2.37858e+22         4.32294e+06    3.68499e-01
    2.37858e+22         4.05059e+06    3.68499e-01
    2.37858e+22         3.74039e+06    3.68498e-01
    2.37858e+22         3.37661e+06    3.68498e-01
    2.37858e+22         3.15341e+06    3.68498e-01
    2.37858e+22         2.89750e+06    3.68498e-01
    2.37858e+22         2.74595e+06    3.68498e-01
    2.37858e+22         2.57720e+06    3.68498e-01
    2.37858e+22         2.38563e+06    3.68498e-01
    2.37858e+22         2.16207e+06    3.68498e-01
    2.37858e+22         2.02597e+06    3.68498e-01
    2.37858e+22         1.87097e+06    3.68498e-01
    2.37858e+22         1.68923e+06    3.68498e-01
    2.37858e+22         1.57775e+06    3.68498e-01
    2.37858e+22         1.44997e+06    3.68498e-01
    2.37858e+22         1.37432e+06    3.68498e-01
    2.37858e+22         1.29011e+06    3.68498e-01
    2.37858e+22         1.19455e+06    3.68498e-01
    2.37858e+22         1.08309e+06    3.68498e-01
    2.37858e+22         1.01530e+06    3.68497e-01
    2.37858e+22         9.38156e+05    3.68497e-01
    2.37858e+22         8.47801e+05    3.68497e-01
    2.37858e+22         7.92482e+05    3.68497e-01
    2.37858e+22         7.29169e+05    3.68497e-01
    2.37858e+22         6.91777e+05    3.68497e-01
    2.37858e+22         6.50233e+05    3.68497e-01
    2.37858e+22         6.03211e+05    3.68497e-01
    2.37858e+22         5.48573e+05    3.68497e-01
    2.37858e+22         5.15540e+05    3.68497e-01
    2.37858e+22         4.78139e+05    3.68497e-01
    2.37858e+22         4.34658e+05    3.68497e-01
    2.37858e+22         4.08351e+05    3.68497e-01
    2.37858e+22         3.78544e+05    3.68497e-01
    2.37858e+22         3.43859e+05    3.68497e-01
    2.37858e+22         3.22841e+05    3.68497e-01
    2.37858e+22         2.98998e+05    3.68497e-01
    2.37858e+22         2.71200e+05    3.68497e-01
    2.37858e+22         2.54306e+05    3.68497e-01
    2.37858e+22         2.35092e+05    3.68497e-01
    2.37858e+22         2.12610e+05    3.68497e-01
    2.37858e+22         1.98866e+05    3.68497e-01
    2.37858e+22         1.83156e+05    3.68497e-01
    2.37858e+22         1.73896e+05    3.68497e-01
    2.37858e+22         1.63623e+05    3.68497e-01
    2.37858e+22         1.52020e+05    3.68497e-01
    2.37858e+22         1.38579e+05    3.68497e-01
    2.37858e+22         1.30491e+05    3.68497e-01
    2.37858e+22         1.21369e+05    3.68497e-01
    2.37858e+22         1.10825e+05    3.68497e-01
    2.37858e+22         1.04502e+05    3.68497e-01
    2.37858e+22         9.73910e+04    3.68497e-01
    2.37858e+22         8.92033e+04    3.68497e-01
    2.37858e+22         8.43235e+04    3.68497e-01
    2.37858e+22         7.88625e+04    3.68497e-01
    2.37858e+22         7.26190e+04    3.68497e-01
    2.37858e+22         6.89374e+04    3.68497e-01
    2.37858e+22         6.48521e+04    3.68497e-01
    2.37858e+22         6.02358e+04    3.68497e-01
    2.37858e+22         5.48849e+04    3.68497e-01
    2.37858e+22         5.16623e+04    3.68497e-01
    2.37858e+22         4.80252e+04    3.68497e-01
    2.37858e+22         4.38163e+04    3.68497e-01
    2.37858e+22         4.12881e+04    3.68497e-01
    2.37858e+22         3.84408e+04    3.68497e-01
    2.37858e+22         3.51561e+04    3.68497e-01
    2.37858e+22         3.31926e+04    3.68497e-01
    2.37858e+22         3.09898e+04    3.68497e-01
    2.37858e+22         2.84628e+04    3.68497e-01
    2.37858e+22         2.69650e+04    3.68497e-01
    2.37858e+22         2.52961e+04    3.68497e-01
    2.37858e+22         2.33998e+04    3.68497e-01
    2.37858e+22         2.11836e+04    3.68497e-01
    2.37858e+22         1.98316e+04    3.68497e-01
    2.37858e+22         1.82890e+04    3.68497e-01
    2.37858e+22         1.64751e+04    3.68497e-01
    2.37858e+22         1.53574e+04    3.68497e-01
    2.37858e+22         1.40712e+04    3.68497e-01
    2.37858e+22         1.33051e+04    3.68497e-01
    2.37858e+22         1.24483e+04    3.68497e-01
    2.37858e+22         1.14695e+04    3.68497e-01
    2.37858e+22         1.08929e+04    3.68497e-01
    2.37858e+22         1.02538e+04    3.68497e-01
    2.37858e+22         9.53247e+03    3.68497e-01
    2.37858e+22         8.69785e+03    3.68497e-01
    2.37858e+22         8.19661e+03    3.68497e-01
    2.37858e+22         7.63219e+03    3.68497e-01
    2.37858e+22         6.98121e+03    3.68497e-01
    2.37858e+22         6.59219e+03    3.68497e-01
    2.37858e+22         6.15589e+03    3.68497e-01
    2.37858e+22         5.65556e+03    3.68497e-01
    2.37858e+22         5.35918e+03    3.68497e-01
    2.37858e+22         5.02910e+03    3.68497e-01
    2.37858e+22         4.65428e+03    3.68497e-01
    2.37858e+22         4.21666e+03    3.68497e-01
    2.37858e+22         3.95007e+03    3.68497e-01
    2.37858e+22         3.64628e+03    3.68497e-01
    2.37858e+22         3.28976e+03    3.68497e-01
    2.37858e+22         3.07078e+03    3.68497e-01
    2.37858e+22         2.81944e+03    3.68497e-01
    2.37858e+22         2.67037e+03    3.68497e-01
    2.37858e+22         2.50420e+03    3.68497e-01
    2.37858e+22         2.31523e+03    3.68497e-01
    2.37858e+22         2.09416e+03    3.68497e-01
    2.37858e+22         1.95906e+03    3.68497e-01
    2.37858e+22         1.80467e+03    3.68497e-01
    2.37858e+22         1.71371e+03    3.68497e-01
    2.37858e+22         1.61284e+03    3.68497e-01
    2.37858e+22         1.49895e+03    3.68497e-01
    2.37858e+22         1.36710e+03    3.68497e-01
    2.37858e+22         1.28784e+03    3.68497e-01
    2.37858e+22         1.19853e+03    3.68497e-01
    2.37858e+22         1.09542e+03    3.68497e-01
    2.37858e+22         1.03370e+03    3.68497e-01
    2.37858e+22         9.64382e+02    3.68497e-01
    2.37858e+22         8.84748e+02    3.68497e-01
    2.37858e+22         8.37441e+02    3.68497e-01
    2.37858e+22         7.84638e+02    3.68497e-01
    2.37858e+22         7.24489e+02    3.68497e-01
    2.37858e+22         6.53937e+02    3.68497e-01
    2.37858e+22         6.10640e+02    3.68497e-01
    2.37858e+22         5.60984e+02    3.68497e-01
    2.37858e+22         5.31566e+02    3.68497e-01
    2.37858e+22         4.98803e+02    3.68497e-01
    2.37858e+22         4.61593e+02    3.68497e-01
    2.37858e+22         4.18143e+02    3.68497e-01
    2.37858e+22         3.91669e+02    3.68497e-01
    2.37858e+22         3.61495e+02    3.68497e-01
    2.37858e+22         3.26072e+02    3.68497e-01
    2.37858e+22         3.04304e+02    3.68497e-01
    2.37858e+22         2.79311e+02    3.68497e-01
    2.37858e+22         2.64477e+02    3.68497e-01
    2.37858e+22         2.47933e+02    3.68497e-01
    2.37858e+22         2.29107e+02    3.68497e-01
    2.37858e+22         2.07061e+02    3.68497e-01
    2.37858e+22         1.93565e+02    3.68497e-01
    2.37858e+22         1.78122e+02    3.68497e-01
    2.37858e+22         1.69004e+02    3.68497e-01
    2.37858e+22         1.58875e+02    3.68497e-01
    2.37858e+22         1.47413e+02    3.68497e-01
    2.37858e+22         1.34100e+02    3.68497e-01
    2.37858e+22         1.26056e+02    3.68497e-01
    2.37858e+22         1.16952e+02    3.68497e-01
    2.37858e+22         1.06376e+02    3.68497e-01
    2.37858e+22         9.99849e+01    3.68497e-01
    2.37858e+22         9.27501e+01    3.68497e-01
    2.37858e+22         8.43425e+01    3.68497e-01
    2.37858e+22         7.92589e+01    3.68497e-01
    2.37858e+22         7.35022e+01    3.68497e-01
    2.37858e+22         6.68085e+01    3.68497e-01
    2.37858e+22         6.27574e+01    3.68497e-01
    2.37858e+22         5.81664e+01    3.68497e-01
    2.37858e+22         5.28220e+01    3.68497e-01
    2.37858e+22         4.95818e+01    3.68497e-01
    2.37858e+22         4.59042e+01    3.68497e-01
    2.37858e+22         4.16137e+01    3.68497e-01
    2.37858e+22         3.90033e+01    3.68497e-01
    2.37858e+22         3.60318e+01    3.68497e-01
    2.37858e+22         3.25500e+01    3.68497e-01
    2.37858e+22         3.04167e+01    3.68497e-01
    2.37858e+22         2.79737e+01    3.68497e-01
    2.37858e+22         2.65295e+01    3.68497e-01
    2.37858e+22         2.49239e+01    3.68497e-01
    2.37858e+22         2.31046e+01    3.68497e-01
    2.37858e+22         2.09876e+01    3.68497e-01
    2.37858e+22         1.97048e+01    3.68497e-01
    2.37858e+22         1.82496e+01    3.68497e-01
    2.37858e+22         1.65530e+01    3.68497e-01
    2.37858e+22         1.55219e+01    3.68497e-01
    2.37858e+22         1.43492e+01    3.68497e-01
    2.37858e+22         1.29770e+01    3.68497e-01
    2.37858e+22         1.21382e+01    3.68497e-01
    2.37858e+22         1.11794e+01    3.68497e-01
    2.37858e+22         1.06143e+01    3.68497e-01
    2.37858e+22         9.98736e+00    3.68497e-01
    2.37858e+22         9.27925e+00    3.68497e-01
    2.37858e+22         8.45895e+00    3.68497e-01
    2.37858e+22         7.96540e+00    3.68497e-01
    2.37858e+22         7.40878e+00    3.68497e-01
    2.37858e+22         6.76539e+00    3.68497e-01
    2.37858e+22         6.37960e+00    3.68497e-01
    2.37858e+22         5.94574e+00    3.68497e-01
    2.37858e+22         5.44625e+00    3.68497e-01
    2.37858e+22         5.14860e+00    3.68497e-01
    2.37858e+22         4.81553e+00    3.68497e-01
    2.37858e+22         4.43480e+00    3.68497e-01
    2.37858e+22         4.21034e+00    3.68497e-01
    2.37858e+22         3.96132e+00    3.68497e-01
    2.37858e+22         3.68000e+00    3.68497e-01
    2.37858e+22         3.35403e+00    3.68497e-01
    2.37858e+22         3.15782e+00    3.68497e-01
    2.37858e+22         2.93647e+00    3.68497e-01
    2.37858e+22         2.68050e+00    3.68497e-01
    2.37858e+22         2.52690e+00    3.68497e-01
    2.37858e+22         2.35406e+00    3.68497e-01
    2.37858e+22         2.15491e+00    3.68497e-01
    2.37858e+22         2.03608e+00    3.68497e-01
    2.37858e+22         1.90297e+00    3.68497e-01
    2.37858e+22         1.75059e+00    3.68497e-01
    2.37858e+22         1.66056e+00    3.68497e-01
    2.37858e+22         1.56050e+00    3.68497e-01
    2.37858e+22         1.44720e+00    3.68497e-01
    2.37858e+22         1.31547e+00    3.68497e-01
    2.37858e+22         1.23575e+00    3.68497e-01
    2.37858e+22         1.14541e+00    3.68497e-01
    2.37858e+22         1.04027e+00    3.68497e-01
    2.37858e+22         9.76526e-01    3.68497e-01
    2.37858e+22         9.04194e-01    3.68497e-01
    2.37858e+22         8.19826e-01    3.68497e-01
    2.37858e+22         7.68514e-01    3.68497e-01
    2.37858e+22         7.10120e-01    3.68497e-01
    2.37858e+22         6.41728e-01    3.68497e-01
    2.37858e+22         5.99855e-01    3.68497e-01
    2.37858e+22         5.51932e-01    3.68497e-01
    2.37858e+22         5.23628e-01    3.68497e-01
    2.37858e+22         4.92183e-01    3.68497e-01
    2.37858e+22         4.56590e-01    3.68497e-01
    2.37858e+22         4.15233e-01    3.68497e-01
    2.37858e+22         3.90230e-01    3.68497e-01
    2.37858e+22         3.61920e-01    3.68497e-01
    2.37858e+22         3.29008e-01    3.68497e-01
    2.37858e+22         3.09095e-01    3.68497e-01
    2.37858e+22         2.86534e-01    3.68497e-01
    2.37858e+22         2.60279e-01    3.68497e-01
    2.37858e+22         2.44371e-01    3.68497e-01
    2.37858e+22         2.26323e-01    3.68497e-01
    2.37858e+22         2.05282e-01    3.68497e-01
    2.37858e+22         1.92495e-01    3.68497e-01
    2.37858e+22         1.77952e-01    3.68497e-01
    2.37858e+22         1.60935e-01    3.68497e-01
    2.37858e+22         1.50532e-01    3.68497e-01
    2.37858e+22         1.38641e-01    3.68497e-01
    2.37858e+22         1.31632e-01    3.68497e-01
    2.37858e+22         1.23857e-01    3.68497e-01
    2.37858e+22         1.15075e-01    3.68497e-01
    2.37858e+22         1.04902e-01    3.68497e-01
    2.37858e+22         9.87810e-02    3.68497e-01
    2.37858e+22         9.18778e-02    3.68497e-01
    2.37858e+22         8.38982e-02    3.68497e-01
    2.37858e+22         7.91134e-02    3.68497e-01
    2.37858e+22         7.37324e-02    3.68497e-01
    2.37858e+22         6.75372e-02    3.68497e-01
    2.37858e+22         6.38453e-02    3.68497e-01
    2.37858e+22         5.97141e-02    3.68497e-01
    2.37858e+22         5.49914e-02    3.68497e-01
    2.37858e+22         5.22071e-02    3.68497e-01
    2.37858e+22         4.91179e-02    3.68497e-01
    2.37858e+22         4.56279e-02    3.68497e-01
    2.37858e+22         4.15835e-02    3.68497e-01
    2.37858e+22         3.91489e-02    3.68497e-01
    2.37858e+22         3.64020e-02    3.68497e-01
    2.37858e+22         3.32249e-02    3.68497e-01
    2.37858e+22         3.13181e-02    3.68497e-01
    2.37858e+22         2.91719e-02    3.68497e-01
    2.37858e+22         2.66984e-02    3.68497e-01
    2.37858e+22         2.52219e-02    3.68497e-01
    2.37858e+22         2.35674e-02    3.68497e-01
    2.37858e+22         2.16724e-02    3.68497e-01
    2.37858e+22         2.05520e-02    3.68497e-01
    2.37858e+22         1.93061e-02    3.68497e-01
    2.37858e+22         1.78943e-02    3.68497e-01
    2.37858e+22         1.62508e-02    3.68497e-01
    2.37858e+22         1.52545e-02    3.68497e-01
    2.37858e+22         1.41237e-02    3.68497e-01
    2.37858e+22         1.28047e-02    3.68497e-01
    2.37858e+22         1.20023e-02    3.68497e-01
    2.37858e+22         1.10890e-02    3.68497e-01
    2.37858e+22         1.00191e-02    3.68497e-01
    2.37858e+22         9.36380e-03    3.68497e-01
    2.37858e+22         8.61357e-03    3.68497e-01
    2.37858e+22         8.17027e-03    3.68497e-01
    2.37858e+22         7.67755e-03    3.68497e-01
    2.37858e+22         7.11957e-03    3.68497e-01
    2.37858e+22         6.47069e-03    3.68497e-01
    2.37858e+22         6.07792e-03    3.68497e-01
    2.37858e+22         5.63275e-03    3.68497e-01
    2.37858e+22         5.11443e-03    3.68497e-01
    2.37858e+22         4.80008e-03    3.68497e-01
    2.37858e+22         4.44321e-03    3.68497e-01
    2.37858e+22         4.02671e-03    3.68497e-01
    2.37858e+22         3.77315e-03    3.68497e-01
    2.37858e+22         3.48437e-03    3.68497e-01
    2.37858e+22         3.14573e-03    3.68497e-01
    2.37858e+22         2.93800e-03    3.68497e-01
    2.37858e+22         2.69985e-03    3.68497e-01
    2.37858e+22         2.55885e-03    3.68497e-01
    2.37858e+22         2.40187e-03    3.68497e-01
    2.37858e+22         2.22371e-03    3.68497e-01
    2.37858e+22         2.01585e-03    3.68497e-01
    2.37858e+22         1.88939e-03    3.68497e-01
    2.37858e+22         1.74543e-03    3.68497e-01
    2.37858e+22         1.57674e-03    3.68497e-01
    2.37858e+22         1.47338e-03    3.68497e-01
    2.37858e+22         1.35501e-03    3.68497e-01
    2.37858e+22         1.28504e-03    3.68497e-01
    2.37858e+22         1.20724e-03    3.68497e-01
    2.37858e+22         1.11908e-03    3.68497e-01
    2.37858e+22         1.01649e-03    3.68497e-01
    2.37858e+22         9.54320e-04    3.68497e-01
    2.37858e+22         8.83784e-04    3.68497e-01
    2.37858e+22         8.01540e-04    3.68497e-01
    2.37858e+22         7.51546e-04    3.68497e-01
    2.37858e+22         6.94679e-04    3.68497e-01
    2.37858e+22         6.28121e-04    3.68497e-01
    2.37858e+22         5.87416e-04    3.68497e-01
    2.37858e+22         5.40874e-04    3.68497e-01
    2.37858e+22         5.13426e-04    3.68497e-01
    2.37858e+22         4.82964e-04    3.68497e-01
    2.37858e+22         4.48539e-04    3.68497e-01
    2.37858e+22         4.08626e-04    3.68497e-01
    2.37858e+22         3.84581e-04    3.68497e-01
    2.37858e+22         3.57435e-04    3.68497e-01
    2.37858e+22         3.26010e-04    3.68497e-01
    2.37858e+22         3.07122e-04    3.68497e-01
    2.37858e+22         2.85839e-04    3.68497e-01
    2.37858e+22         2.61269e-04    3.68497e-01
    2.37858e+22         2.46565e-04    3.68497e-01
    2.37858e+22         2.30054e-04    3.68497e-01
    2.37858e+22         2.11089e-04    3.68497e-01
    2.37858e+22         1.99826e-04    3.68497e-01
    2.37858e+22         1.87257e-04    3.68497e-01
    2.37858e+22         1.72945e-04    3.68497e-01
    2.37858e+22         1.56166e-04    3.68497e-01
    2.37858e+22         1.45876e-04    3.68497e-01
    2.37858e+22         1.34084e-04    3.68497e-01
    2.37858e+22         1.27106e-04    3.68497e-01
    2.37858e+22         1.19340e-04    3.68497e-01
    2.37858e+22         1.10530e-04    3.68497e-01
    2.37858e+22         1.00260e-04    3.68497e-01
    2.37858e+22         9.40195e-05    3.68497e-01
    2.37858e+22         8.69227e-05    3.68497e-01
    2.37858e+22         7.86198e-05    3.68497e-01
    2.37858e+22         7.35451e-05    3.68497e-01
    2.37858e+22         6.77460e-05    3.68497e-01
    2.37858e+22         6.43288e-05    3.68497e-01
    2.37858e+22         6.05389e-05    3.68497e-01
    2.37858e+22         5.62597e-05    3.68497e-01
    2.37858e+22         5.13047e-05    3.68497e-01
    2.37858e+22         4.83255e-05    3.68497e-01
    2.37858e+22         4.49677e-05    3.68497e-01
    2.37858e+22         4.10897e-05    3.68497e-01
    2.37858e+22         3.87674e-05    3.68497e-01
    2.37858e+22         3.61586e-05    3.68497e-01
    2.37858e+22         3.31597e-05    3.68497e-01
    2.37858e+22         3.13768e-05    3.68497e-01
    2.37858e+22         2.93856e-05    3.68497e-01
    2.37858e+22         2.71153e-05    3.68497e-01
    2.37858e+22         2.44489e-05    3.68497e-01


