              t                   M              a
    1.23833e-21         1.00000e+17    8.00000e-01
    2.47665e-21         1.00000e+17    8.00000e-01
    4.95331e-21         1.00000e+17    8.00000e-01
    9.90662e-21         1.00000e+17    8.00000e-01
    1.98132e-20         1.00000e+17    8.00000e-01
    3.96265e-20         1.00000e+17    8.00000e-01
    7.92530e-20         1.00000e+17    8.00000e-01
    1.58506e-19         1.00000e+17    8.00000e-01
    3.17012e-19         1.00000e+17    8.00000e-01
    6.34024e-19         1.00000e+17    8.00000e-01
    1.26805e-18         1.00000e+17    8.00000e-01
    2.53609e-18         1.00000e+17    8.00000e-01
    5.07219e-18         1.00000e+17    8.00000e-01
    1.01444e-17         1.00000e+17    8.00000e-01
    2.02888e-17         1.00000e+17    8.00000e-01
    4.05775e-17         1.00000e+17    8.00000e-01
    8.11550e-17         1.00000e+17    8.00000e-01
    1.62310e-16         1.00000e+17    8.00000e-01
    3.24620e-16         1.00000e+17    8.00000e-01
    6.49240e-16         1.00000e+17    8.00000e-01
    1.29848e-15         1.00000e+17    8.00000e-01
    2.59696e-15         1.00000e+17    8.00000e-01
    5.19392e-15         1.00000e+17    8.00000e-01
    1.03878e-14         1.00000e+17    8.00000e-01
    2.07757e-14         1.00000e+17    8.00000e-01
    4.15514e-14         1.00000e+17    8.00000e-01
    8.31027e-14         1.00000e+17    8.00000e-01
    1.66205e-13         1.00000e+17    8.00000e-01
    3.32411e-13         1.00000e+17    8.00000e-01
    6.64822e-13         1.00000e+17    8.00000e-01
    1.32964e-12         1.00000e+17    8.00000e-01
    2.65929e-12         1.00000e+17    8.00000e-01
    5.31858e-12         1.00000e+17    8.00000e-01
    1.06372e-11         1.00000e+17    8.00000e-01
    2.12743e-11         1.00000e+17    8.00000e-01
    4.25486e-11         1.00000e+17    8.00000e-01
    8.50972e-11         1.00000e+17    8.00000e-01
    1.70194e-10         1.00000e+17    8.00000e-01
    3.40389e-10         1.00000e+17    8.00000e-01
    6.80778e-10         1.00000e+17    8.00000e-01
    1.36156e-09         1.00000e+17    8.00000e-01
    2.72311e-09         1.00000e+17    8.00000e-01
    5.44622e-09         1.00000e+17    8.00000e-01
    1.08924e-08         1.00000e+17    8.00000e-01
    2.17849e-08         1.00000e+17    8.00000e-01
    4.35698e-08         1.00000e+17    8.00000e-01
    8.71395e-08         1.00000e+17    8.00000e-01
    1.74279e-07         1.00000e+17    8.00000e-01
    3.48558e-07         1.00000e+17    8.00000e-01
    6.97116e-07         1.00000e+17    8.00000e-01
    1.39423e-06         1.00000e+17    8.00000e-01
    2.78847e-06         1.00000e+17    8.00000e-01
    5.57693e-06         1.00000e+17    8.00000e-01
    1.11539e-05         1.00000e+17    8.00000e-01
    2.23077e-05         1.00000e+17    8.00000e-01
    4.46154e-05         1.00000e+17    8.00000e-01
    8.92309e-05         1.00000e+17    8.00000e-01
    1.78462e-04         1.00000e+17    8.00000e-01
    3.56924e-04         1.00000e+17    8.00000e-01
    7.13847e-04         1.00000e+17    8.00000e-01
    1.42769e-03         1.00000e+17    8.00000e-01
    2.85539e-03         1.00000e+17    8.00000e-01
    5.71078e-03         1.00000e+17    8.00000e-01
    1.14216e-02         1.00000e+17    8.00000e-01
    2.28431e-02         1.00000e+17    8.00000e-01
    4.56862e-02         1.00000e+17    8.00000e-01
    9.13724e-02         1.00000e+17    8.00000e-01
    1.82745e-01         1.00000e+17    8.00000e-01
    3.65490e-01         1.00000e+17    8.00000e-01
    7.30979e-01         1.00000e+17    8.00000e-01
    1.46196e+00         1.00000e+17    8.00000e-01
    2.92392e+00         1.00000e+17    8.00000e-01
    5.84784e+00         1.00000e+17    8.00000e-01
    1.16957e+01         1.00000e+17    8.00000e-01
    2.33913e+01         1.00000e+17    8.00000e-01
    4.67827e+01         1.00000e+17    8.00000e-01
    9.35654e+01         1.00000e+17    8.00000e-01
    1.87131e+02         1.00000e+17    8.00000e-01
    3.74261e+02         1.00000e+17    8.00000e-01
    7.48523e+02         1.00000e+17    8.00000e-01
    1.49705e+03         1.00000e+17    8.00000e-01
    2.99409e+03         1.00000e+17    8.00000e-01
    5.98818e+03         1.00000e+17    8.00000e-01
    1.19764e+04         1.00000e+17    8.00000e-01
    2.39527e+04         1.00000e+17    8.00000e-01
    4.79055e+04         1.00000e+17    8.00000e-01
    9.58109e+04         1.00000e+17    8.00000e-01
    1.91622e+05         1.00000e+17    8.00000e-01
    3.83244e+05         1.00000e+17    8.00000e-01
    7.66488e+05         1.00000e+17    8.00000e-01
    1.53298e+06         1.00000e+17    8.00000e-01
    3.06595e+06         1.00000e+17    8.00000e-01
    6.13190e+06         1.00000e+17    8.00000e-01
    1.22638e+07         1.00000e+17    8.00000e-01
    2.45276e+07         1.00000e+17    8.00000e-01
    4.90552e+07         1.00000e+17    8.00000e-01
    9.81104e+07         1.00000e+17    8.00000e-01
    1.96221e+08         1.00000e+17    8.00000e-01
    3.92442e+08         1.00000e+17    8.00000e-01
    7.84883e+08         1.00000e+17    8.00000e-01
    1.56977e+09         1.00000e+17    8.00000e-01
    3.13953e+09         1.00000e+17    8.00000e-01
    6.27907e+09         1.00000e+17    8.00000e-01
    1.25581e+10         1.00000e+17    8.00000e-01
    2.51163e+10         1.00000e+17    8.00000e-01
    5.02325e+10         1.00000e+17    8.00000e-01
    1.00465e+11         1.00000e+17    8.00000e-01
    2.00930e+11         1.00000e+17    8.00000e-01
    4.01860e+11         1.00000e+17    8.00000e-01
    8.03720e+11         1.00000e+17    8.00000e-01
    1.60744e+12         1.00000e+17    8.00000e-01
    3.21488e+12         1.00000e+17    8.00000e-01
    6.42976e+12         1.00000e+17    8.00000e-01
    1.28595e+13         1.00000e+17    8.00000e-01
    2.57191e+13         1.00000e+17    8.00000e-01
    5.14381e+13         1.00000e+17    8.00000e-01
    1.02876e+14         1.00000e+17    8.00000e-01
    2.05752e+14         1.00000e+17    8.00000e-01
    4.11505e+14         1.00000e+17    8.00000e-01
    8.23010e+14         1.00000e+17    8.00000e-01
    1.64602e+15         1.00000e+17    8.00000e-01
    3.29204e+15         1.00000e+17    8.00000e-01
    6.58408e+15         1.00000e+17    8.00000e-01
    1.31682e+16         1.00000e+17    8.00000e-01
    2.63363e+16         1.00000e+17    8.00000e-01
    5.26726e+16         1.00000e+17    8.00000e-01
    1.05345e+17         1.00000e+17    8.00000e-01
    2.10690e+17         1.00000e+17    8.00000e-01
    4.21381e+17         1.00000e+17    8.00000e-01
    8.42762e+17         1.00000e+17    7.99999e-01
    1.68552e+18         9.99999e+16    7.99999e-01
    3.37105e+18         9.99998e+16    7.99998e-01
    6.74210e+18         9.99996e+16    7.99995e-01
    1.34842e+19         9.99993e+16    7.99991e-01
    2.69684e+19         9.99986e+16    7.99982e-01
    5.39368e+19         9.99972e+16    7.99964e-01
    1.07874e+20         9.99944e+16    7.99928e-01
    2.15747e+20         9.99887e+16    7.99855e-01
    4.31494e+20         9.99774e+16    7.99710e-01
    8.62988e+20         9.99549e+16    7.99420e-01
    1.72598e+21         9.99098e+16    7.98841e-01
    3.45195e+21         9.98197e+16    7.97684e-01
    6.90391e+21         9.96403e+16    7.95374e-01
    1.38078e+22         9.92836e+16    7.90774e-01
    2.76156e+22         9.85781e+16    7.81643e-01
    4.14234e+22         9.78879e+16    7.72641e-01
    5.52312e+22         9.72136e+16    7.63769e-01
    6.90391e+22         9.65555e+16    7.55031e-01
    8.28469e+22         9.59139e+16    7.46430e-01
    9.66547e+22         9.52787e+16    7.37902e-01
    1.10462e+23         9.46478e+16    7.29422e-01
    1.24270e+23         9.40241e+16    7.21022e-01
    1.38078e+23         9.34077e+16    7.12702e-01
    1.51886e+23         9.27964e+16    7.04466e-01
    1.65694e+23         9.21888e+16    6.96302e-01
    1.79502e+23         9.15851e+16    6.88210e-01
    1.93309e+23         9.09854e+16    6.80191e-01
    2.07117e+23         9.03884e+16    6.72231e-01
    2.20925e+23         8.97924e+16    6.64315e-01
    2.34733e+23         8.91975e+16    6.56442e-01
    2.48541e+23         8.86035e+16    6.48613e-01
    2.62348e+23         8.80107e+16    6.40828e-01
    2.76156e+23         8.74180e+16    6.33080e-01
    2.89964e+23         8.68247e+16    6.25365e-01
    3.03772e+23         8.62314e+16    6.17684e-01
    3.17580e+23         8.56382e+16    6.10036e-01
    3.31387e+23         8.50452e+16    6.02423e-01
    3.45195e+23         8.44492e+16    5.94783e-01
    3.59003e+23         8.38512e+16    5.87127e-01
    3.72811e+23         8.32512e+16    5.79454e-01
    3.86619e+23         8.26492e+16    5.71765e-01
    4.00427e+23         8.20453e+16    5.64071e-01
    4.14234e+23         8.14384e+16    5.56377e-01
    4.28042e+23         8.08283e+16    5.48682e-01
    4.41850e+23         8.02148e+16    5.40988e-01
    4.55658e+23         7.95980e+16    5.33292e-01
    4.69466e+23         7.89757e+16    5.25568e-01
    4.83273e+23         7.83489e+16    5.17856e-01
    4.97081e+23         7.77175e+16    5.10155e-01
    5.10889e+23         7.70813e+16    5.02463e-01
    5.24697e+23         7.64401e+16    4.94782e-01
    5.38505e+23         7.57934e+16    4.87100e-01
    5.52312e+23         7.51398e+16    4.79389e-01
    5.66120e+23         7.44789e+16    4.71648e-01
    5.79928e+23         7.38107e+16    4.63876e-01
    5.93736e+23         7.31347e+16    4.56071e-01
    6.07544e+23         7.24504e+16    4.48244e-01
    6.21352e+23         7.17574e+16    4.40380e-01
    6.35159e+23         7.10552e+16    4.32478e-01
    6.48967e+23         7.03434e+16    4.24536e-01
    6.62775e+23         6.96208e+16    4.16543e-01
    6.76583e+23         6.88868e+16    4.08497e-01
    6.90391e+23         6.81408e+16    4.00395e-01
    7.04198e+23         6.73822e+16    3.92235e-01
    7.18006e+23         6.66104e+16    3.84013e-01
    7.31814e+23         6.58244e+16    3.75738e-01
    7.45622e+23         6.50231e+16    3.67384e-01
    7.59430e+23         6.42056e+16    3.58948e-01
    7.73237e+23         6.33711e+16    3.50425e-01
    7.87045e+23         6.25180e+16    3.41809e-01
    8.00853e+23         6.16448e+16    3.33087e-01
    8.14661e+23         6.07498e+16    3.24250e-01
    8.28469e+23         5.98320e+16    3.15291e-01
    8.42277e+23         5.88897e+16    3.06210e-01
    8.56084e+23         5.79200e+16    2.96981e-01
    8.69892e+23         5.69207e+16    2.87594e-01
    8.83700e+23         5.58891e+16    2.78030e-01
    8.97508e+23         5.48230e+16    2.68302e-01
    9.11316e+23         5.37176e+16    2.58353e-01
    9.25123e+23         5.25689e+16    2.48166e-01
    9.38931e+23         5.13725e+16    2.37718e-01
    9.52739e+23         5.01229e+16    2.27017e-01
    9.66547e+23         4.88120e+16    2.15975e-01
    9.80355e+23         4.74317e+16    2.04556e-01
    9.94162e+23         4.59712e+16    1.92727e-01
    1.00797e+24         4.44186e+16    1.80466e-01
    1.02178e+24         4.27579e+16    1.67715e-01
    1.03559e+24         4.09626e+16    1.54320e-01
    1.04939e+24         3.90060e+16    1.40256e-01
    1.05630e+24         3.79236e+16    1.32794e-01
    1.06320e+24         3.67760e+16    1.25074e-01
    1.07011e+24         3.55509e+16    1.17055e-01
    1.07701e+24         3.42332e+16    1.08680e-01
    1.08391e+24         3.28042e+16    9.98941e-02
    1.09082e+24         3.12419e+16    9.06729e-02
    1.09427e+24         3.03643e+16    8.56226e-02
    1.09772e+24         2.94289e+16    8.03404e-02
    1.10117e+24         2.84257e+16    7.48001e-02
    1.10462e+24         2.73388e+16    6.89331e-02
    1.10808e+24         2.61454e+16    6.26296e-02
    1.10980e+24         2.54810e+16    5.92146e-02
    1.11153e+24         2.47731e+16    5.56255e-02
    1.11325e+24         2.40148e+16    5.18462e-02
    1.11498e+24         2.31975e+16    4.78598e-02
    1.11671e+24         2.23100e+16    4.36465e-02
    1.11757e+24         2.18236e+16    4.14142e-02
    1.11843e+24         2.13101e+16    3.90988e-02
    1.11930e+24         2.07657e+16    3.66933e-02
    1.12016e+24         2.01859e+16    3.41917e-02
    1.12102e+24         1.95649e+16    3.15857e-02
    1.12188e+24         1.88951e+16    2.88654e-02
    1.12275e+24         1.81668e+16    2.60219e-02
    1.12318e+24         1.77668e+16    2.45345e-02
    1.12361e+24         1.73451e+16    2.30102e-02
    1.12404e+24         1.68988e+16    2.14471e-02
    1.12447e+24         1.64250e+16    1.98478e-02
    1.12491e+24         1.59195e+16    1.82124e-02
    1.12534e+24         1.53771e+16    1.65388e-02
    1.12555e+24         1.50829e+16    1.56769e-02
    1.12577e+24         1.47751e+16    1.48002e-02
    1.12598e+24         1.44519e+16    1.39080e-02
    1.12620e+24         1.41115e+16    1.29996e-02
    1.12642e+24         1.37512e+16    1.20723e-02
    1.12663e+24         1.33681e+16    1.11253e-02
    1.12685e+24         1.29584e+16    1.01580e-02
    1.12706e+24         1.25170e+16    9.16632e-03
    1.12717e+24         1.22773e+16    8.65769e-03
    1.12728e+24         1.20262e+16    8.14195e-03
    1.12739e+24         1.17628e+16    7.61965e-03
    1.12749e+24         1.14855e+16    7.09095e-03
    1.12760e+24         1.11927e+16    6.55576e-03
    1.12771e+24         1.08820e+16    6.01382e-03
    1.12782e+24         1.05497e+16    5.46201e-03
    1.12787e+24         1.03708e+16    5.18119e-03
    1.12793e+24         1.01846e+16    4.89768e-03
    1.12798e+24         9.99024e+15    4.61146e-03
    1.12803e+24         9.78692e+15    4.32254e-03
    1.12809e+24         9.57360e+15    4.03097e-03
    1.12814e+24         9.34908e+15    3.73678e-03
    1.12820e+24         9.11210e+15    3.44053e-03
    1.12825e+24         8.86126e+15    3.14298e-03
    1.12830e+24         8.59446e+15    2.84437e-03
    1.12833e+24         8.45174e+15    2.69456e-03
    1.12836e+24         8.30357e+15    2.54426e-03
    1.12838e+24         8.14945e+15    2.39351e-03
    1.12841e+24         7.98876e+15    2.24235e-03
    1.12844e+24         7.82083e+15    2.09084e-03
    1.12847e+24         7.64490e+15    1.93916e-03
    1.12849e+24         7.46006e+15    1.78742e-03
    1.12852e+24         7.26514e+15    1.63567e-03
    1.12855e+24         7.05874e+15    1.48408e-03
    1.12856e+24         6.94901e+15    1.40851e-03
    1.12857e+24         6.83556e+15    1.33303e-03
    1.12859e+24         6.71807e+15    1.25766e-03
    1.12860e+24         6.59617e+15    1.18242e-03
    1.12861e+24         6.46955e+15    1.10745e-03
    1.12863e+24         6.33772e+15    1.03278e-03
    1.12864e+24         6.20016e+15    0.00000e+00
    1.12865e+24         6.05619e+15    0.00000e+00
    1.12867e+24         5.90504e+15    0.00000e+00
    1.12868e+24         5.74576e+15    0.00000e+00
    1.12869e+24         5.57719e+15    0.00000e+00
    1.12871e+24         5.39794e+15    0.00000e+00
    1.12872e+24         5.20624e+15    0.00000e+00
    1.12873e+24         4.99979e+15    0.00000e+00
    1.12875e+24         4.77558e+15    0.00000e+00
    1.12876e+24         4.52940e+15    0.00000e+00
    1.12878e+24         4.25540e+15    0.00000e+00
    1.12879e+24         3.94456e+15    0.00000e+00
    1.12880e+24         3.58226e+15    0.00000e+00
    1.12881e+24         3.36233e+15    0.00000e+00
    1.12882e+24         3.11256e+15    0.00000e+00
    1.12882e+24         2.82090e+15    0.00000e+00
    1.12883e+24         2.64326e+15    0.00000e+00
    1.12883e+24         2.44088e+15    0.00000e+00
    1.12883e+24         2.20350e+15    0.00000e+00
    1.12883e+24         2.05783e+15    0.00000e+00
    1.12884e+24         1.89078e+15    0.00000e+00
    1.12884e+24         1.79183e+15    0.00000e+00
    1.12884e+24         1.68165e+15    0.00000e+00
    1.12884e+24         1.55655e+15    0.00000e+00
    1.12884e+24         1.41050e+15    0.00000e+00
    1.12884e+24         1.32154e+15    0.00000e+00
    1.12884e+24         1.22017e+15    0.00000e+00
    1.12884e+24         1.10113e+15    0.00000e+00
    1.12884e+24         1.02784e+15    0.00000e+00
    1.12884e+24         9.43483e+14    0.00000e+00
    1.12884e+24         8.93215e+14    0.00000e+00
    1.12884e+24         8.36884e+14    0.00000e+00
    1.12884e+24         7.72293e+14    0.00000e+00
    1.12884e+24         6.95612e+14    0.00000e+00
    1.12884e+24         6.47457e+14    0.00000e+00
    1.12884e+24         5.90976e+14    0.00000e+00
    1.12884e+24         5.56097e+14    0.00000e+00
    1.12884e+24         5.15884e+14    0.00000e+00
    1.12884e+24         4.68151e+14    0.00000e+00
    1.12884e+24         4.38177e+14    0.00000e+00
    1.12884e+24         4.03156e+14    0.00000e+00
    1.12884e+24         3.81908e+14    0.00000e+00
    1.12884e+24         3.57873e+14    0.00000e+00
    1.12884e+24         3.30036e+14    0.00000e+00
    1.12884e+24         3.13284e+14    0.00000e+00
    1.12884e+24         2.94446e+14    0.00000e+00
    1.12884e+24         2.72841e+14    0.00000e+00
    1.12884e+24         2.47367e+14    0.00000e+00
    1.12884e+24         2.31684e+14    0.00000e+00
    1.12884e+24         2.13686e+14    0.00000e+00
    1.12884e+24         1.92408e+14    0.00000e+00
    1.12884e+24         1.79226e+14    0.00000e+00
    1.12884e+24         1.63994e+14    0.00000e+00
    1.12884e+24         1.54876e+14    0.00000e+00
    1.12884e+24         1.44643e+14    0.00000e+00
    1.12884e+24         1.32901e+14    0.00000e+00
    1.12884e+24         1.25941e+14    0.00000e+00
    1.12884e+24         1.18186e+14    0.00000e+00
    1.12884e+24         1.09377e+14    0.00000e+00
    1.12884e+24         9.90874e+13    0.00000e+00
    1.12884e+24         9.28142e+13    0.00000e+00
    1.12884e+24         8.56594e+13    0.00000e+00
    1.12884e+24         7.72478e+13    0.00000e+00
    1.12884e+24         7.20654e+13    0.00000e+00
    1.12884e+24         6.60957e+13    0.00000e+00
    1.12884e+24         6.25317e+13    0.00000e+00
    1.12884e+24         5.85374e+13    0.00000e+00
    1.12884e+24         5.39570e+13    0.00000e+00
    1.12884e+24         5.12366e+13    0.00000e+00
    1.12884e+24         4.81977e+13    0.00000e+00
    1.12884e+24         4.47271e+13    0.00000e+00
    1.12884e+24         4.06450e+13    0.00000e+00
    1.12884e+24         3.81287e+13    0.00000e+00
    1.12884e+24         3.52299e+13    0.00000e+00
    1.12884e+24         3.17779e+13    0.00000e+00
    1.12884e+24         2.96175e+13    0.00000e+00
    1.12884e+24         2.70989e+13    0.00000e+00
    1.12884e+24         2.55745e+13    0.00000e+00
    1.12884e+24         2.38488e+13    0.00000e+00
    1.12884e+24         2.18481e+13    0.00000e+00
    1.12884e+24         2.06456e+13    0.00000e+00
    1.12884e+24         1.92913e+13    0.00000e+00
    1.12884e+24         1.77290e+13    0.00000e+00
    1.12884e+24         1.67956e+13    0.00000e+00
    1.12884e+24         1.57489e+13    0.00000e+00
    1.12884e+24         1.45500e+13    0.00000e+00
    1.12884e+24         1.31304e+13    0.00000e+00
    1.12884e+24         1.22441e+13    0.00000e+00
    1.12884e+24         1.12144e+13    0.00000e+00
    1.12884e+24         1.05929e+13    0.00000e+00
    1.12884e+24         9.89046e+12    0.00000e+00
    1.12884e+24         9.07727e+12    0.00000e+00
    1.12884e+24         8.59009e+12    0.00000e+00
    1.12884e+24         8.04411e+12    0.00000e+00
    1.12884e+24         7.41881e+12    0.00000e+00
    1.12884e+24         6.68011e+12    0.00000e+00
    1.12884e+24         6.22269e+12    0.00000e+00
    1.12884e+24         5.69451e+12    0.00000e+00
    1.12884e+24         5.37846e+12    0.00000e+00
    1.12884e+24         5.02380e+12    0.00000e+00
    1.12884e+24         4.61688e+12    0.00000e+00
    1.12884e+24         4.37580e+12    0.00000e+00
    1.12884e+24         4.10730e+12    0.00000e+00
    1.12884e+24         3.80242e+12    0.00000e+00
    1.12884e+24         3.44652e+12    0.00000e+00
    1.12884e+24         3.22985e+12    0.00000e+00
    1.12884e+24         2.98310e+12    0.00000e+00
    1.12884e+24         2.69378e+12    0.00000e+00
    1.12884e+24         2.51635e+12    0.00000e+00
    1.12884e+24         2.31301e+12    0.00000e+00
    1.12884e+24         2.19266e+12    0.00000e+00
    1.12884e+24         2.05874e+12    0.00000e+00
    1.12884e+24         1.90682e+12    0.00000e+00
    1.12884e+24         1.72973e+12    0.00000e+00
    1.12884e+24         1.62211e+12    0.00000e+00
    1.12884e+24         1.49972e+12    0.00000e+00
    1.12884e+24         1.35652e+12    0.00000e+00
    1.12884e+24         1.26896e+12    0.00000e+00
    1.12884e+24         1.16885e+12    0.00000e+00
    1.12884e+24         1.10980e+12    0.00000e+00
    1.12884e+24         1.04423e+12    0.00000e+00
    1.12884e+24         9.70073e+11    0.00000e+00
    1.12884e+24         8.83931e+11    0.00000e+00
    1.12884e+24         8.31836e+11    0.00000e+00
    1.12884e+24         7.72812e+11    0.00000e+00
    1.12884e+24         7.04165e+11    0.00000e+00
    1.12884e+24         6.62617e+11    0.00000e+00
    1.12884e+24         6.15542e+11    0.00000e+00
    1.12884e+24         5.60788e+11    0.00000e+00
    1.12884e+24         5.27654e+11    0.00000e+00
    1.12884e+24         4.90110e+11    0.00000e+00
    1.12884e+24         4.46422e+11    0.00000e+00
    1.12884e+24         4.19961e+11    0.00000e+00
    1.12884e+24         3.89915e+11    0.00000e+00
    1.12884e+24         3.54805e+11    0.00000e+00
    1.12884e+24         3.33404e+11    0.00000e+00
    1.12884e+24         3.08973e+11    0.00000e+00
    1.12884e+24         2.80210e+11    0.00000e+00
    1.12884e+24         2.62467e+11    0.00000e+00
    1.12884e+24         2.42077e+11    0.00000e+00
    1.12884e+24         2.17908e+11    0.00000e+00
    1.12884e+24         2.02831e+11    0.00000e+00
    1.12884e+24         1.85334e+11    0.00000e+00
    1.12884e+24         1.74804e+11    0.00000e+00
    1.12884e+24         1.62931e+11    0.00000e+00
    1.12884e+24         1.49225e+11    0.00000e+00
    1.12884e+24         1.41032e+11    0.00000e+00
    1.12884e+24         1.31849e+11    0.00000e+00
    1.12884e+24         1.21330e+11    0.00000e+00
    1.12884e+24         1.15111e+11    0.00000e+00
    1.12884e+24         1.08197e+11    0.00000e+00
    1.12884e+24         1.00366e+11    0.00000e+00
    1.12884e+24         9.12609e+10    0.00000e+00
    1.12884e+24         8.57516e+10    0.00000e+00
    1.12884e+24         7.95098e+10    0.00000e+00
    1.12884e+24         7.22475e+10    0.00000e+00
    1.12884e+24         6.78486e+10    0.00000e+00
    1.12884e+24         6.28603e+10    0.00000e+00
    1.12884e+24         5.70480e+10    0.00000e+00
    1.12884e+24         5.35192e+10    0.00000e+00
    1.12884e+24         4.95094e+10    0.00000e+00
    1.12884e+24         4.48236e+10    0.00000e+00
    1.12884e+24         4.19651e+10    0.00000e+00
    1.12884e+24         3.87039e+10    0.00000e+00
    1.12884e+24         3.48697e+10    0.00000e+00
    1.12884e+24         3.25079e+10    0.00000e+00
    1.12884e+24         2.97903e+10    0.00000e+00
    1.12884e+24         2.81723e+10    0.00000e+00
    1.12884e+24         2.63631e+10    0.00000e+00
    1.12884e+24         2.42970e+10    0.00000e+00
    1.12884e+24         2.30808e+10    0.00000e+00
    1.12884e+24         2.17331e+10    0.00000e+00
    1.12884e+24         2.02130e+10    0.00000e+00
    1.12884e+24         1.84557e+10    0.00000e+00
    1.12884e+24         1.74017e+10    0.00000e+00
    1.12884e+24         1.62162e+10    0.00000e+00
    1.12884e+24         1.48510e+10    0.00000e+00
    1.12884e+24         1.40372e+10    0.00000e+00
    1.12884e+24         1.31262e+10    0.00000e+00
    1.12884e+24         1.20844e+10    0.00000e+00
    1.12884e+24         1.14699e+10    0.00000e+00
    1.12884e+24         1.07877e+10    0.00000e+00
    1.12884e+24         1.00165e+10    0.00000e+00
    1.12884e+24         9.12194e+09    0.00000e+00
    1.12884e+24         8.58265e+09    0.00000e+00
    1.12884e+24         7.97346e+09    0.00000e+00
    1.12884e+24         7.26763e+09    0.00000e+00
    1.12884e+24         6.84284e+09    0.00000e+00
    1.12884e+24         6.36366e+09    0.00000e+00
    1.12884e+24         5.80961e+09    0.00000e+00
    1.12884e+24         5.47723e+09    0.00000e+00
    1.12884e+24         5.10328e+09    0.00000e+00
    1.12884e+24         4.67251e+09    0.00000e+00
    1.12884e+24         4.41559e+09    0.00000e+00
    1.12884e+24         4.12790e+09    0.00000e+00
    1.12884e+24         3.79871e+09    0.00000e+00
    1.12884e+24         3.60435e+09    0.00000e+00
    1.12884e+24         3.38847e+09    0.00000e+00
    1.12884e+24         3.14420e+09    0.00000e+00
    1.12884e+24         2.86050e+09    0.00000e+00
    1.12884e+24         2.68912e+09    0.00000e+00
    1.12884e+24         2.49520e+09    0.00000e+00
    1.12884e+24         2.26997e+09    0.00000e+00
    1.12884e+24         2.13389e+09    0.00000e+00
    1.12884e+24         1.97991e+09    0.00000e+00
    1.12884e+24         1.80105e+09    0.00000e+00
    1.12884e+24         1.69297e+09    0.00000e+00
    1.12884e+24         1.57065e+09    0.00000e+00
    1.12884e+24         1.42854e+09    0.00000e+00
    1.12884e+24         1.34265e+09    0.00000e+00
    1.12884e+24         1.24541e+09    0.00000e+00
    1.12884e+24         1.13240e+09    0.00000e+00
    1.12884e+24         1.06405e+09    0.00000e+00
    1.12884e+24         9.86640e+08    0.00000e+00
    1.12884e+24         8.96605e+08    0.00000e+00
    1.12884e+24         8.42093e+08    0.00000e+00
    1.12884e+24         7.80295e+08    0.00000e+00
    1.12884e+24         7.08321e+08    0.00000e+00
    1.12884e+24         6.64649e+08    0.00000e+00
    1.12884e+24         6.15049e+08    0.00000e+00
    1.12884e+24         5.57127e+08    0.00000e+00
    1.12884e+24         5.21831e+08    0.00000e+00
    1.12884e+24         4.81599e+08    0.00000e+00
    1.12884e+24         4.34364e+08    0.00000e+00
    1.12884e+24         4.05331e+08    0.00000e+00
    1.12884e+24         3.71989e+08    0.00000e+00
    1.12884e+24         3.52196e+08    0.00000e+00
    1.12884e+24         3.30116e+08    0.00000e+00
    1.12884e+24         3.04983e+08    0.00000e+00
    1.12884e+24         2.75537e+08    0.00000e+00
    1.12884e+24         2.57499e+08    0.00000e+00
    1.12884e+24         2.36846e+08    0.00000e+00
    1.12884e+24         2.24639e+08    0.00000e+00
    1.12884e+24         2.11071e+08    0.00000e+00
    1.12884e+24         1.95701e+08    0.00000e+00
    1.12884e+24         1.77823e+08    0.00000e+00
    1.12884e+24         1.66996e+08    0.00000e+00
    1.12884e+24         1.54719e+08    0.00000e+00
    1.12884e+24         1.40417e+08    0.00000e+00
    1.12884e+24         1.31735e+08    0.00000e+00
    1.12884e+24         1.21871e+08    0.00000e+00
    1.12884e+24         1.10346e+08    0.00000e+00
    1.12884e+24         1.03317e+08    0.00000e+00
    1.12884e+24         9.52986e+07    0.00000e+00
    1.12884e+24         8.58742e+07    0.00000e+00
    1.12884e+24         8.00710e+07    0.00000e+00
    1.12884e+24         7.33961e+07    0.00000e+00
    1.12884e+24         6.94240e+07    0.00000e+00
    1.12884e+24         6.49844e+07    0.00000e+00
    1.12884e+24         5.99174e+07    0.00000e+00
    1.12884e+24         5.39572e+07    0.00000e+00
    1.12884e+24         5.02824e+07    0.00000e+00
    1.12884e+24         4.60509e+07    0.00000e+00
    1.12884e+24         4.35284e+07    0.00000e+00
    1.12884e+24         4.07050e+07    0.00000e+00
    1.12884e+24         3.74765e+07    0.00000e+00
    1.12884e+24         3.55721e+07    0.00000e+00
    1.12884e+24         3.34583e+07    0.00000e+00
    1.12884e+24         3.10690e+07    0.00000e+00
    1.12884e+24         2.82982e+07    0.00000e+00
    1.12884e+24         2.66281e+07    0.00000e+00
    1.12884e+24         2.47420e+07    0.00000e+00
    1.12884e+24         2.25574e+07    0.00000e+00
    1.12884e+24         2.12433e+07    0.00000e+00
    1.12884e+24         1.97615e+07    0.00000e+00
    1.12884e+24         1.80493e+07    0.00000e+00
    1.12884e+24         1.70230e+07    0.00000e+00
    1.12884e+24         1.58692e+07    0.00000e+00
    1.12884e+24         1.45416e+07    0.00000e+00
    1.12884e+24         1.37511e+07    0.00000e+00
    1.12884e+24         1.28670e+07    0.00000e+00
    1.12884e+24         1.18573e+07    0.00000e+00
    1.12884e+24         1.12628e+07    0.00000e+00
    1.12884e+24         1.06039e+07    0.00000e+00
    1.12884e+24         9.86052e+06    0.00000e+00
    1.12884e+24         9.00087e+06    0.00000e+00
    1.12884e+24         8.48501e+06    0.00000e+00
    1.12884e+24         7.90453e+06    0.00000e+00
    1.12884e+24         7.23566e+06    0.00000e+00
    1.12884e+24         6.83653e+06    0.00000e+00
    1.12884e+24         6.38945e+06    0.00000e+00
    1.12884e+24         5.87760e+06    0.00000e+00
    1.12884e+24         5.57516e+06    0.00000e+00
    1.12884e+24         5.23903e+06    0.00000e+00
    1.12884e+24         4.85837e+06    0.00000e+00
    1.12884e+24         4.41573e+06    0.00000e+00
    1.12884e+24         4.14781e+06    0.00000e+00
    1.12884e+24         3.84416e+06    0.00000e+00
    1.12884e+24         3.49065e+06    0.00000e+00
    1.12884e+24         3.27628e+06    0.00000e+00
    1.12884e+24         3.03294e+06    0.00000e+00
    1.12884e+24         2.74899e+06    0.00000e+00
    1.12884e+24         2.57617e+06    0.00000e+00
    1.12884e+24         2.37938e+06    0.00000e+00
    1.12884e+24         2.14870e+06    0.00000e+00
    1.12884e+24         2.00726e+06    0.00000e+00
    1.12884e+24         1.84519e+06    0.00000e+00
    1.12884e+24         1.74929e+06    0.00000e+00
    1.12884e+24         1.64260e+06    0.00000e+00
    1.12884e+24         1.52159e+06    0.00000e+00
    1.12884e+24         1.38056e+06    0.00000e+00
    1.12884e+24         1.29491e+06    0.00000e+00
    1.12884e+24         1.19755e+06    0.00000e+00
    1.12884e+24         1.08372e+06    0.00000e+00
    1.12884e+24         1.01422e+06    0.00000e+00
    1.12884e+24         9.34862e+05    0.00000e+00
    1.12884e+24         8.41466e+05    0.00000e+00
    1.12884e+24         7.83826e+05    0.00000e+00
    1.12884e+24         7.17398e+05    0.00000e+00
    1.12884e+24         6.77748e+05    0.00000e+00
    1.12884e+24         6.33323e+05    0.00000e+00
    1.12884e+24         5.82446e+05    0.00000e+00
    1.12884e+24         5.52370e+05    0.00000e+00
    1.12884e+24         5.18930e+05    0.00000e+00
    1.12884e+24         4.81040e+05    0.00000e+00
    1.12884e+24         4.36947e+05    0.00000e+00
    1.12884e+24         4.10226e+05    0.00000e+00
    1.12884e+24         3.79911e+05    0.00000e+00
    1.12884e+24         3.44565e+05    0.00000e+00
    1.12884e+24         3.23080e+05    0.00000e+00
    1.12884e+24         2.98643e+05    0.00000e+00
    1.12884e+24         2.70043e+05    0.00000e+00
    1.12884e+24         2.52553e+05    0.00000e+00
    1.12884e+24         2.32557e+05    0.00000e+00
    1.12884e+24         2.20766e+05    0.00000e+00
    1.12884e+24         2.07682e+05    0.00000e+00
    1.12884e+24         1.92897e+05    0.00000e+00
    1.12884e+24         1.75758e+05    0.00000e+00
    1.12884e+24         1.65437e+05    0.00000e+00
    1.12884e+24         1.53787e+05    0.00000e+00
    1.12884e+24         1.40305e+05    0.00000e+00
    1.12884e+24         1.32207e+05    0.00000e+00
    1.12884e+24         1.23085e+05    0.00000e+00
    1.12884e+24         1.12562e+05    0.00000e+00
    1.12884e+24         1.06271e+05    0.00000e+00
    1.12884e+24         9.92129e+04    0.00000e+00
    1.12884e+24         9.11147e+04    0.00000e+00
    1.12884e+24         8.63138e+04    0.00000e+00
    1.12884e+24         8.09640e+04    0.00000e+00
    1.12884e+24         7.48839e+04    0.00000e+00
    1.12884e+24         6.77764e+04    0.00000e+00
    1.12884e+24         6.34383e+04    0.00000e+00
    1.12884e+24         5.84865e+04    0.00000e+00
    1.12884e+24         5.26607e+04    0.00000e+00
    1.12884e+24         4.90677e+04    0.00000e+00
    1.12884e+24         4.49291e+04    0.00000e+00
    1.12884e+24         4.24611e+04    0.00000e+00
    1.12884e+24         3.96979e+04    0.00000e+00
    1.12884e+24         3.65365e+04    0.00000e+00
    1.12884e+24         3.46705e+04    0.00000e+00
    1.12884e+24         3.25982e+04    0.00000e+00
    1.12884e+24         3.02540e+04    0.00000e+00
    1.12884e+24         2.75325e+04    0.00000e+00
    1.12884e+24         2.58894e+04    0.00000e+00
    1.12884e+24         2.40312e+04    0.00000e+00
    1.12884e+24         2.18745e+04    0.00000e+00
    1.12884e+24         2.05730e+04    0.00000e+00
    1.12884e+24         1.91016e+04    0.00000e+00
    1.12884e+24         1.73949e+04    0.00000e+00
    1.12884e+24         1.63658e+04    0.00000e+00
    1.12884e+24         1.52033e+04    0.00000e+00
    1.12884e+24         1.38561e+04    0.00000e+00
    1.12884e+24         1.30452e+04    0.00000e+00
    1.12884e+24         1.21304e+04    0.00000e+00
    1.12884e+24         1.10723e+04    0.00000e+00
    1.12884e+24         1.04373e+04    0.00000e+00
    1.12884e+24         9.72277e+03    0.00000e+00
    1.12884e+24         8.89931e+03    0.00000e+00
    1.12884e+24         8.40785e+03    0.00000e+00
    1.12884e+24         7.85727e+03    0.00000e+00
    1.12884e+24         7.22682e+03    0.00000e+00
    1.12884e+24         6.85419e+03    0.00000e+00
    1.12884e+24         6.43995e+03    0.00000e+00
    1.12884e+24         5.97071e+03    0.00000e+00
    1.12884e+24         5.42481e+03    0.00000e+00
    1.12884e+24         5.09416e+03    0.00000e+00
    1.12884e+24         4.71920e+03    0.00000e+00
    1.12884e+24         4.28228e+03    0.00000e+00
    1.12884e+24         4.01697e+03    0.00000e+00
    1.12884e+24         3.71545e+03    0.00000e+00
    1.12884e+24         3.36302e+03    0.00000e+00
    1.12884e+24         3.14793e+03    0.00000e+00
    1.12884e+24         2.90244e+03    0.00000e+00
    1.12884e+24         2.61368e+03    0.00000e+00
    1.12884e+24         2.43563e+03    0.00000e+00
    1.12884e+24         2.23059e+03    0.00000e+00
    1.12884e+24         2.10836e+03    0.00000e+00
    1.12884e+24         1.97155e+03    0.00000e+00
    1.12884e+24         1.81509e+03    0.00000e+00
    1.12884e+24         1.72280e+03    0.00000e+00
    1.12884e+24         1.62035e+03    0.00000e+00
    1.12884e+24         1.50453e+03    0.00000e+00
    1.12884e+24         1.37020e+03    0.00000e+00
    1.12884e+24         1.28922e+03    0.00000e+00
    1.12884e+24         1.19774e+03    0.00000e+00
    1.12884e+24         1.09176e+03    0.00000e+00
    1.12884e+24         1.02798e+03    0.00000e+00
    1.12884e+24         9.56043e+02    0.00000e+00
    1.12884e+24         8.72872e+02    0.00000e+00
    1.12884e+24         8.22984e+02    0.00000e+00
    1.12884e+24         7.66865e+02    0.00000e+00
    1.12884e+24         7.02232e+02    0.00000e+00
    1.12884e+24         6.63693e+02    0.00000e+00
    1.12884e+24         6.20547e+02    0.00000e+00
    1.12884e+24         5.71194e+02    0.00000e+00
    1.12884e+24         5.42069e+02    0.00000e+00
    1.12884e+24         5.09730e+02    0.00000e+00
    1.12884e+24         4.73158e+02    0.00000e+00
    1.12884e+24         4.30713e+02    0.00000e+00
    1.12884e+24         4.05102e+02    0.00000e+00
    1.12884e+24         3.76150e+02    0.00000e+00
    1.12884e+24         3.42570e+02    0.00000e+00
    1.12884e+24         3.22327e+02    0.00000e+00
    1.12884e+24         2.99461e+02    0.00000e+00
    1.12884e+24         2.72971e+02    0.00000e+00
    1.12884e+24         2.57030e+02    0.00000e+00
    1.12884e+24         2.39050e+02    0.00000e+00
    1.12884e+24         2.18265e+02    0.00000e+00
    1.12884e+24         2.05798e+02    0.00000e+00
    1.12884e+24         1.91775e+02    0.00000e+00
    1.12884e+24         1.75627e+02    0.00000e+00
    1.12884e+24         1.66000e+02    0.00000e+00
    1.12884e+24         1.55223e+02    0.00000e+00
    1.12884e+24         1.42899e+02    0.00000e+00
    1.12884e+24         1.35628e+02    0.00000e+00
    1.12884e+24         1.27556e+02    0.00000e+00
    1.12884e+24         1.18431e+02    0.00000e+00
    1.12884e+24         1.07845e+02    0.00000e+00
    1.12884e+24         1.01462e+02    0.00000e+00
    1.12884e+24         9.42505e+01    0.00000e+00
    1.12884e+24         8.58933e+01    0.00000e+00
    1.12884e+24         8.08621e+01    0.00000e+00
    1.12884e+24         7.51852e+01    0.00000e+00
    1.12884e+24         6.86188e+01    0.00000e+00
    1.12884e+24         6.46772e+01    0.00000e+00
    1.12884e+24         6.02404e+01    0.00000e+00
    1.12884e+24         5.51261e+01    0.00000e+00
    1.12884e+24         5.20724e+01    0.00000e+00
    1.12884e+24         4.86501e+01    0.00000e+00
    1.12884e+24         4.47294e+01    0.00000e+00
    1.12884e+24         4.24103e+01    0.00000e+00
    1.12884e+24         3.98306e+01    0.00000e+00
    1.12884e+24         3.69060e+01    0.00000e+00
    1.12884e+24         3.34995e+01    0.00000e+00
    1.12884e+24         3.14322e+01    0.00000e+00
    1.12884e+24         2.90841e+01    0.00000e+00
    1.12884e+24         2.63414e+01    0.00000e+00
    1.12884e+24         2.46697e+01    0.00000e+00
    1.12884e+24         2.27637e+01    0.00000e+00
    1.12884e+24         2.05252e+01    0.00000e+00
    1.12884e+24         1.91485e+01    0.00000e+00
    1.12884e+24         1.75668e+01    0.00000e+00
    1.12884e+24         1.66270e+01    0.00000e+00
    1.12884e+24         1.55781e+01    0.00000e+00
    1.12884e+24         1.43831e+01    0.00000e+00
    1.12884e+24         1.29813e+01    0.00000e+00
    1.12884e+24         1.21209e+01    0.00000e+00
    1.12884e+24         1.11340e+01    0.00000e+00
    1.12884e+24         1.05491e+01    0.00000e+00
    1.12884e+24         9.89767e+00    0.00000e+00
    1.12884e+24         9.15762e+00    0.00000e+00
    1.12884e+24         8.29313e+00    0.00000e+00
    1.12884e+24         7.76608e+00    0.00000e+00
    1.12884e+24         7.16505e+00    0.00000e+00
    1.12884e+24         6.45897e+00    0.00000e+00
    1.12884e+24         6.02452e+00    0.00000e+00
    1.12884e+24         5.52515e+00    0.00000e+00
    1.12884e+24         5.22830e+00    0.00000e+00
    1.12884e+24         4.89677e+00    0.00000e+00
    1.12884e+24         4.51884e+00    0.00000e+00
    1.12884e+24         4.07505e+00    0.00000e+00
    1.12884e+24         3.80219e+00    0.00000e+00
    1.12884e+24         3.48876e+00    0.00000e+00
    1.12884e+24         3.30262e+00    0.00000e+00
    1.12884e+24         3.09491e+00    0.00000e+00
    1.12884e+24         2.85839e+00    0.00000e+00
    1.12884e+24         2.58110e+00    0.00000e+00
    1.12884e+24         2.41106e+00    0.00000e+00
    1.12884e+24         2.21620e+00    0.00000e+00
    1.12884e+24         2.10088e+00    0.00000e+00
    1.12884e+24         1.97256e+00    0.00000e+00
    1.12884e+24         1.82699e+00    0.00000e+00
    1.12884e+24         1.65731e+00    0.00000e+00
    1.12884e+24         1.55420e+00    0.00000e+00
    1.12884e+24         1.43696e+00    0.00000e+00
    1.12884e+24         1.29981e+00    0.00000e+00
    1.12884e+24         1.21600e+00    0.00000e+00
    1.12884e+24         1.12024e+00    0.00000e+00
    1.12884e+24         1.06383e+00    0.00000e+00
    1.12884e+24         1.00127e+00    0.00000e+00
    1.12884e+24         9.30650e-01    0.00000e+00
    1.12884e+24         8.48907e-01    0.00000e+00
    1.12884e+24         7.99785e-01    0.00000e+00
    1.12884e+24         7.44444e-01    0.00000e+00
    1.12884e+24         6.80569e-01    0.00000e+00
    1.12884e+24         6.42355e-01    0.00000e+00
    1.12884e+24         5.99459e-01    0.00000e+00
    1.12884e+24         5.50205e-01    0.00000e+00
    1.12884e+24         5.20971e-01    0.00000e+00
    1.12884e+24         4.88364e-01    0.00000e+00
    1.12884e+24         4.51258e-01    0.00000e+00
    1.12884e+24         4.07798e-01    0.00000e+00
    1.12884e+24         3.81190e-01    0.00000e+00
    1.12884e+24         3.50738e-01    0.00000e+00
    1.12884e+24         3.32753e-01    0.00000e+00
    1.12884e+24         3.12771e-01    0.00000e+00
    1.12884e+24         2.90155e-01    0.00000e+00
    1.12884e+24         2.63876e-01    0.00000e+00
    1.12884e+24         2.47988e-01    0.00000e+00
    1.12884e+24         2.30000e-01    0.00000e+00
    1.12884e+24         2.09089e-01    0.00000e+00
    1.12884e+24         1.96437e-01    0.00000e+00
    1.12884e+24         1.82103e-01    0.00000e+00
    1.12884e+24         1.65423e-01    0.00000e+00
    1.12884e+24         1.55317e-01    0.00000e+00
    1.12884e+24         1.43853e-01    0.00000e+00
    1.12884e+24         1.30488e-01    0.00000e+00
    1.12884e+24         1.22367e-01    0.00000e+00
    1.12884e+24         1.13133e-01    0.00000e+00
    1.12884e+24         1.02329e-01    0.00000e+00
    1.12884e+24         9.57258e-02    0.00000e+00
    1.12884e+24         8.81807e-02    0.00000e+00
    1.12884e+24         8.37349e-02    0.00000e+00
    1.12884e+24         7.88045e-02    0.00000e+00
    1.12884e+24         7.32379e-02    0.00000e+00
    1.12884e+24         6.67929e-02    0.00000e+00
    1.12884e+24         6.29185e-02    0.00000e+00
    1.12884e+24         5.85522e-02    0.00000e+00
    1.12884e+24         5.35105e-02    0.00000e+00
    1.12884e+24         5.04923e-02    0.00000e+00
    1.12884e+24         4.71024e-02    0.00000e+00
    1.12884e+24         4.32070e-02    0.00000e+00
    1.12884e+24         4.08923e-02    0.00000e+00
    1.12884e+24         3.83081e-02    0.00000e+00
    1.12884e+24         3.53635e-02    0.00000e+00
    1.12884e+24         3.19082e-02    0.00000e+00
    1.12884e+24         2.97860e-02    0.00000e+00
    1.12884e+24         2.73508e-02    0.00000e+00
    1.12884e+24         2.59066e-02    0.00000e+00
    1.12884e+24         2.42970e-02    0.00000e+00
    1.12884e+24         2.24670e-02    0.00000e+00
    1.12884e+24         2.03269e-02    0.00000e+00
    1.12884e+24         1.90196e-02    0.00000e+00
    1.12884e+24         1.75264e-02    0.00000e+00
    1.12884e+24         1.66471e-02    0.00000e+00
    1.12884e+24         1.56726e-02    0.00000e+00
    1.12884e+24         1.45731e-02    0.00000e+00
    1.12884e+24         1.33014e-02    0.00000e+00
    1.12884e+24         1.25381e-02    0.00000e+00
    1.12884e+24         1.16791e-02    0.00000e+00
    1.12884e+24         1.06891e-02    0.00000e+00
    1.12884e+24         1.00982e-02    0.00000e+00
    1.12884e+24         9.43607e-03    0.00000e+00
    1.12884e+24         8.67777e-03    0.00000e+00
    1.12884e+24         8.22946e-03    0.00000e+00
    1.12884e+24         7.73097e-03    0.00000e+00
    1.12884e+24         7.16613e-03    0.00000e+00
    1.12884e+24         6.50873e-03    0.00000e+00
    1.12884e+24         6.11028e-03    0.00000e+00
    1.12884e+24         5.65818e-03    0.00000e+00
    1.12884e+24         5.13093e-03    0.00000e+00
    1.12884e+24         4.81035e-03    0.00000e+00
    1.12884e+24         4.44561e-03    0.00000e+00
    1.12884e+24         4.01856e-03    0.00000e+00
    1.12884e+24         3.75725e-03    0.00000e+00
    1.12884e+24         3.45832e-03    0.00000e+00
    1.12884e+24         3.28190e-03    0.00000e+00
    1.12884e+24         3.08601e-03    0.00000e+00
    1.12884e+24         2.86445e-03    0.00000e+00
    1.12884e+24         2.60730e-03    0.00000e+00
    1.12884e+24         2.45211e-03    0.00000e+00
    1.12884e+24         2.27665e-03    0.00000e+00
    1.12884e+24         2.07311e-03    0.00000e+00
    1.12884e+24         1.95037e-03    0.00000e+00
    1.12884e+24         1.81170e-03    0.00000e+00
    1.12884e+24         1.65100e-03    0.00000e+00
    1.12884e+24         1.55424e-03    0.00000e+00
    1.12884e+24         1.44505e-03    0.00000e+00
    1.12884e+24         1.31875e-03    0.00000e+00
    1.12884e+24         1.24292e-03    0.00000e+00
    1.12884e+24         1.15756e-03    0.00000e+00
    1.12884e+24         1.05914e-03    0.00000e+00
    1.12884e+24         1.00036e-03    0.00000e+00
    1.12884e+24         9.34476e-04    0.00000e+00
    1.12884e+24         8.58969e-04    0.00000e+00
    1.12884e+24         8.14286e-04    0.00000e+00
    1.12884e+24         7.64565e-04    0.00000e+00
    1.12884e+24         7.08167e-04    0.00000e+00
    1.12884e+24         6.42428e-04    0.00000e+00
    1.12884e+24         6.02487e-04    0.00000e+00
    1.12884e+24         5.57075e-04    0.00000e+00
    1.12884e+24         5.03957e-04    0.00000e+00
    1.12884e+24         4.71505e-04    0.00000e+00
    1.12884e+24         4.34431e-04    0.00000e+00
    1.12884e+24         4.12596e-04    0.00000e+00
    1.12884e+24         3.88388e-04    0.00000e+00
    1.12884e+24         3.61069e-04    0.00000e+00
    1.12884e+24         3.29459e-04    0.00000e+00
    1.12884e+24         3.10475e-04    0.00000e+00
    1.12884e+24         2.89099e-04    0.00000e+00
    1.12884e+24         2.64446e-04    0.00000e+00
    1.12884e+24         2.49713e-04    0.00000e+00
    1.12884e+24         2.33191e-04    0.00000e+00
    1.12884e+24         2.14245e-04    0.00000e+00
    1.12884e+24         2.03023e-04    0.00000e+00
    1.12884e+24         1.90525e-04    0.00000e+00
    1.12884e+24         1.76334e-04    0.00000e+00
    1.12884e+24         1.59767e-04    0.00000e+00
    1.12884e+24         1.49677e-04    0.00000e+00
    1.12884e+24         1.38180e-04    0.00000e+00
    1.12884e+24         1.24691e-04    0.00000e+00
    1.12884e+24         1.16408e-04    0.00000e+00
    1.12884e+24         1.06904e-04    0.00000e+00
    1.12884e+24         1.01270e-04    0.00000e+00
    1.12884e+24         9.49914e-05    0.00000e+00
    1.12884e+24         8.78554e-05    0.00000e+00
    1.12884e+24         7.95131e-05    0.00000e+00
    1.12884e+24         7.44207e-05    0.00000e+00
    1.12884e+24         6.86076e-05    0.00000e+00
    1.12884e+24         6.17677e-05    0.00000e+00
    1.12884e+24         5.75484e-05    0.00000e+00
    1.12884e+24         5.26877e-05    0.00000e+00
    1.12884e+24         4.97882e-05    0.00000e+00
    1.12884e+24         4.65412e-05    0.00000e+00
    1.12884e+24         4.28253e-05    0.00000e+00
    1.12884e+24         4.06310e-05    0.00000e+00
    1.12884e+24         3.81932e-05    0.00000e+00
    1.12884e+24         3.54344e-05    0.00000e+00
    1.12884e+24         3.22292e-05    0.00000e+00
    1.12884e+24         3.02920e-05    0.00000e+00
    1.12884e+24         2.80990e-05    0.00000e+00
    1.12884e+24         2.55505e-05    0.00000e+00
    1.12884e+24         2.40093e-05    0.00000e+00


