              t                   M              a
    1.23833e-21         1.00000e+17    8.00000e-01
    2.47665e-21         1.00000e+17    8.00000e-01
    4.95331e-21         1.00000e+17    8.00000e-01
    9.90662e-21         1.00000e+17    8.00000e-01
    1.98132e-20         1.00000e+17    8.00000e-01
    3.96265e-20         1.00000e+17    8.00000e-01
    7.92530e-20         1.00000e+17    8.00000e-01
    1.58506e-19         1.00000e+17    8.00000e-01
    3.17012e-19         1.00000e+17    8.00000e-01
    6.34024e-19         1.00000e+17    8.00000e-01
    1.26805e-18         1.00000e+17    8.00000e-01
    2.53609e-18         1.00000e+17    8.00000e-01
    5.07219e-18         1.00000e+17    8.00000e-01
    1.01444e-17         1.00000e+17    8.00000e-01
    2.02888e-17         1.00000e+17    8.00000e-01
    4.05775e-17         1.00000e+17    8.00000e-01
    8.11550e-17         1.00000e+17    8.00000e-01
    1.62310e-16         1.00000e+17    8.00000e-01
    3.24620e-16         1.00000e+17    8.00000e-01
    6.49240e-16         1.00000e+17    8.00000e-01
    1.29848e-15         1.00000e+17    8.00000e-01
    2.59696e-15         1.00000e+17    8.00000e-01
    5.19392e-15         1.00000e+17    8.00000e-01
    1.03878e-14         1.00000e+17    8.00000e-01
    2.07757e-14         1.00000e+17    8.00000e-01
    4.15514e-14         1.00000e+17    8.00000e-01
    8.31027e-14         1.00000e+17    8.00000e-01
    1.66205e-13         1.00000e+17    8.00000e-01
    3.32411e-13         1.00000e+17    8.00000e-01
    6.64822e-13         1.00000e+17    8.00000e-01
    1.32964e-12         1.00000e+17    8.00000e-01
    2.65929e-12         1.00000e+17    8.00000e-01
    5.31858e-12         1.00000e+17    8.00000e-01
    1.06372e-11         1.00000e+17    8.00000e-01
    2.12743e-11         1.00000e+17    8.00000e-01
    4.25486e-11         1.00000e+17    8.00000e-01
    8.50972e-11         1.00000e+17    8.00000e-01
    1.70194e-10         1.00000e+17    8.00000e-01
    3.40389e-10         1.00000e+17    8.00000e-01
    6.80778e-10         1.00000e+17    8.00000e-01
    1.36156e-09         1.00000e+17    8.00000e-01
    2.72311e-09         1.00000e+17    8.00000e-01
    5.44622e-09         1.00000e+17    8.00000e-01
    1.08924e-08         1.00000e+17    8.00000e-01
    2.17849e-08         1.00000e+17    8.00000e-01
    4.35698e-08         1.00000e+17    8.00000e-01
    8.71395e-08         1.00000e+17    8.00000e-01
    1.74279e-07         1.00000e+17    8.00000e-01
    3.48558e-07         1.00000e+17    8.00000e-01
    6.97116e-07         1.00000e+17    8.00000e-01
    1.39423e-06         1.00000e+17    8.00000e-01
    2.78847e-06         1.00000e+17    8.00000e-01
    5.57693e-06         1.00000e+17    8.00000e-01
    1.11539e-05         1.00000e+17    8.00000e-01
    2.23077e-05         1.00000e+17    8.00000e-01
    4.46154e-05         1.00000e+17    8.00000e-01
    8.92309e-05         1.00000e+17    8.00000e-01
    1.78462e-04         1.00000e+17    8.00000e-01
    3.56924e-04         1.00000e+17    8.00000e-01
    7.13847e-04         1.00000e+17    8.00000e-01
    1.42769e-03         1.00000e+17    8.00000e-01
    2.85539e-03         1.00000e+17    8.00000e-01
    5.71078e-03         1.00000e+17    8.00000e-01
    1.14216e-02         1.00000e+17    8.00000e-01
    2.28431e-02         1.00000e+17    8.00000e-01
    4.56862e-02         1.00000e+17    8.00000e-01
    9.13724e-02         1.00000e+17    8.00000e-01
    1.82745e-01         1.00000e+17    8.00000e-01
    3.65490e-01         1.00000e+17    8.00000e-01
    7.30979e-01         1.00000e+17    8.00000e-01
    1.46196e+00         1.00000e+17    8.00000e-01
    2.92392e+00         1.00000e+17    8.00000e-01
    5.84784e+00         1.00000e+17    8.00000e-01
    1.16957e+01         1.00000e+17    8.00000e-01
    2.33913e+01         1.00000e+17    8.00000e-01
    4.67827e+01         1.00000e+17    8.00000e-01
    9.35654e+01         1.00000e+17    8.00000e-01
    1.87131e+02         1.00000e+17    8.00000e-01
    3.74261e+02         1.00000e+17    8.00000e-01
    7.48523e+02         1.00000e+17    8.00000e-01
    1.49705e+03         1.00000e+17    8.00000e-01
    2.99409e+03         1.00000e+17    8.00000e-01
    5.98818e+03         1.00000e+17    8.00000e-01
    1.19764e+04         1.00000e+17    8.00000e-01
    2.39527e+04         1.00000e+17    8.00000e-01
    4.79055e+04         1.00000e+17    8.00000e-01
    9.58109e+04         1.00000e+17    8.00000e-01
    1.91622e+05         1.00000e+17    8.00000e-01
    3.83244e+05         1.00000e+17    8.00000e-01
    7.66488e+05         1.00000e+17    8.00000e-01
    1.53298e+06         1.00000e+17    8.00000e-01
    3.06595e+06         1.00000e+17    8.00000e-01
    6.13190e+06         1.00000e+17    8.00000e-01
    1.22638e+07         1.00000e+17    8.00000e-01
    2.45276e+07         1.00000e+17    8.00000e-01
    4.90552e+07         1.00000e+17    8.00000e-01
    9.81104e+07         1.00000e+17    8.00000e-01
    1.96221e+08         1.00000e+17    8.00000e-01
    3.92442e+08         1.00000e+17    8.00000e-01
    7.84883e+08         1.00000e+17    8.00000e-01
    1.56977e+09         1.00000e+17    8.00000e-01
    3.13953e+09         1.00000e+17    8.00000e-01
    6.27907e+09         1.00000e+17    8.00000e-01
    1.25581e+10         1.00000e+17    8.00000e-01
    2.51163e+10         1.00000e+17    8.00000e-01
    5.02325e+10         1.00000e+17    8.00000e-01
    1.00465e+11         1.00000e+17    8.00000e-01
    2.00930e+11         1.00000e+17    8.00000e-01
    4.01860e+11         1.00000e+17    8.00000e-01
    8.03720e+11         1.00000e+17    8.00000e-01
    1.60744e+12         1.00000e+17    8.00000e-01
    3.21488e+12         1.00000e+17    8.00000e-01
    6.42976e+12         1.00000e+17    8.00000e-01
    1.28595e+13         1.00000e+17    8.00000e-01
    2.57191e+13         1.00000e+17    8.00000e-01
    5.14381e+13         1.00000e+17    8.00000e-01
    1.02876e+14         1.00000e+17    8.00000e-01
    2.05752e+14         1.00000e+17    8.00000e-01
    4.11505e+14         1.00000e+17    8.00000e-01
    8.23010e+14         1.00000e+17    8.00000e-01
    1.64602e+15         1.00000e+17    8.00000e-01
    3.29204e+15         9.99999e+16    7.99999e-01
    6.58408e+15         9.99999e+16    7.99999e-01
    1.31682e+16         9.99998e+16    7.99997e-01
    2.63363e+16         9.99995e+16    7.99994e-01
    5.26726e+16         9.99991e+16    7.99989e-01
    1.05345e+17         9.99982e+16    7.99977e-01
    2.10690e+17         9.99963e+16    7.99954e-01
    4.21381e+17         9.99927e+16    7.99909e-01
    8.42762e+17         9.99854e+16    7.99817e-01
    1.68552e+18         9.99707e+16    7.99635e-01
    3.37105e+18         9.99415e+16    7.99271e-01
    6.74210e+18         9.98831e+16    7.98543e-01
    1.34842e+19         9.97665e+16    7.97092e-01
    2.69684e+19         9.95342e+16    7.94211e-01
    5.39368e+19         9.90735e+16    7.88526e-01
    1.07874e+20         9.81650e+16    7.77416e-01
    1.61810e+20         9.72678e+16    7.66794e-01
    2.15747e+20         9.63814e+16    7.56645e-01
    2.69684e+20         9.55054e+16    7.46953e-01
    3.23621e+20         9.46294e+16    7.37637e-01
    3.77557e+20         9.37527e+16    7.28641e-01
    4.31494e+20         9.28748e+16    7.19956e-01
    4.85431e+20         9.19953e+16    7.11574e-01
    5.39368e+20         9.11111e+16    7.03421e-01
    5.93304e+20         9.02176e+16    6.95525e-01
    6.47241e+20         8.93142e+16    6.87878e-01
    7.01178e+20         8.84001e+16    6.80474e-01
    7.55115e+20         8.74738e+16    6.73299e-01
    8.09051e+20         8.65317e+16    6.66306e-01
    8.62988e+20         8.55724e+16    6.59499e-01
    9.16925e+20         8.45949e+16    6.52872e-01
    9.70862e+20         8.35979e+16    6.46422e-01
    1.02480e+21         8.25802e+16    6.40147e-01
    1.07874e+21         8.15405e+16    6.33981e-01
    1.13267e+21         8.04769e+16    6.27919e-01
    1.18661e+21         7.93881e+16    6.21951e-01
    1.24055e+21         7.82714e+16    6.16094e-01
    1.29448e+21         7.71247e+16    6.10344e-01
    1.34842e+21         7.59456e+16    6.04702e-01
    1.40236e+21         7.47285e+16    5.99171e-01
    1.45629e+21         7.34688e+16    5.93760e-01
    1.51023e+21         7.21633e+16    5.88459e-01
    1.56417e+21         7.08076e+16    5.83272e-01
    1.61810e+21         6.93965e+16    5.78198e-01
    1.67204e+21         6.79244e+16    5.73239e-01
    1.72598e+21         6.63843e+16    5.68396e-01
    1.77991e+21         6.47741e+16    5.63522e-01
    1.83385e+21         6.30806e+16    5.58681e-01
    1.88779e+21         6.12922e+16    5.53875e-01
    1.94172e+21         5.93953e+16    5.49094e-01
    1.99566e+21         5.73723e+16    5.44337e-01
    2.04960e+21         5.52007e+16    5.39607e-01
    2.10353e+21         5.28525e+16    5.34868e-01
    2.15747e+21         5.02880e+16    5.30097e-01
    2.21141e+21         4.74466e+16    5.25321e-01
    2.26534e+21         4.42445e+16    5.20536e-01
    2.31928e+21         4.05504e+16    5.15736e-01
    2.34625e+21         3.83461e+16    5.13280e-01
    2.37322e+21         3.58770e+16    5.10798e-01
    2.40019e+21         3.30515e+16    5.08283e-01
    2.41367e+21         3.13842e+16    5.07001e-01
    2.42715e+21         2.95336e+16    5.05687e-01
    2.44064e+21         2.74420e+16    5.04344e-01
    2.45412e+21         2.50170e+16    5.02959e-01
    2.46086e+21         2.35566e+16    5.02237e-01
    2.46761e+21         2.19087e+16    5.01485e-01
    2.47435e+21         2.00027e+16    5.00693e-01
    2.47772e+21         1.88588e+16    5.00271e-01
    2.48109e+21         1.75714e+16    4.99829e-01
    2.48446e+21         1.60882e+16    4.99355e-01
    2.48615e+21         1.52033e+16    4.99094e-01
    2.48783e+21         1.42120e+16    4.98815e-01
    2.48952e+21         1.30774e+16    4.98510e-01
    2.49036e+21         1.24073e+16    4.98339e-01
    2.49120e+21         1.16627e+16    4.98153e-01
    2.49205e+21         1.08199e+16    4.97946e-01
    2.49289e+21         9.84044e+15    4.97705e-01
    2.49331e+21         9.24827e+15    4.97563e-01
    2.49373e+21         8.57778e+15    4.97404e-01
    2.49415e+21         7.79827e+15    4.97219e-01
    2.49436e+21         7.32666e+15    4.97107e-01
    2.49458e+21         6.79235e+15    4.96982e-01
    2.49479e+21         6.17064e+15    4.96840e-01
    2.49489e+21         5.79396e+15    4.96754e-01
    2.49500e+21         5.36671e+15    4.96658e-01
    2.49510e+21         4.86871e+15    4.96549e-01
    2.49515e+21         4.56615e+15    4.96485e-01
    2.49521e+21         4.22217e+15    4.96413e-01
    2.49526e+21         3.81984e+15    4.96331e-01
    2.49529e+21         3.57407e+15    4.96284e-01
    2.49531e+21         3.29333e+15    4.96231e-01
    2.49533e+21         3.12801e+15    4.96200e-01
    2.49534e+21         2.94475e+15    4.96167e-01
    2.49535e+21         2.73797e+15    4.96131e-01
    2.49537e+21         2.49878e+15    4.96090e-01
    2.49537e+21         2.35519e+15    4.96066e-01
    2.49538e+21         2.19356e+15    4.96041e-01
    2.49539e+21         2.00722e+15    4.96012e-01
    2.49539e+21         1.89596e+15    4.95995e-01
    2.49539e+21         1.77125e+15    4.95977e-01
    2.49540e+21         1.62836e+15    4.95956e-01
    2.49540e+21         1.54382e+15    4.95943e-01
    2.49540e+21         1.44978e+15    4.95929e-01
    2.49540e+21         1.34313e+15    4.95912e-01
    2.49540e+21         1.21888e+15    4.95890e-01
    2.49540e+21         1.14343e+15    4.95873e-01
    2.49540e+21         1.05770e+15    4.95849e-01
    2.49540e+21         9.57512e+14    4.95816e-01
    2.49540e+21         8.96379e+14    4.95791e-01
    2.49541e+21         8.26622e+14    4.95760e-01
    2.49541e+21         7.44589e+14    4.95718e-01
    2.49541e+21         6.94032e+14    4.95686e-01
    2.49541e+21         6.35835e+14    4.95640e-01
    2.49541e+21         6.01159e+14    4.95602e-01
    2.49541e+21         5.62366e+14    4.95556e-01
    2.49541e+21         5.18029e+14    4.95491e-01
    2.49541e+21         4.91899e+14    4.95442e-01
    2.49541e+21         4.62915e+14    4.95377e-01
    2.49541e+21         4.30182e+14    4.95286e-01
    2.49541e+21         3.92272e+14    4.95166e-01
    2.49541e+21         3.69469e+14    4.95063e-01
    2.49541e+21         3.43761e+14    4.94925e-01
    2.49541e+21         3.14057e+14    4.94729e-01
    2.49541e+21         2.96259e+14    4.94593e-01
    2.49541e+21         2.76257e+14    4.94431e-01
    2.49541e+21         2.53251e+14    4.94229e-01
    2.49541e+21         2.39562e+14    4.94100e-01
    2.49541e+21         2.24262e+14    4.93954e-01
    2.49541e+21         2.06804e+14    4.93786e-01
    2.49541e+21         1.86272e+14    4.93587e-01
    2.49541e+21         1.73618e+14    4.93464e-01
    2.49541e+21         1.59052e+14    4.93323e-01
    2.49541e+21         1.50374e+14    4.93240e-01
    2.49541e+21         1.40664e+14    4.93148e-01
    2.49541e+21         1.29568e+14    4.93044e-01
    2.49541e+21         1.23030e+14    4.92983e-01
    2.49541e+21         1.15777e+14    4.92917e-01
    2.49541e+21         1.07587e+14    4.92843e-01
    2.49541e+21         9.81025e+13    4.92757e-01
    2.49541e+21         9.23989e+13    4.92704e-01
    2.49541e+21         8.59692e+13    4.92644e-01
    2.49541e+21         7.85415e+13    4.92573e-01
    2.49541e+21         7.40919e+13    4.92529e-01
    2.49541e+21         6.90915e+13    4.92478e-01
    2.49541e+21         6.33411e+13    4.92418e-01
    2.49541e+21         5.99200e+13    4.92381e-01
    2.49541e+21         5.60968e+13    4.92337e-01
    2.49541e+21         5.17346e+13    4.92285e-01
    2.49541e+21         4.66052e+13    4.92218e-01
    2.49541e+21         4.34445e+13    4.92170e-01
    2.49541e+21         3.98067e+13    4.92106e-01
    2.49541e+21         3.76399e+13    4.92060e-01
    2.49541e+21         3.52163e+13    4.92005e-01
    2.49541e+21         3.24473e+13    4.91934e-01
    2.49541e+21         3.08162e+13    4.91885e-01
    2.49541e+21         2.90077e+13    4.91826e-01
    2.49541e+21         2.69666e+13    4.91752e-01
    2.49541e+21         2.46045e+13    4.91656e-01
    2.49541e+21         2.31857e+13    4.91592e-01
    2.49541e+21         2.15879e+13    4.91514e-01
    2.49541e+21         1.97446e+13    4.91419e-01
    2.49541e+21         1.86428e+13    4.91359e-01
    2.49541e+21         1.74069e+13    4.91290e-01
    2.49541e+21         1.59891e+13    4.91208e-01
    2.49541e+21         1.51488e+13    4.91155e-01
    2.49541e+21         1.42126e+13    4.91092e-01
    2.49541e+21         1.31490e+13    4.91016e-01
    2.49541e+21         1.19062e+13    4.90920e-01
    2.49541e+21         1.11482e+13    4.90853e-01
    2.49541e+21         1.02836e+13    4.90770e-01
    2.49541e+21         9.26732e+12    4.90664e-01
    2.49541e+21         8.64160e+12    4.90594e-01
    2.49541e+21         7.92195e+12    4.90509e-01
    2.49541e+21         7.49377e+12    4.90457e-01
    2.49541e+21         7.01524e+12    4.90397e-01
    2.49541e+21         6.46918e+12    4.90327e-01
    2.49541e+21         5.82704e+12    4.90245e-01
    2.49541e+21         5.43129e+12    4.90193e-01
    2.49541e+21         4.97577e+12    4.90134e-01
    2.49541e+21         4.70440e+12    4.90100e-01
    2.49541e+21         4.40081e+12    4.90061e-01
    2.49541e+21         4.05389e+12    4.90017e-01
    2.49541e+21         3.84946e+12    4.89992e-01
    2.49541e+21         3.62275e+12    4.89964e-01
    2.49541e+21         3.36678e+12    4.89933e-01
    2.49541e+21         3.07040e+12    4.89898e-01
    2.49541e+21         2.89222e+12    4.89878e-01
    2.49541e+21         2.69141e+12    4.89855e-01
    2.49541e+21         2.45952e+12    4.89830e-01
    2.49541e+21         2.32068e+12    4.89815e-01
    2.49541e+21         2.16473e+12    4.89798e-01
    2.49541e+21         1.98550e+12    4.89780e-01
    2.49541e+21         1.87897e+12    4.89769e-01
    2.49541e+21         1.76002e+12    4.89755e-01
    2.49541e+21         1.62445e+12    4.89739e-01
    2.49541e+21         1.46530e+12    4.89719e-01
    2.49541e+21         1.36750e+12    4.89704e-01
    2.49541e+21         1.25521e+12    4.89686e-01
    2.49541e+21         1.18857e+12    4.89673e-01
    2.49541e+21         1.11425e+12    4.89657e-01
    2.49541e+21         1.02968e+12    4.89633e-01
    2.49541e+21         9.30630e+11    4.89592e-01
    2.49541e+21         8.69998e+11    4.89553e-01
    2.49541e+21         8.00615e+11    4.89496e-01
    2.49541e+21         7.59645e+11    4.89452e-01
    2.49541e+21         7.14135e+11    4.89397e-01
    2.49541e+21         6.62636e+11    4.89325e-01
    2.49541e+21         6.02818e+11    4.89230e-01
    2.49541e+21         5.66675e+11    4.89163e-01
    2.49541e+21         5.25773e+11    4.89084e-01
    2.49541e+21         4.78257e+11    4.88987e-01
    2.49541e+21         4.49542e+11    4.88927e-01
    2.49541e+21         4.17040e+11    4.88855e-01
    2.49541e+21         3.79272e+11    4.88769e-01
    2.49541e+21         3.56438e+11    4.88715e-01
    2.49541e+21         3.30582e+11    4.88649e-01
    2.49541e+21         3.00520e+11    4.88564e-01
    2.49541e+21         2.82330e+11    4.88507e-01
    2.49541e+21         2.61718e+11    4.88437e-01
    2.49541e+21         2.37729e+11    4.88348e-01
    2.49541e+21         2.23191e+11    4.88288e-01
    2.49541e+21         2.06696e+11    4.88218e-01
    2.49541e+21         1.87462e+11    4.88133e-01
    2.49541e+21         1.75770e+11    4.88078e-01
    2.49541e+21         1.62470e+11    4.88015e-01
    2.49541e+21         1.46903e+11    4.87940e-01
    2.49541e+21         1.37382e+11    4.87894e-01
    2.49541e+21         1.26496e+11    4.87841e-01
    2.49541e+21         1.20076e+11    4.87810e-01
    2.49541e+21         1.12951e+11    4.87776e-01
    2.49541e+21         1.04898e+11    4.87738e-01
    2.49541e+21         9.55619e+10    4.87694e-01
    2.49541e+21         8.99369e+10    4.87667e-01
    2.49541e+21         8.35863e+10    4.87638e-01
    2.49541e+21         7.62340e+10    4.87606e-01
    2.49541e+21         7.18145e+10    4.87587e-01
    2.49541e+21         6.68344e+10    4.87566e-01
    2.49541e+21         6.10843e+10    4.87542e-01
    2.49541e+21         5.76426e+10    4.87528e-01
    2.49541e+21         5.37776e+10    4.87513e-01
    2.49541e+21         4.93370e+10    4.87497e-01
    2.49541e+21         4.66990e+10    4.87487e-01
    2.49541e+21         4.37546e+10    4.87476e-01
    2.49541e+21         4.04006e+10    4.87465e-01
    2.49541e+21         3.64666e+10    4.87452e-01
    2.49541e+21         3.40523e+10    4.87444e-01
    2.49541e+21         3.12835e+10    4.87436e-01
    2.49541e+21         2.96432e+10    4.87431e-01
    2.49541e+21         2.78164e+10    4.87426e-01
    2.49541e+21         2.57417e+10    4.87420e-01
    2.49541e+21         2.33191e+10    4.87414e-01
    2.49541e+21         2.18430e+10    4.87410e-01
    2.49541e+21         2.01607e+10    4.87406e-01
    2.49541e+21         1.81860e+10    4.87401e-01
    2.49541e+21         1.69725e+10    4.87399e-01
    2.49541e+21         1.55794e+10    4.87396e-01
    2.49541e+21         1.47526e+10    4.87394e-01
    2.49541e+21         1.38307e+10    4.87393e-01
    2.49541e+21         1.27816e+10    4.87391e-01
    2.49541e+21         1.15534e+10    4.87388e-01
    2.49541e+21         1.08017e+10    4.87387e-01
    2.49541e+21         9.94182e+09    4.87386e-01
    2.49541e+21         9.43428e+09    4.87385e-01
    2.49541e+21         8.87065e+09    4.87384e-01
    2.49541e+21         8.23313e+09    4.87384e-01
    2.49541e+21         7.49306e+09    4.87383e-01
    2.49541e+21         7.04632e+09    4.87382e-01
    2.49541e+21         6.54113e+09    4.87382e-01
    2.49541e+21         5.95490e+09    4.87381e-01
    2.49541e+21         5.60123e+09    4.87381e-01
    2.49541e+21         5.20149e+09    4.87380e-01
    2.49541e+21         4.73795e+09    4.87380e-01
    2.49541e+21         4.45860e+09    4.87380e-01
    2.49541e+21         4.14316e+09    4.87379e-01
    2.49541e+21         3.77786e+09    4.87379e-01
    2.49541e+21         3.55818e+09    4.87379e-01
    2.49541e+21         3.31054e+09    4.87379e-01
    2.49541e+21         3.02446e+09    4.87378e-01
    2.49541e+21         2.85308e+09    4.87378e-01
    2.49541e+21         2.66049e+09    4.87378e-01
    2.49541e+21         2.43901e+09    4.87378e-01
    2.49541e+21         2.30724e+09    4.87378e-01
    2.49541e+21         2.16000e+09    4.87378e-01
    2.49541e+21         1.99199e+09    4.87378e-01
    2.49541e+21         1.79446e+09    4.87378e-01
    2.49541e+21         1.67275e+09    4.87378e-01
    2.49541e+21         1.53268e+09    4.87378e-01
    2.49541e+21         1.44926e+09    4.87378e-01
    2.49541e+21         1.35596e+09    4.87378e-01
    2.49541e+21         1.24938e+09    4.87378e-01
    2.49541e+21         1.18662e+09    4.87378e-01
    2.49541e+21         1.11703e+09    4.87377e-01
    2.49541e+21         1.03851e+09    4.87377e-01
    2.49541e+21         9.47657e+08    4.87377e-01
    2.49541e+21         8.93106e+08    4.87377e-01
    2.49541e+21         8.31688e+08    4.87377e-01
    2.49541e+21         7.60863e+08    4.87377e-01
    2.49541e+21         7.18551e+08    4.87377e-01
    2.49541e+21         6.71109e+08    4.87377e-01
    2.49541e+21         6.16723e+08    4.87377e-01
    2.49541e+21         5.84522e+08    4.87377e-01
    2.49541e+21         5.48676e+08    4.87377e-01
    2.49541e+21         5.07993e+08    4.87377e-01
    2.49541e+21         4.60532e+08    4.87377e-01
    2.49541e+21         4.31659e+08    4.87377e-01
    2.49541e+21         3.98794e+08    4.87377e-01
    2.49541e+21         3.60289e+08    4.87377e-01
    2.49541e+21         3.36701e+08    4.87377e-01
    2.49541e+21         3.09693e+08    4.87377e-01
    2.49541e+21         2.93731e+08    4.87377e-01
    2.49541e+21         2.75986e+08    4.87377e-01
    2.49541e+21         2.55887e+08    4.87377e-01
    2.49541e+21         2.32506e+08    4.87377e-01
    2.49541e+21         2.18347e+08    4.87377e-01
    2.49541e+21         2.02291e+08    4.87377e-01
    2.49541e+21         1.83585e+08    4.87377e-01
    2.49541e+21         1.72229e+08    4.87377e-01
    2.49541e+21         1.59326e+08    4.87377e-01
    2.49541e+21         1.44249e+08    4.87377e-01
    2.49541e+21         1.35052e+08    4.87377e-01
    2.49541e+21         1.24560e+08    4.87377e-01
    2.49541e+21         1.12226e+08    4.87377e-01
    2.49541e+21         1.04629e+08    4.87377e-01
    2.49541e+21         9.58888e+07    4.87377e-01
    2.49541e+21         9.06856e+07    4.87377e-01
    2.49541e+21         8.48682e+07    4.87377e-01
    2.49541e+21         7.82260e+07    4.87377e-01
    2.49541e+21         7.04078e+07    4.87377e-01
    2.49541e+21         6.55824e+07    4.87377e-01
    2.49541e+21         6.00208e+07    4.87377e-01
    2.49541e+21         5.67008e+07    4.87377e-01
    2.49541e+21         5.29806e+07    4.87377e-01
    2.49541e+21         4.87196e+07    4.87377e-01
    2.49541e+21         4.62001e+07    4.87377e-01
    2.49541e+21         4.33984e+07    4.87377e-01
    2.49541e+21         4.02232e+07    4.87377e-01
    2.49541e+21         3.65269e+07    4.87377e-01
    2.49541e+21         3.42858e+07    4.87377e-01
    2.49541e+21         3.17422e+07    4.87377e-01
    2.49541e+21         2.87745e+07    4.87377e-01
    2.49541e+21         2.69688e+07    4.87377e-01
    2.49541e+21         2.49133e+07    4.87377e-01
    2.49541e+21         2.25045e+07    4.87377e-01
    2.49541e+21         2.10285e+07    4.87377e-01
    2.49541e+21         1.93380e+07    4.87377e-01
    2.49541e+21         1.83385e+07    4.87377e-01
    2.49541e+21         1.72271e+07    4.87377e-01
    2.49541e+21         1.59677e+07    4.87377e-01
    2.49541e+21         1.45018e+07    4.87377e-01
    2.49541e+21         1.36132e+07    4.87377e-01
    2.49541e+21         1.26048e+07    4.87377e-01
    2.49541e+21         1.14285e+07    4.87377e-01
    2.49541e+21         1.07131e+07    4.87377e-01
    2.49541e+21         9.89895e+06    4.87377e-01
    2.49541e+21         8.94537e+06    4.87377e-01
    2.49541e+21         8.36150e+06    4.87377e-01
    2.49541e+21         7.69326e+06    4.87377e-01
    2.49541e+21         7.29857e+06    4.87377e-01
    2.49541e+21         6.86004e+06    4.87377e-01
    2.49541e+21         6.36365e+06    4.87377e-01
    2.49541e+21         5.78680e+06    4.87377e-01
    2.49541e+21         5.43800e+06    4.87377e-01
    2.49541e+21         5.04303e+06    4.87377e-01
    2.49541e+21         4.58377e+06    4.87377e-01
    2.49541e+21         4.30581e+06    4.87377e-01
    2.49541e+21         3.99082e+06    4.87377e-01
    2.49541e+21         3.62413e+06    4.87377e-01
    2.49541e+21         3.40181e+06    4.87377e-01
    2.49541e+21         3.14948e+06    4.87377e-01
    2.49541e+21         2.85511e+06    4.87377e-01
    2.49541e+21         2.67600e+06    4.87377e-01
    2.49541e+21         2.47211e+06    4.87377e-01
    2.49541e+21         2.23321e+06    4.87377e-01
    2.49541e+21         2.08684e+06    4.87377e-01
    2.49541e+21         1.91921e+06    4.87377e-01
    2.49541e+21         1.82012e+06    4.87377e-01
    2.49541e+21         1.70994e+06    4.87377e-01
    2.49541e+21         1.58510e+06    4.87377e-01
    2.49541e+21         1.43983e+06    4.87377e-01
    2.49541e+21         1.35180e+06    4.87377e-01
    2.49541e+21         1.25193e+06    4.87377e-01
    2.49541e+21         1.13548e+06    4.87377e-01
    2.49541e+21         1.06471e+06    4.87377e-01
    2.49541e+21         9.84215e+05    4.87377e-01
    2.49541e+21         8.90014e+05    4.87377e-01
    2.49541e+21         8.32415e+05    4.87377e-01
    2.49541e+21         7.66569e+05    4.87377e-01
    2.49541e+21         7.27748e+05    4.87377e-01
    2.49541e+21         6.84674e+05    4.87377e-01
    2.49541e+21         6.36010e+05    4.87377e-01
    2.49541e+21         5.79614e+05    4.87377e-01
    2.49541e+21         5.45662e+05    4.87377e-01
    2.49541e+21         5.07353e+05    4.87377e-01
    2.49541e+21         4.63041e+05    4.87377e-01
    2.49541e+21         4.36441e+05    4.87377e-01
    2.49541e+21         4.06500e+05    4.87377e-01
    2.49541e+21         3.71986e+05    4.87377e-01
    2.49541e+21         3.51378e+05    4.87377e-01
    2.49541e+21         3.28282e+05    4.87377e-01
    2.49541e+21         3.01822e+05    4.87377e-01
    2.49541e+21         2.86171e+05    4.87377e-01
    2.49541e+21         2.68760e+05    4.87377e-01
    2.49541e+21         2.49021e+05    4.87377e-01
    2.49541e+21         2.26029e+05    4.87377e-01
    2.49541e+21         2.12075e+05    4.87377e-01
    2.49541e+21         1.96225e+05    4.87377e-01
    2.49541e+21         1.77710e+05    4.87377e-01
    2.49541e+21         1.66423e+05    4.87377e-01
    2.49541e+21         1.53553e+05    4.87377e-01
    2.49541e+21         1.38436e+05    4.87377e-01
    2.49541e+21         1.29136e+05    4.87377e-01
    2.49541e+21         1.18449e+05    4.87377e-01
    2.49541e+21         1.12097e+05    4.87377e-01
    2.49541e+21         1.05006e+05    4.87377e-01
    2.49541e+21         9.69236e+04    4.87377e-01
    2.49541e+21         8.74378e+04    4.87377e-01
    2.49541e+21         8.16099e+04    4.87377e-01
    2.49541e+21         7.49200e+04    4.87377e-01
    2.49541e+21         7.09511e+04    4.87377e-01
    2.49541e+21         6.65256e+04    4.87377e-01
    2.49541e+21         6.14918e+04    4.87377e-01
    2.49541e+21         5.56000e+04    4.87377e-01
    2.49541e+21         5.19968e+04    4.87377e-01
    2.49541e+21         4.78768e+04    4.87377e-01
    2.49541e+21         4.54471e+04    4.87377e-01
    2.49541e+21         4.27505e+04    4.87377e-01
    2.49541e+21         3.97031e+04    4.87377e-01
    2.49541e+21         3.61699e+04    4.87377e-01
    2.49541e+21         3.40413e+04    4.87377e-01
    2.49541e+21         3.16382e+04    4.87377e-01
    2.49541e+21         2.88562e+04    4.87377e-01
    2.49541e+21         2.71840e+04    4.87377e-01
    2.49541e+21         2.52998e+04    4.87377e-01
    2.49541e+21         2.31245e+04    4.87377e-01
    2.49541e+21         2.18226e+04    4.87377e-01
    2.49541e+21         2.03607e+04    4.87377e-01
    2.49541e+21         1.86814e+04    4.87377e-01
    2.49541e+21         1.76840e+04    4.87377e-01
    2.49541e+21         1.65709e+04    4.87377e-01
    2.49541e+21         1.53032e+04    4.87377e-01
    2.49541e+21         1.38168e+04    4.87377e-01
    2.49541e+21         1.29051e+04    4.87377e-01
    2.49541e+21         1.18601e+04    4.87377e-01
    2.49541e+21         1.12414e+04    4.87377e-01
    2.49541e+21         1.05528e+04    4.87377e-01
    2.49541e+21         9.77130e+03    4.87377e-01
    2.49541e+21         8.85986e+03    4.87377e-01
    2.49541e+21         8.30555e+03    4.87377e-01
    2.49541e+21         7.67478e+03    4.87377e-01
    2.49541e+21         6.93607e+03    4.87377e-01
    2.49541e+21         6.48385e+03    4.87377e-01
    2.49541e+21         5.96635e+03    4.87377e-01
    2.49541e+21         5.66077e+03    4.87377e-01
    2.49541e+21         5.32130e+03    4.87377e-01
    2.49541e+21         4.93715e+03    4.87377e-01
    2.49541e+21         4.49088e+03    4.87377e-01
    2.49541e+21         4.22120e+03    4.87377e-01
    2.49541e+21         3.91596e+03    4.87377e-01
    2.49541e+21         3.56127e+03    4.87377e-01
    2.49541e+21         3.34685e+03    4.87377e-01
    2.49541e+21         3.10407e+03    4.87377e-01
    2.49541e+21         2.82182e+03    4.87377e-01
    2.49541e+21         2.65106e+03    4.87377e-01
    2.49541e+21         2.45759e+03    4.87377e-01
    2.49541e+21         2.23246e+03    4.87377e-01
    2.49541e+21         2.09604e+03    4.87377e-01
    2.49541e+21         1.94129e+03    4.87377e-01
    2.49541e+21         1.76089e+03    4.87377e-01
    2.49541e+21         1.65126e+03    4.87377e-01
    2.49541e+21         1.52659e+03    4.87377e-01
    2.49541e+21         1.38072e+03    4.87377e-01
    2.49541e+21         1.29157e+03    4.87377e-01
    2.49541e+21         1.18968e+03    4.87377e-01
    2.49541e+21         1.12963e+03    4.87377e-01
    2.49541e+21         1.06303e+03    4.87377e-01
    2.49541e+21         9.87830e+02    4.87377e-01
    2.49541e+21         9.00739e+02    4.87377e-01
    2.49541e+21         8.48366e+02    4.87377e-01
    2.49541e+21         7.89327e+02    4.87377e-01
    2.49541e+21         7.21125e+02    4.87377e-01
    2.49541e+21         6.80269e+02    4.87377e-01
    2.49541e+21         6.34359e+02    4.87377e-01
    2.49541e+21         5.81562e+02    4.87377e-01
    2.49541e+21         5.50153e+02    4.87377e-01
    2.49541e+21         5.15055e+02    4.87377e-01
    2.49541e+21         4.75011e+02    4.87377e-01
    2.49541e+21         4.27931e+02    4.87377e-01
    2.49541e+21         3.98927e+02    4.87377e-01
    2.49541e+21         3.65551e+02    4.87377e-01
    2.49541e+21         3.45677e+02    4.87377e-01
    2.49541e+21         3.23451e+02    4.87377e-01
    2.49541e+21         2.98067e+02    4.87377e-01
    2.49541e+21         2.83121e+02    4.87377e-01
    2.49541e+21         2.66555e+02    4.87377e-01
    2.49541e+21         2.47866e+02    4.87377e-01
    2.49541e+21         2.26253e+02    4.87377e-01
    2.49541e+21         2.13283e+02    4.87377e-01
    2.49541e+21         1.98688e+02    4.87377e-01
    2.49541e+21         1.81869e+02    4.87377e-01
    2.49541e+21         1.71833e+02    4.87377e-01
    2.49541e+21         1.60590e+02    4.87377e-01
    2.49541e+21         1.47717e+02    4.87377e-01
    2.49541e+21         1.40111e+02    4.87377e-01
    2.49541e+21         1.31655e+02    4.87377e-01
    2.49541e+21         1.22079e+02    4.87377e-01
    2.49541e+21         1.10942e+02    4.87377e-01
    2.49541e+21         1.04199e+02    4.87377e-01
    2.49541e+21         9.65553e+01    4.87377e-01
    2.49541e+21         8.76534e+01    4.87377e-01
    2.49541e+21         8.22525e+01    4.87377e-01
    2.49541e+21         7.61190e+01    4.87377e-01
    2.49541e+21         6.89573e+01    4.87377e-01
    2.49541e+21         6.45939e+01    4.87377e-01
    2.49541e+21         5.96212e+01    4.87377e-01
    2.49541e+21         5.37845e+01    4.87377e-01
    2.49541e+21         5.01983e+01    4.87377e-01
    2.49541e+21         4.60814e+01    4.87377e-01
    2.49541e+21         4.36387e+01    4.87377e-01
    2.49541e+21         4.09149e+01    4.87377e-01
    2.49541e+21         3.78164e+01    4.87377e-01
    2.49541e+21         3.41894e+01    4.87377e-01
    2.49541e+21         3.19706e+01    4.87377e-01
    2.49541e+21         2.94333e+01    4.87377e-01
    2.49541e+21         2.79364e+01    4.87377e-01
    2.49541e+21         2.62749e+01    4.87377e-01
    2.49541e+21         2.43965e+01    4.87377e-01
    2.49541e+21         2.22178e+01    4.87377e-01
    2.49541e+21         2.09043e+01    4.87377e-01
    2.49541e+21         1.94206e+01    4.87377e-01
    2.49541e+21         1.77015e+01    4.87377e-01
    2.49541e+21         1.66669e+01    4.87377e-01
    2.49541e+21         1.54999e+01    4.87377e-01
    2.49541e+21         1.41505e+01    4.87377e-01
    2.49541e+21         1.33410e+01    4.87377e-01
    2.49541e+21         1.24302e+01    4.87377e-01
    2.49541e+21         1.13812e+01    4.87377e-01
    2.49541e+21         1.07555e+01    4.87377e-01
    2.49541e+21         1.00548e+01    4.87377e-01
    2.49541e+21         9.25319e+00    4.87377e-01
    2.49541e+21         8.77991e+00    4.87377e-01
    2.49541e+21         8.25422e+00    4.87377e-01
    2.49541e+21         7.65945e+00    4.87377e-01
    2.49541e+21         6.96871e+00    4.87377e-01
    2.49541e+21         6.55149e+00    4.87377e-01
    2.49541e+21         6.07943e+00    4.87377e-01
    2.49541e+21         5.53121e+00    4.87377e-01
    2.49541e+21         5.20008e+00    4.87377e-01
    2.49541e+21         4.82543e+00    4.87377e-01
    2.49541e+21         4.39034e+00    4.87377e-01
    2.49541e+21         4.12755e+00    4.87377e-01
    2.49541e+21         3.83022e+00    4.87377e-01
    2.49541e+21         3.48494e+00    4.87377e-01
    2.49541e+21         3.27640e+00    4.87377e-01
    2.49541e+21         3.04047e+00    4.87377e-01
    2.49541e+21         2.76650e+00    4.87377e-01
    2.49541e+21         2.60103e+00    4.87377e-01
    2.49541e+21         2.41385e+00    4.87377e-01
    2.49541e+21         2.19651e+00    4.87377e-01
    2.49541e+21         2.06528e+00    4.87377e-01
    2.49541e+21         1.91683e+00    4.87377e-01
    2.49541e+21         1.74450e+00    4.87377e-01
    2.49541e+21         1.64047e+00    4.87377e-01
    2.49541e+21         1.52283e+00    4.87377e-01
    2.49541e+21         1.38631e+00    4.87377e-01
    2.49541e+21         1.30395e+00    4.87377e-01
    2.49541e+21         1.21085e+00    4.87377e-01
    2.49541e+21         1.10288e+00    4.87377e-01
    2.49541e+21         1.03781e+00    4.87377e-01
    2.49541e+21         9.64329e-01    4.87377e-01
    2.49541e+21         8.79218e-01    4.87377e-01
    2.49541e+21         8.28024e-01    4.87377e-01
    2.49541e+21         7.70305e-01    4.87377e-01
    2.49541e+21         7.03612e-01    4.87377e-01
    2.49541e+21         6.63644e-01    4.87377e-01
    2.49541e+21         6.18717e-01    4.87377e-01
    2.49541e+21         5.67029e-01    4.87377e-01
    2.49541e+21         5.36259e-01    4.87377e-01
    2.49541e+21         5.01856e-01    4.87377e-01
    2.49541e+21         4.62574e-01    4.87377e-01
    2.49541e+21         4.16338e-01    4.87377e-01
    2.49541e+21         3.87800e-01    4.87377e-01
    2.49541e+21         3.54907e-01    4.87377e-01
    2.49541e+21         3.35271e-01    4.87377e-01
    2.49541e+21         3.13267e-01    4.87377e-01
    2.49541e+21         2.88064e-01    4.87377e-01
    2.49541e+21         2.73161e-01    4.87377e-01
    2.49541e+21         2.56587e-01    4.87377e-01
    2.49541e+21         2.37803e-01    4.87377e-01
    2.49541e+21         2.15934e-01    4.87377e-01
    2.49541e+21         2.02673e-01    4.87377e-01
    2.49541e+21         1.87620e-01    4.87377e-01
    2.49541e+21         1.70054e-01    4.87377e-01
    2.49541e+21         1.59363e-01    4.87377e-01
    2.49541e+21         1.47189e-01    4.87377e-01
    2.49541e+21         1.32918e-01    4.87377e-01
    2.49541e+21         1.24169e-01    4.87377e-01
    2.49541e+21         1.14142e-01    4.87377e-01
    2.49541e+21         1.08210e-01    4.87377e-01
    2.49541e+21         1.01609e-01    4.87377e-01
    2.49541e+21         9.41226e-02    4.87377e-01
    2.49541e+21         8.53979e-02    4.87377e-01
    2.49541e+21         8.00987e-02    4.87377e-01
    2.49541e+21         7.40751e-02    4.87377e-01
    2.49541e+21         6.70320e-02    4.87377e-01
    2.49541e+21         6.27316e-02    4.87377e-01
    2.49541e+21         5.78214e-02    4.87377e-01
    2.49541e+21         5.20418e-02    4.87377e-01
    2.49541e+21         4.84744e-02    4.87377e-01
    2.49541e+21         4.43627e-02    4.87377e-01
    2.49541e+21         4.19081e-02    4.87377e-01
    2.49541e+21         3.91576e-02    4.87377e-01
    2.49541e+21         3.60071e-02    4.87377e-01
    2.49541e+21         3.41441e-02    4.87377e-01
    2.49541e+21         3.20722e-02    4.87377e-01
    2.49541e+21         2.97241e-02    4.87377e-01
    2.49541e+21         2.69903e-02    4.87377e-01
    2.49541e+21         2.53324e-02    4.87377e-01
    2.49541e+21         2.34505e-02    4.87377e-01
    2.49541e+21         2.12544e-02    4.87377e-01
    2.49541e+21         1.99177e-02    4.87377e-01
    2.49541e+21         1.83956e-02    4.87377e-01
    2.49541e+21         1.66112e-02    4.87377e-01
    2.49541e+21         1.55170e-02    4.87377e-01
    2.49541e+21         1.42630e-02    4.87377e-01
    2.49541e+21         1.35210e-02    4.87377e-01
    2.49541e+21         1.26952e-02    4.87377e-01
    2.49541e+21         1.17585e-02    4.87377e-01
    2.49541e+21         1.06667e-02    4.87377e-01
    2.49541e+21         1.00033e-02    4.87377e-01
    2.49541e+21         9.24900e-03    4.87377e-01
    2.49541e+21         8.36664e-03    4.87377e-01
    2.49541e+21         7.82750e-03    4.87377e-01
    2.49541e+21         7.21153e-03    4.87377e-01
    2.49541e+21         6.84868e-03    4.87377e-01
    2.49541e+21         6.44637e-03    4.87377e-01
    2.49541e+21         5.99227e-03    4.87377e-01
    2.49541e+21         5.46675e-03    4.87377e-01
    2.49541e+21         5.15104e-03    4.87377e-01
    2.49541e+21         4.79544e-03    4.87377e-01
    2.49541e+21         4.38516e-03    4.87377e-01
    2.49541e+21         4.13983e-03    4.87377e-01
    2.49541e+21         3.86456e-03    4.87377e-01
    2.49541e+21         3.54869e-03    4.87377e-01
    2.49541e+21         3.36138e-03    4.87377e-01
    2.49541e+21         3.15262e-03    4.87377e-01
    2.49541e+21         2.91530e-03    4.87377e-01
    2.49541e+21         2.63776e-03    4.87377e-01
    2.49541e+21         2.46826e-03    4.87377e-01
    2.49541e+21         2.27467e-03    4.87377e-01
    2.49541e+21         2.16070e-03    4.87377e-01
    2.49541e+21         2.03439e-03    4.87377e-01
    2.49541e+21         1.89191e-03    4.87377e-01
    2.49541e+21         1.72716e-03    4.87377e-01
    2.49541e+21         1.62832e-03    4.87377e-01
    2.49541e+21         1.51712e-03    4.87377e-01
    2.49541e+21         1.38901e-03    4.87377e-01
    2.49541e+21         1.31260e-03    4.87377e-01
    2.49541e+21         1.22704e-03    4.87377e-01
    2.49541e+21         1.12912e-03    4.87377e-01
    2.49541e+21         1.07131e-03    4.87377e-01
    2.49541e+21         1.00708e-03    4.87377e-01
    2.49541e+21         9.34401e-04    4.87377e-01
    2.49541e+21         8.49977e-04    4.87377e-01
    2.49541e+21         7.98962e-04    4.87377e-01
    2.49541e+21         7.41226e-04    4.87377e-01
    2.49541e+21         6.74144e-04    4.87377e-01
    2.49541e+21         6.33595e-04    4.87377e-01
    2.49541e+21         5.87691e-04    4.87377e-01
    2.49541e+21         5.34336e-04    4.87377e-01
    2.49541e+21         5.02065e-04    4.87377e-01
    2.49541e+21         4.65511e-04    4.87377e-01
    2.49541e+21         4.22992e-04    4.87377e-01
    2.49541e+21         3.97243e-04    4.87377e-01
    2.49541e+21         3.68049e-04    4.87377e-01
    2.49541e+21         3.34039e-04    4.87377e-01
    2.49541e+21         3.13395e-04    4.87377e-01
    2.49541e+21         2.89942e-04    4.87377e-01
    2.49541e+21         2.62541e-04    4.87377e-01
    2.49541e+21         2.45831e-04    4.87377e-01
    2.49541e+21         2.26773e-04    4.87377e-01
    2.49541e+21         2.04377e-04    4.87377e-01
    2.49541e+21         1.90590e-04    4.87377e-01
    2.49541e+21         1.74737e-04    4.87377e-01
    2.49541e+21         1.65307e-04    4.87377e-01
    2.49541e+21         1.54770e-04    4.87377e-01
    2.49541e+21         1.42749e-04    4.87377e-01
    2.49541e+21         1.28619e-04    4.87377e-01
    2.49541e+21         1.19916e-04    4.87377e-01
    2.49541e+21         1.09904e-04    4.87377e-01
    2.49541e+21         1.03945e-04    4.87377e-01
    2.49541e+21         9.72822e-05    4.87377e-01
    2.49541e+21         8.96759e-05    4.87377e-01
    2.49541e+21         8.07247e-05    4.87377e-01
    2.49541e+21         7.52014e-05    4.87377e-01
    2.49541e+21         6.88371e-05    4.87377e-01
    2.49541e+21         6.50393e-05    4.87377e-01
    2.49541e+21         6.07850e-05    4.87377e-01
    2.49541e+21         5.59144e-05    4.87377e-01
    2.49541e+21         5.30364e-05    4.87377e-01
    2.49541e+21         4.98375e-05    4.87377e-01
    2.49541e+21         4.62148e-05    4.87377e-01
    2.49541e+21         4.20018e-05    4.87377e-01
    2.49541e+21         3.94516e-05    4.87377e-01
    2.49541e+21         3.65610e-05    4.87377e-01
    2.49541e+21         3.31953e-05    4.87377e-01
    2.49541e+21         3.11538e-05    4.87377e-01
    2.49541e+21         2.88361e-05    4.87377e-01
    2.49541e+21         2.61308e-05    4.87377e-01
    2.49541e+21         2.44836e-05    4.87377e-01


