              t                   M              a
    1.23833e-21         1.00000e+17    8.00000e-01
    2.47665e-21         1.00000e+17    8.00000e-01
    4.95331e-21         9.99999e+16    7.99999e-01
    9.90662e-21         9.99998e+16    7.99998e-01
    1.98132e-20         9.99997e+16    7.99996e-01
    3.96265e-20         9.99993e+16    7.99992e-01
    7.92530e-20         9.99986e+16    7.99983e-01
    1.58506e-19         9.99973e+16    7.99966e-01
    3.17012e-19         9.99945e+16    7.99932e-01
    6.34024e-19         9.99890e+16    7.99863e-01
    1.26805e-18         9.99781e+16    7.99726e-01
    2.53609e-18         9.99561e+16    7.99453e-01
    5.07219e-18         9.99122e+16    7.98906e-01
    1.01444e-17         9.98246e+16    7.97815e-01
    2.02888e-17         9.96498e+16    7.95644e-01
    4.05775e-17         9.93025e+16    7.91348e-01
    8.11550e-17         9.86163e+16    7.82932e-01
    1.21733e-16         9.79384e+16    7.74776e-01
    1.62310e-16         9.72666e+16    7.66891e-01
    2.43465e-16         9.59351e+16    7.51647e-01
    3.24620e-16         9.46222e+16    7.37397e-01
    4.05775e-16         9.33059e+16    7.23918e-01
    4.86930e-16         9.19869e+16    7.11147e-01
    5.68085e-16         9.06593e+16    6.98953e-01
    6.49240e-16         8.93106e+16    6.87341e-01
    7.30395e-16         8.79383e+16    6.76289e-01
    8.11550e-16         8.65350e+16    6.65730e-01
    8.92705e-16         8.50947e+16    6.55580e-01
    9.73860e-16         8.36127e+16    6.45842e-01
    1.05502e-15         8.20850e+16    6.36502e-01
    1.13617e-15         8.05068e+16    6.27399e-01
    1.21733e-15         7.88729e+16    6.18521e-01
    1.29848e-15         7.71754e+16    6.09892e-01
    1.37964e-15         7.54069e+16    6.01511e-01
    1.46079e-15         7.35504e+16    5.93393e-01
    1.54195e-15         7.15935e+16    5.85538e-01
    1.62310e-15         6.95222e+16    5.77946e-01
    1.70426e-15         6.73186e+16    5.70619e-01
    1.78541e-15         6.49681e+16    5.63404e-01
    1.86657e-15         6.24394e+16    5.56275e-01
    1.94772e-15         5.96953e+16    5.49237e-01
    2.02888e-15         5.66871e+16    5.42264e-01
    2.11003e-15         5.33431e+16    5.35369e-01
    2.19119e-15         4.95626e+16    5.28425e-01
    2.27234e-15         4.51631e+16    5.21527e-01
    2.31292e-15         4.25018e+16    5.18100e-01
    2.35350e-15         3.94895e+16    5.14657e-01
    2.39407e-15         3.59941e+16    5.11135e-01
    2.41436e-15         3.38854e+16    5.09364e-01
    2.43465e-15         3.15027e+16    5.07580e-01
    2.45494e-15         2.87434e+16    5.05748e-01
    2.46508e-15         2.70841e+16    5.04816e-01
    2.47523e-15         2.52141e+16    5.03871e-01
    2.48537e-15         2.30550e+16    5.02908e-01
    2.49044e-15         2.17630e+16    5.02414e-01
    2.49552e-15         2.03126e+16    5.01907e-01
    2.50059e-15         1.86471e+16    5.01390e-01
    2.50313e-15         1.76587e+16    5.01125e-01
    2.50566e-15         1.65563e+16    5.00853e-01
    2.50820e-15         1.53020e+16    5.00573e-01
    2.51073e-15         1.38335e+16    5.00286e-01
    2.51200e-15         1.29349e+16    5.00138e-01
    2.51327e-15         1.19070e+16    4.99985e-01
    2.51390e-15         1.13004e+16    4.99905e-01
    2.51454e-15         1.06270e+16    4.99822e-01
    2.51517e-15         9.86544e+15    4.99736e-01
    2.51581e-15         8.98175e+15    4.99644e-01
    2.51612e-15         8.44865e+15    4.99595e-01
    2.51644e-15         7.84614e+15    4.99545e-01
    2.51676e-15         7.14752e+15    4.99490e-01
    2.51692e-15         6.72658e+15    4.99461e-01
    2.51707e-15         6.25130e+15    4.99430e-01
    2.51723e-15         5.70100e+15    4.99397e-01
    2.51731e-15         5.37016e+15    4.99379e-01
    2.51739e-15         4.99730e+15    4.99360e-01
    2.51747e-15         4.56672e+15    4.99340e-01
    2.51751e-15         4.30891e+15    4.99329e-01
    2.51755e-15         4.01934e+15    4.99317e-01
    2.51759e-15         3.68653e+15    4.99304e-01
    2.51761e-15         3.48873e+15    4.99297e-01
    2.51763e-15         3.26785e+15    4.99290e-01
    2.51765e-15         3.01612e+15    4.99282e-01
    2.51767e-15         2.72060e+15    4.99274e-01
    2.51768e-15         2.53900e+15    4.99270e-01
    2.51769e-15         2.33049e+15    4.99264e-01
    2.51769e-15         2.20675e+15    4.99262e-01
    2.51770e-15         2.06874e+15    4.99259e-01
    2.51770e-15         1.91170e+15    4.99256e-01
    2.51771e-15         1.72780e+15    4.99252e-01
    2.51771e-15         1.61523e+15    4.99250e-01
    2.51771e-15         1.48643e+15    4.99248e-01
    2.51771e-15         1.41039e+15    4.99247e-01
    2.51772e-15         1.32592e+15    4.99246e-01
    2.51772e-15         1.23035e+15    4.99244e-01
    2.51772e-15         1.11936e+15    4.99243e-01
    2.51772e-15         1.05231e+15    4.99242e-01
    2.51772e-15         9.76441e+14    4.99241e-01
    2.51772e-15         8.88329e+14    4.99240e-01
    2.51772e-15         8.35099e+14    4.99239e-01
    2.51772e-15         7.74868e+14    4.99239e-01
    2.51772e-15         7.04909e+14    4.99238e-01
    2.51772e-15         6.62642e+14    4.99238e-01
    2.51772e-15         6.14810e+14    4.99237e-01
    2.51772e-15         5.59247e+14    4.99237e-01
    2.51772e-15         5.25671e+14    4.99237e-01
    2.51772e-15         4.87668e+14    4.99236e-01
    2.51772e-15         4.43512e+14    4.99236e-01
    2.51772e-15         4.16819e+14    4.99236e-01
    2.51772e-15         3.86598e+14    4.99236e-01
    2.51772e-15         3.51467e+14    4.99235e-01
    2.51772e-15         3.30215e+14    4.99235e-01
    2.51772e-15         3.06138e+14    4.99235e-01
    2.51772e-15         2.78126e+14    4.99235e-01
    2.51772e-15         2.61157e+14    4.99235e-01
    2.51772e-15         2.41911e+14    4.99235e-01
    2.51772e-15         2.19480e+14    4.99235e-01
    2.51772e-15         2.05855e+14    4.99235e-01
    2.51772e-15         1.90368e+14    4.99235e-01
    2.51772e-15         1.72257e+14    4.99235e-01
    2.51772e-15         1.61197e+14    4.99235e-01
    2.51772e-15         1.48568e+14    4.99235e-01
    2.51772e-15         1.41134e+14    4.99235e-01
    2.51772e-15         1.32897e+14    4.99235e-01
    2.51772e-15         1.23607e+14    4.99235e-01
    2.51772e-15         1.12867e+14    4.99235e-01
    2.51772e-15         1.06427e+14    4.99234e-01
    2.51772e-15         9.91843e+13    4.99234e-01
    2.51772e-15         9.08447e+13    4.99234e-01
    2.51772e-15         8.58742e+13    4.99234e-01
    2.51772e-15         8.03116e+13    4.99234e-01
    2.51772e-15         7.39519e+13    4.99234e-01
    2.51772e-15         7.02015e+13    4.99234e-01
    2.51772e-15         6.60398e+13    4.99234e-01
    2.51772e-15         6.13369e+13    4.99234e-01
    2.51772e-15         5.58853e+13    4.99234e-01
    2.51772e-15         5.26018e+13    4.99234e-01
    2.51772e-15         4.88955e+13    4.99234e-01
    2.51772e-15         4.46060e+13    4.99234e-01
    2.51772e-15         4.20290e+13    4.99234e-01
    2.51772e-15         3.91262e+13    4.99234e-01
    2.51772e-15         3.57768e+13    4.99234e-01
    2.51772e-15         3.37738e+13    4.99234e-01
    2.51772e-15         3.15262e+13    4.99234e-01
    2.51772e-15         2.89467e+13    4.99234e-01
    2.51772e-15         2.74168e+13    4.99234e-01
    2.51772e-15         2.57114e+13    4.99234e-01
    2.51772e-15         2.37724e+13    4.99234e-01
    2.51772e-15         2.15040e+13    4.99234e-01
    2.51772e-15         2.01180e+13    4.99234e-01
    2.51772e-15         1.85344e+13    4.99234e-01
    2.51772e-15         1.76015e+13    4.99234e-01
    2.51772e-15         1.65671e+13    4.99234e-01
    2.51772e-15         1.53994e+13    4.99234e-01
    2.51772e-15         1.40481e+13    4.99234e-01
    2.51772e-15         1.32361e+13    4.99234e-01
    2.51772e-15         1.23215e+13    4.99234e-01
    2.51772e-15         1.12661e+13    4.99234e-01
    2.51772e-15         1.06348e+13    4.99234e-01
    2.51772e-15         9.92645e+12    4.99234e-01
    2.51772e-15         9.11335e+12    4.99234e-01
    2.51772e-15         8.63102e+12    4.99234e-01
    2.51772e-15         8.09328e+12    4.99234e-01
    2.51772e-15         7.48170e+12    4.99234e-01
    2.51772e-15         6.76606e+12    4.99234e-01
    2.51772e-15         6.32854e+12    4.99234e-01
    2.51772e-15         5.82843e+12    4.99234e-01
    2.51772e-15         5.53362e+12    4.99234e-01
    2.51772e-15         5.20657e+12    4.99234e-01
    2.51772e-15         4.83714e+12    4.99234e-01
    2.51772e-15         4.40912e+12    4.99234e-01
    2.51772e-15         4.15154e+12    4.99234e-01
    2.51772e-15         3.86101e+12    4.99234e-01
    2.51772e-15         3.52511e+12    4.99234e-01
    2.51772e-15         3.32363e+12    4.99234e-01
    2.51772e-15         3.09698e+12    4.99234e-01
    2.51772e-15         2.83595e+12    4.99234e-01
    2.51772e-15         2.68029e+12    4.99234e-01
    2.51772e-15         2.50604e+12    4.99234e-01
    2.51772e-15         2.30671e+12    4.99234e-01
    2.51772e-15         2.18907e+12    4.99234e-01
    2.51772e-15         2.05846e+12    4.99234e-01
    2.51772e-15         1.91074e+12    4.99234e-01
    2.51772e-15         1.73930e+12    4.99234e-01
    2.51772e-15         1.63585e+12    4.99234e-01
    2.51772e-15         1.51889e+12    4.99234e-01
    2.51772e-15         1.38324e+12    4.99234e-01
    2.51772e-15         1.30146e+12    4.99234e-01
    2.51772e-15         1.20907e+12    4.99234e-01
    2.51772e-15         1.10203e+12    4.99234e-01
    2.51772e-15         1.03761e+12    4.99234e-01
    2.51772e-15         9.64933e+11    4.99234e-01
    2.51772e-15         8.80903e+11    4.99234e-01
    2.51772e-15         8.30490e+11    4.99234e-01
    2.51772e-15         7.73771e+11    4.99234e-01
    2.51772e-15         7.08432e+11    4.99234e-01
    2.51772e-15         6.69458e+11    4.99234e-01
    2.51772e-15         6.25814e+11    4.99234e-01
    2.51772e-15         5.75870e+11    4.99234e-01
    2.51772e-15         5.46379e+11    4.99234e-01
    2.51772e-15         5.13619e+11    4.99234e-01
    2.51772e-15         4.76546e+11    4.99234e-01
    2.51772e-15         4.33480e+11    4.99234e-01
    2.51772e-15         4.07456e+11    4.99234e-01
    2.51772e-15         3.78002e+11    4.99234e-01
    2.51772e-15         3.43779e+11    4.99234e-01
    2.51772e-15         3.23091e+11    4.99234e-01
    2.51772e-15         2.99668e+11    4.99234e-01
    2.51772e-15         2.72441e+11    4.99234e-01
    2.51772e-15         2.55971e+11    4.99234e-01
    2.51772e-15         2.37313e+11    4.99234e-01
    2.51772e-15         2.15605e+11    4.99234e-01
    2.51772e-15         2.02456e+11    4.99234e-01
    2.51772e-15         1.87543e+11    4.99234e-01
    2.51772e-15         1.70164e+11    4.99234e-01
    2.51772e-15         1.59610e+11    4.99234e-01
    2.51772e-15         1.47613e+11    4.99234e-01
    2.51772e-15         1.33586e+11    4.99234e-01
    2.51772e-15         1.25023e+11    4.99234e-01
    2.51772e-15         1.15247e+11    4.99234e-01
    2.51772e-15         1.03741e+11    4.99234e-01
    2.51772e-15         9.66420e+10    4.99234e-01
    2.51772e-15         8.84611e+10    4.99234e-01
    2.51772e-15         8.35792e+10    4.99234e-01
    2.51772e-15         7.81102e+10    4.99234e-01
    2.51772e-15         7.18486e+10    4.99234e-01
    2.51772e-15         6.81484e+10    4.99234e-01
    2.51772e-15         6.40354e+10    4.99234e-01
    2.51772e-15         5.93770e+10    4.99234e-01
    2.51772e-15         5.39591e+10    4.99234e-01
    2.51772e-15         5.06788e+10    4.99234e-01
    2.51772e-15         4.69602e+10    4.99234e-01
    2.51772e-15         4.26293e+10    4.99234e-01
    2.51772e-15         4.00014e+10    4.99234e-01
    2.51772e-15         3.70170e+10    4.99234e-01
    2.51772e-15         3.35320e+10    4.99234e-01
    2.51772e-15         3.14085e+10    4.99234e-01
    2.51772e-15         2.89881e+10    4.99234e-01
    2.51772e-15         2.61466e+10    4.99234e-01
    2.51772e-15         2.44003e+10    4.99234e-01
    2.51772e-15         2.23951e+10    4.99234e-01
    2.51772e-15         2.12049e+10    4.99234e-01
    2.51772e-15         1.98774e+10    4.99234e-01
    2.51772e-15         1.83666e+10    4.99234e-01
    2.51772e-15         1.65971e+10    4.99234e-01
    2.51772e-15         1.55136e+10    4.99234e-01
    2.51772e-15         1.42734e+10    4.99234e-01
    2.51772e-15         1.35409e+10    4.99234e-01
    2.51772e-15         1.27271e+10    4.99234e-01
    2.51772e-15         1.18057e+10    4.99234e-01
    2.51772e-15         1.07350e+10    4.99234e-01
    2.51772e-15         1.00876e+10    4.99234e-01
    2.51772e-15         9.35430e+09    4.99234e-01
    2.51772e-15         8.50158e+09    4.99234e-01
    2.51772e-15         7.98540e+09    4.99234e-01
    2.51772e-15         7.40033e+09    4.99234e-01
    2.51772e-15         6.71909e+09    4.99234e-01
    2.51772e-15         6.30590e+09    4.99234e-01
    2.51772e-15         5.83679e+09    4.99234e-01
    2.51772e-15         5.28925e+09    4.99234e-01
    2.51772e-15         4.95586e+09    4.99234e-01
    2.51772e-15         4.57610e+09    4.99234e-01
    2.51772e-15         4.13071e+09    4.99234e-01
    2.51772e-15         3.85739e+09    4.99234e-01
    2.51772e-15         3.54397e+09    4.99234e-01
    2.51772e-15         3.35832e+09    4.99234e-01
    2.51772e-15         3.15158e+09    4.99234e-01
    2.51772e-15         2.91682e+09    4.99234e-01
    2.51772e-15         2.64275e+09    4.99234e-01
    2.51772e-15         2.47582e+09    4.99234e-01
    2.51772e-15         2.28562e+09    4.99234e-01
    2.51772e-15         2.06244e+09    4.99234e-01
    2.51772e-15         1.92540e+09    4.99234e-01
    2.51772e-15         1.76816e+09    4.99234e-01
    2.51772e-15         1.67493e+09    4.99234e-01
    2.51772e-15         1.57103e+09    4.99234e-01
    2.51772e-15         1.45294e+09    4.99234e-01
    2.51772e-15         1.31487e+09    4.99234e-01
    2.51772e-15         1.23058e+09    4.99234e-01
    2.51772e-15         1.13434e+09    4.99234e-01
    2.51772e-15         1.02108e+09    4.99234e-01
    2.51772e-15         9.51193e+08    4.99234e-01
    2.51772e-15         8.70657e+08    4.99234e-01
    2.51772e-15         8.22594e+08    4.99234e-01
    2.51772e-15         7.68752e+08    4.99234e-01
    2.51772e-15         7.07102e+08    4.99234e-01
    2.51772e-15         6.70668e+08    4.99234e-01
    2.51772e-15         6.30169e+08    4.99234e-01
    2.51772e-15         5.84296e+08    4.99234e-01
    2.51772e-15         5.30937e+08    4.99234e-01
    2.51772e-15         4.98626e+08    4.99234e-01
    2.51772e-15         4.61991e+08    4.99234e-01
    2.51772e-15         4.19316e+08    4.99234e-01
    2.51772e-15         3.93415e+08    4.99234e-01
    2.51772e-15         3.63990e+08    4.99234e-01
    2.51772e-15         3.29616e+08    4.99234e-01
    2.51772e-15         3.08658e+08    4.99234e-01
    2.51772e-15         2.84756e+08    4.99234e-01
    2.51772e-15         2.56674e+08    4.99234e-01
    2.51772e-15         2.39392e+08    4.99234e-01
    2.51772e-15         2.19525e+08    4.99234e-01
    2.51772e-15         2.07712e+08    4.99234e-01
    2.51772e-15         1.94518e+08    4.99234e-01
    2.51772e-15         1.79472e+08    4.99234e-01
    2.51772e-15         1.61799e+08    4.99234e-01
    2.51772e-15         1.50926e+08    4.99234e-01
    2.51772e-15         1.38430e+08    4.99234e-01
    2.51772e-15         1.31004e+08    4.99234e-01
    2.51772e-15         1.22711e+08    4.99234e-01
    2.51772e-15         1.13260e+08    4.99234e-01
    2.51772e-15         1.02165e+08    4.99234e-01
    2.51772e-15         9.53476e+07    4.99234e-01
    2.51772e-15         8.75203e+07    4.99234e-01
    2.51772e-15         8.28753e+07    4.99234e-01
    2.51772e-15         7.76951e+07    4.99234e-01
    2.51772e-15         7.18010e+07    4.99234e-01
    2.51772e-15         6.48996e+07    4.99234e-01
    2.51772e-15         6.06760e+07    4.99234e-01
    2.51772e-15         5.58439e+07    4.99234e-01
    2.51772e-15         5.29917e+07    4.99234e-01
    2.51772e-15         4.98241e+07    4.99234e-01
    2.51772e-15         4.62410e+07    4.99234e-01
    2.51772e-15         4.20810e+07    4.99234e-01
    2.51772e-15         3.95695e+07    4.99234e-01
    2.51772e-15         3.67291e+07    4.99234e-01
    2.51772e-15         3.34323e+07    4.99234e-01
    2.51772e-15         3.14428e+07    4.99234e-01
    2.51772e-15         2.91935e+07    4.99234e-01
    2.51772e-15         2.65843e+07    4.99234e-01
    2.51772e-15         2.50111e+07    4.99234e-01
    2.51772e-15         2.32337e+07    4.99234e-01
    2.51772e-15         2.11739e+07    4.99234e-01
    2.51772e-15         1.99339e+07    4.99234e-01
    2.51772e-15         1.85349e+07    4.99234e-01
    2.51772e-15         1.69167e+07    4.99234e-01
    2.51772e-15         1.59453e+07    4.99234e-01
    2.51772e-15         1.48521e+07    4.99234e-01
    2.51772e-15         1.35919e+07    4.99234e-01
    2.51772e-15         1.28396e+07    4.99234e-01
    2.51772e-15         1.19966e+07    4.99234e-01
    2.51772e-15         1.10309e+07    4.99234e-01
    2.51772e-15         1.04598e+07    4.99234e-01
    2.51772e-15         9.82463e+06    4.99234e-01
    2.51772e-15         9.10468e+06    4.99234e-01
    2.51772e-15         8.26638e+06    4.99234e-01
    2.51772e-15         7.75791e+06    4.99234e-01
    2.51772e-15         7.18060e+06    4.99234e-01
    2.51772e-15         6.50672e+06    4.99234e-01
    2.51772e-15         6.09638e+06    4.99234e-01
    2.51772e-15         5.62894e+06    4.99234e-01
    2.51772e-15         5.08064e+06    4.99234e-01
    2.51772e-15         4.74413e+06    4.99234e-01
    2.51772e-15         4.35818e+06    4.99234e-01
    2.51772e-15         4.12952e+06    4.99234e-01
    2.51772e-15         3.87483e+06    4.99234e-01
    2.51772e-15         3.58556e+06    4.99234e-01
    2.51772e-15         3.24773e+06    4.99234e-01
    2.51772e-15         3.04184e+06    4.99234e-01
    2.51772e-15         2.80715e+06    4.99234e-01
    2.51772e-15         2.53157e+06    4.99234e-01
    2.51772e-15         2.36215e+06    4.99234e-01
    2.51772e-15         2.16755e+06    4.99234e-01
    2.51772e-15         2.05200e+06    4.99234e-01
    2.51772e-15         1.92306e+06    4.99234e-01
    2.51772e-15         1.77626e+06    4.99234e-01
    2.51772e-15         1.60419e+06    4.99234e-01
    2.51772e-15         1.49871e+06    4.99234e-01
    2.51772e-15         1.37785e+06    4.99234e-01
    2.51772e-15         1.30636e+06    4.99234e-01
    2.51772e-15         1.22683e+06    4.99234e-01
    2.51772e-15         1.13665e+06    4.99234e-01
    2.51772e-15         1.03160e+06    4.99234e-01
    2.51772e-15         9.67834e+05    4.99234e-01
    2.51772e-15         8.95386e+05    4.99234e-01
    2.51772e-15         8.10739e+05    4.99234e-01
    2.51772e-15         7.59117e+05    4.99234e-01
    2.51772e-15         7.00235e+05    4.99234e-01
    2.51772e-15         6.31034e+05    4.99234e-01
    2.51772e-15         5.88428e+05    4.99234e-01
    2.51772e-15         5.39430e+05    4.99234e-01
    2.51772e-15         5.10278e+05    4.99234e-01
    2.51772e-15         4.77700e+05    4.99234e-01
    2.51772e-15         4.40527e+05    4.99234e-01
    2.51772e-15         3.96815e+05    4.99234e-01
    2.51772e-15         3.69879e+05    4.99234e-01
    2.51772e-15         3.38877e+05    4.99234e-01
    2.51772e-15         3.20410e+05    4.99234e-01
    2.51772e-15         2.99753e+05    4.99234e-01
    2.51772e-15         2.76151e+05    4.99234e-01
    2.51772e-15         2.62246e+05    4.99234e-01
    2.51772e-15         2.46828e+05    4.99234e-01
    2.51772e-15         2.29424e+05    4.99234e-01
    2.51772e-15         2.09278e+05    4.99234e-01
    2.51772e-15         1.97173e+05    4.99234e-01
    2.51772e-15         1.83536e+05    4.99234e-01
    2.51772e-15         1.67797e+05    4.99234e-01
    2.51772e-15         1.58382e+05    4.99234e-01
    2.51772e-15         1.47814e+05    4.99234e-01
    2.51772e-15         1.35682e+05    4.99234e-01
    2.51772e-15         1.28482e+05    4.99234e-01
    2.51772e-15         1.20453e+05    4.99234e-01
    2.51772e-15         1.11317e+05    4.99234e-01
    2.51772e-15         1.00621e+05    4.99234e-01
    2.51772e-15         9.40752e+04    4.99234e-01
    2.51772e-15         8.65869e+04    4.99234e-01
    2.51772e-15         8.21672e+04    4.99234e-01
    2.51772e-15         7.72592e+04    4.99234e-01
    2.51772e-15         7.17079e+04    4.99234e-01
    2.51772e-15         6.52637e+04    4.99234e-01
    2.51772e-15         6.13739e+04    4.99234e-01
    2.51772e-15         5.69755e+04    4.99234e-01
    2.51772e-15         5.18717e+04    4.99234e-01
    2.51772e-15         4.87929e+04    4.99234e-01
    2.51772e-15         4.53133e+04    4.99234e-01
    2.51772e-15         4.12788e+04    4.99234e-01
    2.51772e-15         3.88480e+04    4.99234e-01
    2.51772e-15         3.61034e+04    4.99234e-01
    2.51772e-15         3.29257e+04    4.99234e-01
    2.51772e-15         3.10154e+04    4.99234e-01
    2.51772e-15         2.88625e+04    4.99234e-01
    2.51772e-15         2.63764e+04    4.99234e-01
    2.51772e-15         2.48880e+04    4.99234e-01
    2.51772e-15         2.32162e+04    4.99234e-01
    2.51772e-15         2.12951e+04    4.99234e-01
    2.51772e-15         2.01533e+04    4.99234e-01
    2.51772e-15         1.88786e+04    4.99234e-01
    2.51772e-15         1.74259e+04    4.99234e-01
    2.51772e-15         1.57208e+04    4.99234e-01
    2.51772e-15         1.46734e+04    4.99234e-01
    2.51772e-15         1.34710e+04    4.99234e-01
    2.51772e-15         1.27578e+04    4.99234e-01
    2.51772e-15         1.19625e+04    4.99234e-01
    2.51772e-15         1.10580e+04    4.99234e-01
    2.51772e-15         9.99944e+03    4.99234e-01
    2.51772e-15         9.35218e+03    4.99234e-01
    2.51772e-15         8.61223e+03    4.99234e-01
    2.51772e-15         8.17594e+03    4.99234e-01
    2.51772e-15         7.69185e+03    4.99234e-01
    2.51772e-15         7.14492e+03    4.99234e-01
    2.51772e-15         6.51104e+03    4.99234e-01
    2.51772e-15         6.12938e+03    4.99234e-01
    2.51772e-15         5.69872e+03    4.99234e-01
    2.51772e-15         5.20051e+03    4.99234e-01
    2.51772e-15         4.90139e+03    4.99234e-01
    2.51772e-15         4.56464e+03    4.99234e-01
    2.51772e-15         4.17638e+03    4.99234e-01
    2.51772e-15         3.94447e+03    4.99234e-01
    2.51772e-15         3.68450e+03    4.99234e-01
    2.51772e-15         3.38654e+03    4.99234e-01
    2.51772e-15         3.21019e+03    4.99234e-01
    2.51772e-15         3.01394e+03    4.99234e-01
    2.51772e-15         2.79129e+03    4.99234e-01
    2.51772e-15         2.53172e+03    4.99234e-01
    2.51772e-15         2.37395e+03    4.99234e-01
    2.51772e-15         2.19451e+03    4.99234e-01
    2.51772e-15         1.98453e+03    4.99234e-01
    2.51772e-15         1.85615e+03    4.99234e-01
    2.51772e-15         1.70940e+03    4.99234e-01
    2.51772e-15         1.62288e+03    4.99234e-01
    2.51772e-15         1.52689e+03    4.99234e-01
    2.51772e-15         1.41845e+03    4.99234e-01
    2.51772e-15         1.29281e+03    4.99234e-01
    2.51772e-15         1.21718e+03    4.99234e-01
    2.51772e-15         1.13186e+03    4.99234e-01
    2.51772e-15         1.03319e+03    4.99234e-01
    2.51772e-15         9.73980e+02    4.99234e-01
    2.51772e-15         9.07357e+02    4.99234e-01
    2.51772e-15         8.30590e+02    4.99234e-01
    2.51772e-15         7.84783e+02    4.99234e-01
    2.51772e-15         7.33473e+02    4.99234e-01
    2.51772e-15         6.74734e+02    4.99234e-01
    2.51772e-15         6.40028e+02    4.99234e-01
    2.51772e-15         6.01456e+02    4.99234e-01
    2.51772e-15         5.57778e+02    4.99234e-01
    2.51772e-15         5.06991e+02    4.99234e-01
    2.51772e-15         4.76256e+02    4.99234e-01
    2.51772e-15         4.41425e+02    4.99234e-01
    2.51772e-15         4.00882e+02    4.99234e-01
    2.51772e-15         3.76302e+02    4.99234e-01
    2.51772e-15         3.48406e+02    4.99234e-01
    2.51772e-15         3.15865e+02    4.99234e-01
    2.51772e-15         2.96068e+02    4.99234e-01
    2.51772e-15         2.73537e+02    4.99234e-01
    2.51772e-15         2.47140e+02    4.99234e-01
    2.51772e-15         2.30972e+02    4.99234e-01
    2.51772e-15         2.12461e+02    4.99234e-01
    2.51772e-15         2.01522e+02    4.99234e-01
    2.51772e-15         1.89364e+02    4.99234e-01
    2.51772e-15         1.75594e+02    4.99234e-01
    2.51772e-15         1.59580e+02    4.99234e-01
    2.51772e-15         1.49885e+02    4.99234e-01
    2.51772e-15         1.38896e+02    4.99234e-01
    2.51772e-15         1.26099e+02    4.99234e-01
    2.51772e-15         1.18335e+02    4.99234e-01
    2.51772e-15         1.09520e+02    4.99234e-01
    2.51772e-15         9.92290e+01    4.99234e-01
    2.51772e-15         9.29606e+01    4.99234e-01
    2.51772e-15         8.58184e+01    4.99234e-01
    2.51772e-15         7.74380e+01    4.99234e-01
    2.51772e-15         7.22917e+01    4.99234e-01
    2.51772e-15         6.63867e+01    4.99234e-01
    2.51772e-15         6.28855e+01    4.99234e-01
    2.51772e-15         5.89837e+01    4.99234e-01
    2.51772e-15         5.45486e+01    4.99234e-01
    2.51772e-15         4.93629e+01    4.99234e-01
    2.51772e-15         4.61967e+01    4.99234e-01
    2.51772e-15         4.25816e+01    4.99234e-01
    2.51772e-15         3.83267e+01    4.99234e-01
    2.51772e-15         3.57006e+01    4.99234e-01
    2.51772e-15         3.26740e+01    4.99234e-01
    2.51772e-15         3.08673e+01    4.99234e-01
    2.51772e-15         2.88430e+01    4.99234e-01
    2.51772e-15         2.65245e+01    4.99234e-01
    2.51772e-15         2.51538e+01    4.99234e-01
    2.51772e-15         2.36296e+01    4.99234e-01
    2.51772e-15         2.19024e+01    4.99234e-01
    2.51772e-15         1.98920e+01    4.99234e-01
    2.51772e-15         1.86734e+01    4.99234e-01
    2.51772e-15         1.72906e+01    4.99234e-01
    2.51772e-15         1.56777e+01    4.99234e-01
    2.51772e-15         1.46968e+01    4.99234e-01
    2.51772e-15         1.35806e+01    4.99234e-01
    2.51772e-15         1.22734e+01    4.99234e-01
    2.51772e-15         1.14732e+01    4.99234e-01
    2.51772e-15         1.05574e+01    4.99234e-01
    2.51772e-15         1.00166e+01    4.99234e-01
    2.51772e-15         9.41585e+00    4.99234e-01
    2.51772e-15         8.73600e+00    4.99234e-01
    2.51772e-15         7.94622e+00    4.99234e-01
    2.51772e-15         7.46893e+00    4.99234e-01
    2.51772e-15         6.92870e+00    4.99234e-01
    2.51772e-15         6.30093e+00    4.99234e-01
    2.51772e-15         5.92139e+00    4.99234e-01
    2.51772e-15         5.49163e+00    4.99234e-01
    2.51772e-15         4.99198e+00    4.99234e-01
    2.51772e-15         4.68965e+00    4.99234e-01
    2.51772e-15         4.34707e+00    4.99234e-01
    2.51772e-15         3.94837e+00    4.99234e-01
    2.51772e-15         3.70672e+00    4.99234e-01
    2.51772e-15         3.43254e+00    4.99234e-01
    2.51772e-15         3.11282e+00    4.99234e-01
    2.51772e-15         2.91843e+00    4.99234e-01
    2.51772e-15         2.69728e+00    4.99234e-01
    2.51772e-15         2.43839e+00    4.99234e-01
    2.51772e-15         2.27999e+00    4.99234e-01
    2.51772e-15         2.09882e+00    4.99234e-01
    2.51772e-15         1.99192e+00    4.99234e-01
    2.51772e-15         1.87324e+00    4.99234e-01
    2.51772e-15         1.73905e+00    4.99234e-01
    2.51772e-15         1.58335e+00    4.99234e-01
    2.51772e-15         1.48943e+00    4.99234e-01
    2.51772e-15         1.38330e+00    4.99234e-01
    2.51772e-15         1.26025e+00    4.99234e-01
    2.51772e-15         1.18613e+00    4.99234e-01
    2.51772e-15         1.10246e+00    4.99234e-01
    2.51772e-15         1.00560e+00    4.99234e-01
    2.51772e-15         9.47390e-01    4.99234e-01
    2.51772e-15         8.81810e-01    4.99234e-01
    2.51772e-15         8.06113e-01    4.99234e-01
    2.51772e-15         7.60822e-01    4.99234e-01
    2.51772e-15         7.09979e-01    4.99234e-01
    2.51772e-15         6.51593e-01    4.99234e-01
    2.51772e-15         6.16934e-01    4.99234e-01
    2.51772e-15         5.78271e-01    4.99234e-01
    2.51772e-15         5.34265e-01    4.99234e-01
    2.51772e-15         4.82712e-01    4.99234e-01
    2.51772e-15         4.51135e-01    4.99234e-01
    2.51772e-15         4.14984e-01    4.99234e-01
    2.51772e-15         3.93622e-01    4.99234e-01
    2.51772e-15         3.69878e-01    4.99234e-01
    2.51772e-15         3.42988e-01    4.99234e-01
    2.51772e-15         3.11716e-01    4.99234e-01
    2.51772e-15         2.92785e-01    4.99234e-01
    2.51772e-15         2.71327e-01    4.99234e-01
    2.51772e-15         2.46342e-01    4.99234e-01
    2.51772e-15         2.31186e-01    4.99234e-01
    2.51772e-15         2.13978e-01    4.99234e-01
    2.51772e-15         1.93891e-01    4.99234e-01
    2.51772e-15         1.81659e-01    4.99234e-01
    2.51772e-15         1.67724e-01    4.99234e-01
    2.51772e-15         1.51378e-01    4.99234e-01
    2.51772e-15         1.41344e-01    4.99234e-01
    2.51772e-15         1.29835e-01    4.99234e-01
    2.51772e-15         1.23015e-01    4.99234e-01
    2.51772e-15         1.15418e-01    4.99234e-01
    2.51772e-15         1.06788e-01    4.99234e-01
    2.51772e-15         9.67066e-02    4.99234e-01
    2.51772e-15         9.05602e-02    4.99234e-01
    2.51772e-15         8.35512e-02    4.99234e-01
    2.51772e-15         7.53170e-02    4.99234e-01
    2.51772e-15         7.02504e-02    4.99234e-01
    2.51772e-15         6.44266e-02    4.99234e-01
    2.51772e-15         6.09645e-02    4.99234e-01
    2.51772e-15         5.70981e-02    4.99234e-01
    2.51772e-15         5.26902e-02    4.99234e-01
    2.51772e-15         4.75140e-02    4.99234e-01
    2.51772e-15         4.43313e-02    4.99234e-01
    2.51772e-15         4.06752e-02    4.99234e-01
    2.51772e-15         3.85037e-02    4.99234e-01
    2.51772e-15         3.60804e-02    4.99234e-01
    2.51772e-15         3.33207e-02    4.99234e-01
    2.51772e-15         3.00849e-02    4.99234e-01
    2.51772e-15         2.81003e-02    4.99234e-01
    2.51772e-15         2.58254e-02    4.99234e-01
    2.51772e-15         2.44787e-02    4.99234e-01
    2.51772e-15         2.29798e-02    4.99234e-01
    2.51772e-15         2.12790e-02    4.99234e-01
    2.51772e-15         1.92954e-02    4.99234e-01
    2.51772e-15         1.80892e-02    4.99234e-01
    2.51772e-15         1.67168e-02    4.99234e-01
    2.51772e-15         1.51099e-02    4.99234e-01
    2.51772e-15         1.41264e-02    4.99234e-01
    2.51772e-15         1.30012e-02    4.99234e-01
    2.51772e-15         1.23370e-02    4.99234e-01
    2.51772e-15         1.15993e-02    4.99234e-01
    2.51772e-15         1.07649e-02    4.99234e-01
    2.51772e-15         9.79607e-03    4.99234e-01
    2.51772e-15         9.21111e-03    4.99234e-01
    2.51772e-15         8.54950e-03    4.99234e-01
    2.51772e-15         7.78152e-03    4.99234e-01
    2.51772e-15         7.31800e-03    4.99234e-01
    2.51772e-15         6.79390e-03    4.99234e-01
    2.51772e-15         6.18581e-03    4.99234e-01
    2.51772e-15         5.81906e-03    4.99234e-01
    2.51772e-15         5.40461e-03    4.99234e-01
    2.51772e-15         4.92417e-03    4.99234e-01
    2.51772e-15         4.63479e-03    4.99234e-01
    2.51772e-15         4.30814e-03    4.99234e-01
    2.51772e-15         3.93008e-03    4.99234e-01
    2.51772e-15         3.70293e-03    4.99234e-01
    2.51772e-15         3.44707e-03    4.99234e-01
    2.51772e-15         3.15180e-03    4.99234e-01
    2.51772e-15         2.97521e-03    4.99234e-01
    2.51772e-15         2.77704e-03    4.99234e-01
    2.51772e-15         2.54957e-03    4.99234e-01
    2.51772e-15         2.41464e-03    4.99234e-01
    2.51772e-15         2.26421e-03    4.99234e-01
    2.51772e-15         2.09312e-03    4.99234e-01
    2.51772e-15         1.89292e-03    4.99234e-01
    2.51772e-15         1.77053e-03    4.99234e-01
    2.51772e-15         1.63063e-03    4.99234e-01
    2.51772e-15         1.54816e-03    4.99234e-01
    2.51772e-15         1.45668e-03    4.99234e-01
    2.51772e-15         1.35334e-03    4.99234e-01
    2.51772e-15         1.23362e-03    4.99234e-01
    2.51772e-15         1.16157e-03    4.99234e-01
    2.51772e-15         1.08031e-03    4.99234e-01
    2.51772e-15         9.86370e-04    4.99234e-01
    2.51772e-15         9.30026e-04    4.99234e-01
    2.51772e-15         8.66648e-04    4.99234e-01
    2.51772e-15         7.93661e-04    4.99234e-01
    2.51772e-15         7.50147e-04    4.99234e-01
    2.51772e-15         7.01438e-04    4.99234e-01
    2.51772e-15         6.45729e-04    4.99234e-01
    2.51772e-15         6.12862e-04    4.99234e-01
    2.51772e-15         5.76374e-04    4.99234e-01
    2.51772e-15         5.35120e-04    4.99234e-01
    2.51772e-15         4.87261e-04    4.99234e-01
    2.51772e-15         4.58400e-04    4.99234e-01
    2.51772e-15         4.25790e-04    4.99234e-01
    2.51772e-15         3.87993e-04    4.99234e-01
    2.51772e-15         3.65234e-04    4.99234e-01
    2.51772e-15         3.39549e-04    4.99234e-01
    2.51772e-15         3.09833e-04    4.99234e-01
    2.51772e-15         2.91987e-04    4.99234e-01
    2.51772e-15         2.71894e-04    4.99234e-01
    2.51772e-15         2.48721e-04    4.99234e-01
    2.51772e-15         2.34875e-04    4.99234e-01
    2.51772e-15         2.19348e-04    4.99234e-01
    2.51772e-15         2.01546e-04    4.99234e-01
    2.51772e-15         1.91002e-04    4.99234e-01
    2.51772e-15         1.79263e-04    4.99234e-01
    2.51772e-15         1.65936e-04    4.99234e-01
    2.51772e-15         1.50382e-04    4.99234e-01
    2.51772e-15         1.40913e-04    4.99234e-01
    2.51772e-15         1.30129e-04    4.99234e-01
    2.51772e-15         1.17483e-04    4.99234e-01
    2.51772e-15         1.09726e-04    4.99234e-01
    2.51772e-15         1.00833e-04    4.99234e-01
    2.51772e-15         9.55673e-05    4.99234e-01
    2.51772e-15         8.97058e-05    4.99234e-01
    2.51772e-15         8.30532e-05    4.99234e-01
    2.51772e-15         7.52922e-05    4.99234e-01
    2.51772e-15         7.05705e-05    4.99234e-01
    2.51772e-15         6.51958e-05    4.99234e-01
    2.51772e-15         5.88983e-05    4.99234e-01
    2.51772e-15         5.50403e-05    4.99234e-01
    2.51772e-15         5.06225e-05    4.99234e-01
    2.51772e-15         4.80112e-05    4.99234e-01
    2.51772e-15         4.51082e-05    4.99234e-01
    2.51772e-15         4.18194e-05    4.99234e-01
    2.51772e-15         3.79931e-05    4.99234e-01
    2.51772e-15         3.56752e-05    4.99234e-01
    2.51772e-15         3.30462e-05    4.99234e-01
    2.51772e-15         2.99824e-05    4.99234e-01
    2.51772e-15         2.81214e-05    4.99234e-01
    2.51772e-15         2.60059e-05    4.99234e-01


