              t                   M              a
    1.23833e-21         1.00000e+17    8.00000e-01
    2.47665e-21         1.00000e+17    8.00000e-01
    4.95331e-21         1.00000e+17    8.00000e-01
    9.90662e-21         1.00000e+17    8.00000e-01
    1.98132e-20         1.00000e+17    8.00000e-01
    3.96265e-20         1.00000e+17    8.00000e-01
    7.92530e-20         1.00000e+17    8.00000e-01
    1.58506e-19         1.00000e+17    8.00000e-01
    3.17012e-19         1.00000e+17    8.00000e-01
    6.34024e-19         1.00000e+17    8.00000e-01
    1.26805e-18         1.00000e+17    8.00000e-01
    2.53609e-18         1.00000e+17    8.00000e-01
    5.07219e-18         1.00000e+17    8.00000e-01
    1.01444e-17         1.00000e+17    8.00000e-01
    2.02888e-17         1.00000e+17    8.00000e-01
    4.05775e-17         1.00000e+17    8.00000e-01
    8.11550e-17         1.00000e+17    8.00000e-01
    1.62310e-16         1.00000e+17    8.00000e-01
    3.24620e-16         1.00000e+17    8.00000e-01
    6.49240e-16         1.00000e+17    8.00000e-01
    1.29848e-15         1.00000e+17    8.00000e-01
    2.59696e-15         1.00000e+17    8.00000e-01
    5.19392e-15         1.00000e+17    8.00000e-01
    1.03878e-14         1.00000e+17    8.00000e-01
    2.07757e-14         1.00000e+17    8.00000e-01
    4.15514e-14         1.00000e+17    8.00000e-01
    8.31027e-14         1.00000e+17    8.00000e-01
    1.66205e-13         1.00000e+17    8.00000e-01
    3.32411e-13         1.00000e+17    8.00000e-01
    6.64822e-13         1.00000e+17    8.00000e-01
    1.32964e-12         1.00000e+17    8.00000e-01
    2.65929e-12         1.00000e+17    8.00000e-01
    5.31858e-12         1.00000e+17    8.00000e-01
    1.06372e-11         1.00000e+17    8.00000e-01
    2.12743e-11         1.00000e+17    8.00000e-01
    4.25486e-11         1.00000e+17    8.00000e-01
    8.50972e-11         1.00000e+17    8.00000e-01
    1.70194e-10         1.00000e+17    8.00000e-01
    3.40389e-10         1.00000e+17    8.00000e-01
    6.80778e-10         1.00000e+17    8.00000e-01
    1.36156e-09         1.00000e+17    8.00000e-01
    2.72311e-09         1.00000e+17    8.00000e-01
    5.44622e-09         1.00000e+17    8.00000e-01
    1.08924e-08         1.00000e+17    8.00000e-01
    2.17849e-08         1.00000e+17    8.00000e-01
    4.35698e-08         1.00000e+17    8.00000e-01
    8.71395e-08         1.00000e+17    8.00000e-01
    1.74279e-07         1.00000e+17    8.00000e-01
    3.48558e-07         1.00000e+17    8.00000e-01
    6.97116e-07         1.00000e+17    8.00000e-01
    1.39423e-06         1.00000e+17    8.00000e-01
    2.78847e-06         1.00000e+17    8.00000e-01
    5.57693e-06         1.00000e+17    8.00000e-01
    1.11539e-05         1.00000e+17    8.00000e-01
    2.23077e-05         1.00000e+17    8.00000e-01
    4.46154e-05         1.00000e+17    8.00000e-01
    8.92309e-05         1.00000e+17    8.00000e-01
    1.78462e-04         1.00000e+17    8.00000e-01
    3.56924e-04         1.00000e+17    8.00000e-01
    7.13847e-04         1.00000e+17    8.00000e-01
    1.42769e-03         1.00000e+17    8.00000e-01
    2.85539e-03         1.00000e+17    8.00000e-01
    5.71078e-03         1.00000e+17    8.00000e-01
    1.14216e-02         1.00000e+17    8.00000e-01
    2.28431e-02         1.00000e+17    8.00000e-01
    4.56862e-02         1.00000e+17    8.00000e-01
    9.13724e-02         1.00000e+17    8.00000e-01
    1.82745e-01         1.00000e+17    8.00000e-01
    3.65490e-01         1.00000e+17    8.00000e-01
    7.30979e-01         1.00000e+17    8.00000e-01
    1.46196e+00         1.00000e+17    8.00000e-01
    2.92392e+00         1.00000e+17    8.00000e-01
    5.84784e+00         1.00000e+17    8.00000e-01
    1.16957e+01         1.00000e+17    8.00000e-01
    2.33913e+01         1.00000e+17    8.00000e-01
    4.67827e+01         1.00000e+17    8.00000e-01
    9.35654e+01         1.00000e+17    8.00000e-01
    1.87131e+02         1.00000e+17    8.00000e-01
    3.74261e+02         1.00000e+17    8.00000e-01
    7.48523e+02         1.00000e+17    8.00000e-01
    1.49705e+03         1.00000e+17    8.00000e-01
    2.99409e+03         1.00000e+17    8.00000e-01
    5.98818e+03         1.00000e+17    8.00000e-01
    1.19764e+04         1.00000e+17    8.00000e-01
    2.39527e+04         1.00000e+17    8.00000e-01
    4.79055e+04         1.00000e+17    8.00000e-01
    9.58109e+04         1.00000e+17    8.00000e-01
    1.91622e+05         1.00000e+17    8.00000e-01
    3.83244e+05         1.00000e+17    8.00000e-01
    7.66488e+05         1.00000e+17    8.00000e-01
    1.53298e+06         1.00000e+17    8.00000e-01
    3.06595e+06         1.00000e+17    8.00000e-01
    6.13190e+06         1.00000e+17    8.00000e-01
    1.22638e+07         1.00000e+17    8.00000e-01
    2.45276e+07         1.00000e+17    8.00000e-01
    4.90552e+07         1.00000e+17    8.00000e-01
    9.81104e+07         1.00000e+17    8.00000e-01
    1.96221e+08         1.00000e+17    8.00000e-01
    3.92442e+08         1.00000e+17    8.00000e-01
    7.84883e+08         1.00000e+17    8.00000e-01
    1.56977e+09         1.00000e+17    8.00000e-01
    3.13953e+09         1.00000e+17    8.00000e-01
    6.27907e+09         1.00000e+17    8.00000e-01
    1.25581e+10         1.00000e+17    8.00000e-01
    2.51163e+10         1.00000e+17    7.99999e-01
    5.02325e+10         9.99999e+16    7.99999e-01
    1.00465e+11         9.99998e+16    7.99998e-01
    2.00930e+11         9.99996e+16    7.99996e-01
    4.01860e+11         9.99993e+16    7.99992e-01
    8.03720e+11         9.99986e+16    7.99983e-01
    1.60744e+12         9.99971e+16    7.99967e-01
    3.21488e+12         9.99942e+16    7.99934e-01
    6.42976e+12         9.99884e+16    7.99867e-01
    1.28595e+13         9.99768e+16    7.99734e-01
    2.57191e+13         9.99537e+16    7.99469e-01
    5.14381e+13         9.99074e+16    7.98938e-01
    1.02876e+14         9.98150e+16    7.97880e-01
    2.05752e+14         9.96306e+16    7.95775e-01
    4.11505e+14         9.92636e+16    7.91610e-01
    8.23010e+14         9.85370e+16    7.83454e-01
    1.23451e+15         9.78159e+16    7.75572e-01
    2.05752e+15         9.63824e+16    7.60328e-01
    2.88053e+15         9.49659e+16    7.46115e-01
    3.70354e+15         9.35502e+16    7.32740e-01
    4.52655e+15         9.21249e+16    7.20060e-01
    5.34956e+15         9.06879e+16    7.08048e-01
    6.17257e+15         8.92276e+16    6.96569e-01
    6.99558e+15         8.77386e+16    6.85597e-01
    7.81859e+15         8.62181e+16    6.75115e-01
    8.64160e+15         8.46570e+16    6.65040e-01
    9.46461e+15         8.30463e+16    6.55347e-01
    1.02876e+16         8.13810e+16    6.46025e-01
    1.11106e+16         7.96553e+16    6.37062e-01
    1.19336e+16         7.78638e+16    6.28272e-01
    1.27567e+16         7.59978e+16    6.19654e-01
    1.35797e+16         7.40480e+16    6.11206e-01
    1.44027e+16         7.20033e+16    6.02921e-01
    1.52257e+16         6.98433e+16    5.94810e-01
    1.60487e+16         6.75472e+16    5.86873e-01
    1.68717e+16         6.50916e+16    5.79109e-01
    1.76947e+16         6.24473e+16    5.71496e-01
    1.85177e+16         5.95750e+16    5.63992e-01
    1.93407e+16         5.64232e+16    5.56367e-01
    2.01637e+16         5.29140e+16    5.48582e-01
    2.09867e+16         4.89294e+16    5.40579e-01
    2.18098e+16         4.42765e+16    5.32261e-01
    2.22213e+16         4.14365e+16    5.27868e-01
    2.26328e+16         3.81923e+16    5.23269e-01
    2.28385e+16         3.62822e+16    5.20827e-01
    2.30443e+16         3.41651e+16    5.18284e-01
    2.32500e+16         3.17769e+16    5.15618e-01
    2.34558e+16         2.90156e+16    5.12785e-01
    2.35587e+16         2.73593e+16    5.11259e-01
    2.36615e+16         2.54962e+16    5.09650e-01
    2.37644e+16         2.33504e+16    5.07938e-01
    2.38158e+16         2.20712e+16    5.07012e-01
    2.38673e+16         2.06392e+16    5.06036e-01
    2.39187e+16         1.90016e+16    5.04996e-01
    2.39444e+16         1.80355e+16    5.04435e-01
    2.39702e+16         1.69630e+16    5.03844e-01
    2.39959e+16         1.57506e+16    5.03218e-01
    2.40216e+16         1.43444e+16    5.02544e-01
    2.40345e+16         1.34966e+16    5.02177e-01
    2.40473e+16         1.25389e+16    5.01785e-01
    2.40602e+16         1.14294e+16    5.01365e-01
    2.40666e+16         1.07616e+16    5.01135e-01
    2.40730e+16         1.00084e+16    5.00890e-01
    2.40795e+16         9.13760e+15    5.00627e-01
    2.40827e+16         8.61523e+15    5.00483e-01
    2.40859e+16         8.02759e+15    5.00331e-01
    2.40891e+16         7.35077e+15    5.00166e-01
    2.40907e+16         6.94716e+15    5.00077e-01
    2.40923e+16         6.49530e+15    4.99982e-01
    2.40939e+16         5.97837e+15    4.99880e-01
    2.40947e+16         5.67328e+15    4.99824e-01
    2.40955e+16         5.33449e+15    4.99764e-01
    2.40963e+16         4.95129e+15    4.99699e-01
    2.40971e+16         4.50648e+15    4.99627e-01
    2.40975e+16         4.23801e+15    4.99587e-01
    2.40979e+16         3.93444e+15    4.99544e-01
    2.40984e+16         3.58221e+15    4.99497e-01
    2.40986e+16         3.36976e+15    4.99470e-01
    2.40988e+16         3.12968e+15    4.99442e-01
    2.40990e+16         2.85135e+15    4.99410e-01
    2.40991e+16         2.68369e+15    4.99393e-01
    2.40992e+16         2.49442e+15    4.99374e-01
    2.40993e+16         2.27535e+15    4.99353e-01
    2.40993e+16         2.14370e+15    4.99341e-01
    2.40994e+16         1.99539e+15    4.99329e-01
    2.40994e+16         1.82421e+15    4.99315e-01
    2.40994e+16         1.72180e+15    4.99307e-01
    2.40995e+16         1.60685e+15    4.99299e-01
    2.40995e+16         1.47487e+15    4.99290e-01
    2.40995e+16         1.39654e+15    4.99285e-01
    2.40995e+16         1.30917e+15    4.99279e-01
    2.40995e+16         1.20976e+15    4.99274e-01
    2.40995e+16         1.09333e+15    4.99267e-01
    2.40995e+16         1.02206e+15    4.99263e-01
    2.40995e+16         9.40499e+14    4.99260e-01
    2.40995e+16         8.92341e+14    4.99257e-01
    2.40996e+16         8.38844e+14    4.99255e-01
    2.40996e+16         7.78306e+14    4.99252e-01
    2.40996e+16         7.07985e+14    4.99250e-01
    2.40996e+16         6.65493e+14    4.99248e-01
    2.40996e+16         6.17401e+14    4.99246e-01
    2.40996e+16         5.61525e+14    4.99245e-01
    2.40996e+16         5.27750e+14    4.99244e-01
    2.40996e+16         4.89514e+14    4.99242e-01
    2.40996e+16         4.45072e+14    4.99241e-01
    2.40996e+16         4.18191e+14    4.99240e-01
    2.40996e+16         3.87744e+14    4.99240e-01
    2.40996e+16         3.52327e+14    4.99239e-01
    2.40996e+16         3.30879e+14    4.99238e-01
    2.40996e+16         3.06561e+14    4.99238e-01
    2.40996e+16         2.78232e+14    4.99237e-01
    2.40996e+16         2.61036e+14    4.99237e-01
    2.40996e+16         2.41500e+14    4.99237e-01
    2.40996e+16         2.18676e+14    4.99236e-01
    2.40996e+16         2.04757e+14    4.99236e-01
    2.40996e+16         1.88881e+14    4.99236e-01
    2.40996e+16         1.70224e+14    4.99236e-01
    2.40996e+16         1.58739e+14    4.99235e-01
    2.40996e+16         1.45532e+14    4.99235e-01
    2.40996e+16         1.37675e+14    4.99235e-01
    2.40996e+16         1.28896e+14    4.99235e-01
    2.40996e+16         1.18881e+14    4.99235e-01
    2.40996e+16         1.07107e+14    4.99235e-01
    2.40996e+16         9.98547e+13    4.99235e-01
    2.40996e+16         9.15106e+13    4.99235e-01
    2.40996e+16         8.65430e+13    4.99235e-01
    2.40996e+16         8.09888e+13    4.99235e-01
    2.40996e+16         7.46466e+13    4.99235e-01
    2.40996e+16         7.09137e+13    4.99235e-01
    2.40996e+16         6.67775e+13    4.99235e-01
    2.40996e+16         6.21131e+13    4.99235e-01
    2.40996e+16         5.67218e+13    4.99235e-01
    2.40996e+16         5.34894e+13    4.99235e-01
    2.40996e+16         4.98545e+13    4.99235e-01
    2.40996e+16         4.56702e+13    4.99234e-01
    2.40996e+16         4.31771e+13    4.99234e-01
    2.40996e+16         4.03879e+13    4.99234e-01
    2.40996e+16         3.72000e+13    4.99234e-01
    2.40996e+16         3.53212e+13    4.99234e-01
    2.40996e+16         3.32372e+13    4.99234e-01
    2.40996e+16         3.08837e+13    4.99234e-01
    2.40996e+16         2.81578e+13    4.99234e-01
    2.40996e+16         2.65182e+13    4.99234e-01
    2.40996e+16         2.46695e+13    4.99234e-01
    2.40996e+16         2.25335e+13    4.99234e-01
    2.40996e+16         2.12533e+13    4.99234e-01
    2.40996e+16         1.98143e+13    4.99234e-01
    2.40996e+16         1.81588e+13    4.99234e-01
    2.40996e+16         1.71731e+13    4.99234e-01
    2.40996e+16         1.60712e+13    4.99234e-01
    2.40996e+16         1.48129e+13    4.99234e-01
    2.40996e+16         1.33317e+13    4.99234e-01
    2.40996e+16         1.24174e+13    4.99234e-01
    2.40996e+16         1.13635e+13    4.99234e-01
    2.40996e+16         1.07343e+13    4.99234e-01
    2.40996e+16         1.00292e+13    4.99234e-01
    2.40996e+16         9.22145e+12    4.99234e-01
    2.40996e+16         8.74371e+12    4.99234e-01
    2.40996e+16         8.21234e+12    4.99234e-01
    2.40996e+16         7.60998e+12    4.99234e-01
    2.40996e+16         6.90849e+12    4.99234e-01
    2.40996e+16         6.48289e+12    4.99234e-01
    2.40996e+16         5.99959e+12    4.99234e-01
    2.40996e+16         5.43528e+12    4.99234e-01
    2.40996e+16         5.09150e+12    4.99234e-01
    2.40996e+16         4.69972e+12    4.99234e-01
    2.40996e+16         4.23990e+12    4.99234e-01
    2.40996e+16         3.95742e+12    4.99234e-01
    2.40996e+16         3.63318e+12    4.99234e-01
    2.40996e+16         3.44082e+12    4.99234e-01
    2.40996e+16         3.22637e+12    4.99234e-01
    2.40996e+16         2.98245e+12    4.99234e-01
    2.40996e+16         2.69700e+12    4.99234e-01
    2.40996e+16         2.52247e+12    4.99234e-01
    2.40996e+16         2.32295e+12    4.99234e-01
    2.40996e+16         2.20532e+12    4.99234e-01
    2.40996e+16         2.07480e+12    4.99234e-01
    2.40996e+16         1.92735e+12    4.99234e-01
    2.40996e+16         1.75647e+12    4.99234e-01
    2.40996e+16         1.65360e+12    4.99234e-01
    2.40996e+16         1.53753e+12    4.99234e-01
    2.40996e+16         1.40327e+12    4.99234e-01
    2.40996e+16         1.32268e+12    4.99234e-01
    2.40996e+16         1.23197e+12    4.99234e-01
    2.40996e+16         1.12742e+12    4.99234e-01
    2.40996e+16         1.06500e+12    4.99234e-01
    2.40996e+16         9.95041e+11    4.99234e-01
    2.40996e+16         9.14903e+11    4.99234e-01
    2.40996e+16         8.67507e+11    4.99234e-01
    2.40996e+16         8.14791e+11    4.99234e-01
    2.40996e+16         7.55033e+11    4.99234e-01
    2.40996e+16         6.85441e+11    4.99234e-01
    2.40996e+16         6.43221e+11    4.99234e-01
    2.40996e+16         5.95276e+11    4.99234e-01
    2.40996e+16         5.39298e+11    4.99234e-01
    2.40996e+16         5.05197e+11    4.99234e-01
    2.40996e+16         4.66336e+11    4.99234e-01
    2.40996e+16         4.20729e+11    4.99234e-01
    2.40996e+16         3.92714e+11    4.99234e-01
    2.40996e+16         3.60559e+11    4.99234e-01
    2.40996e+16         3.41486e+11    4.99234e-01
    2.40996e+16         3.20223e+11    4.99234e-01
    2.40996e+16         2.96043e+11    4.99234e-01
    2.40996e+16         2.67751e+11    4.99234e-01
    2.40996e+16         2.50458e+11    4.99234e-01
    2.40996e+16         2.30694e+11    4.99234e-01
    2.40996e+16         2.19046e+11    4.99234e-01
    2.40996e+16         2.06127e+11    4.99234e-01
    2.40996e+16         1.91538e+11    4.99234e-01
    2.40996e+16         1.74641e+11    4.99234e-01
    2.40996e+16         1.64479e+11    4.99234e-01
    2.40996e+16         1.53022e+11    4.99234e-01
    2.40996e+16         1.39786e+11    4.99234e-01
    2.40996e+16         1.31855e+11    4.99234e-01
    2.40996e+16         1.22941e+11    4.99234e-01
    2.40996e+16         1.12688e+11    4.99234e-01
    2.40996e+16         1.06586e+11    4.99234e-01
    2.40996e+16         9.97652e+10    4.99234e-01
    2.40996e+16         9.19802e+10    4.99234e-01
    2.40996e+16         8.28215e+10    4.99234e-01
    2.40996e+16         7.71734e+10    4.99234e-01
    2.40996e+16         7.06683e+10    4.99234e-01
    2.40996e+16         6.67894e+10    4.99234e-01
    2.40996e+16         6.24469e+10    4.99234e-01
    2.40996e+16         5.74794e+10    4.99234e-01
    2.40996e+16         5.45478e+10    4.99234e-01
    2.40996e+16         5.12926e+10    4.99234e-01
    2.40996e+16         4.76112e+10    4.99234e-01
    2.40996e+16         4.33384e+10    4.99234e-01
    2.40996e+16         4.07600e+10    4.99234e-01
    2.40996e+16         3.78450e+10    4.99234e-01
    2.40996e+16         3.44637e+10    4.99234e-01
    2.40996e+16         3.24251e+10    4.99234e-01
    2.40996e+16         3.01220e+10    4.99234e-01
    2.40996e+16         2.74533e+10    4.99234e-01
    2.40996e+16         2.58469e+10    4.99234e-01
    2.40996e+16         2.40346e+10    4.99234e-01
    2.40996e+16         2.19388e+10    4.99234e-01
    2.40996e+16         2.06810e+10    4.99234e-01
    2.40996e+16         1.92657e+10    4.99234e-01
    2.40996e+16         1.76347e+10    4.99234e-01
    2.40996e+16         1.66614e+10    4.99234e-01
    2.40996e+16         1.55711e+10    4.99234e-01
    2.40996e+16         1.43228e+10    4.99234e-01
    2.40996e+16         1.35850e+10    4.99234e-01
    2.40996e+16         1.27650e+10    4.99234e-01
    2.40996e+16         1.18362e+10    4.99234e-01
    2.40996e+16         1.07560e+10    4.99234e-01
    2.40996e+16         1.01019e+10    4.99234e-01
    2.40996e+16         9.36042e+09    4.99234e-01
    2.40996e+16         8.49678e+09    4.99234e-01
    2.40996e+16         7.97272e+09    4.99234e-01
    2.40996e+16         7.37751e+09    4.99234e-01
    2.40996e+16         6.68237e+09    4.99234e-01
    2.40996e+16         6.25873e+09    4.99234e-01
    2.40996e+16         5.77580e+09    4.99234e-01
    2.40996e+16         5.20873e+09    4.99234e-01
    2.40996e+16         4.86010e+09    4.99234e-01
    2.40996e+16         4.45965e+09    4.99234e-01
    2.40996e+16         4.22186e+09    4.99234e-01
    2.40996e+16         3.95653e+09    4.99234e-01
    2.40996e+16         3.65441e+09    4.99234e-01
    2.40996e+16         3.30028e+09    4.99234e-01
    2.40996e+16         3.08318e+09    4.99234e-01
    2.40996e+16         2.83443e+09    4.99234e-01
    2.40996e+16         2.68726e+09    4.99234e-01
    2.40996e+16         2.52353e+09    4.99234e-01
    2.40996e+16         2.33787e+09    4.99234e-01
    2.40996e+16         2.12155e+09    4.99234e-01
    2.40996e+16         1.99021e+09    4.99234e-01
    2.40996e+16         1.84096e+09    4.99234e-01
    2.40996e+16         1.66653e+09    4.99234e-01
    2.40996e+16         1.56010e+09    4.99234e-01
    2.40996e+16         1.43866e+09    4.99234e-01
    2.40996e+16         1.29585e+09    4.99234e-01
    2.40996e+16         1.20784e+09    4.99234e-01
    2.40996e+16         1.10653e+09    4.99234e-01
    2.40996e+16         1.04618e+09    4.99234e-01
    2.40996e+16         9.78662e+08    4.99234e-01
    2.40996e+16         9.01509e+08    4.99234e-01
    2.40996e+16         8.56046e+08    4.99234e-01
    2.40996e+16         8.05627e+08    4.99234e-01
    2.40996e+16         7.48700e+08    4.99234e-01
    2.40996e+16         6.82787e+08    4.99234e-01
    2.40996e+16         6.43160e+08    4.99234e-01
    2.40996e+16         5.98500e+08    4.99234e-01
    2.40996e+16         5.46925e+08    4.99234e-01
    2.40996e+16         5.16046e+08    4.99234e-01
    2.40996e+16         4.81360e+08    4.99234e-01
    2.40996e+16         4.41495e+08    4.99234e-01
    2.40996e+16         4.17800e+08    4.99234e-01
    2.40996e+16         3.91342e+08    4.99234e-01
    2.40996e+16         3.61185e+08    4.99234e-01
    2.40996e+16         3.25782e+08    4.99234e-01
    2.40996e+16         3.04025e+08    4.99234e-01
    2.40996e+16         2.79041e+08    4.99234e-01
    2.40996e+16         2.64213e+08    4.99234e-01
    2.40996e+16         2.47673e+08    4.99234e-01
    2.40996e+16         2.28850e+08    4.99234e-01
    2.40996e+16         2.06804e+08    4.99234e-01
    2.40996e+16         1.93305e+08    4.99234e-01
    2.40996e+16         1.77855e+08    4.99234e-01
    2.40996e+16         1.68730e+08    4.99234e-01
    2.40996e+16         1.58591e+08    4.99234e-01
    2.40996e+16         1.47114e+08    4.99234e-01
    2.40996e+16         1.33776e+08    4.99234e-01
    2.40996e+16         1.25712e+08    4.99234e-01
    2.40996e+16         1.16579e+08    4.99234e-01
    2.40996e+16         1.05959e+08    4.99234e-01
    2.40996e+16         9.95320e+07    4.99234e-01
    2.40996e+16         9.22476e+07    4.99234e-01
    2.40996e+16         8.37674e+07    4.99234e-01
    2.40996e+16         7.86253e+07    4.99234e-01
    2.40996e+16         7.27886e+07    4.99234e-01
    2.40996e+16         6.59784e+07    4.99234e-01
    2.40996e+16         6.18340e+07    4.99234e-01
    2.40996e+16         5.71155e+07    4.99234e-01
    2.40996e+16         5.15852e+07    4.99234e-01
    2.40996e+16         4.81954e+07    4.99234e-01
    2.40996e+16         4.43119e+07    4.99234e-01
    2.40996e+16         4.20149e+07    4.99234e-01
    2.40996e+16         3.94599e+07    4.99234e-01
    2.40996e+16         3.65633e+07    4.99234e-01
    2.40996e+16         3.31896e+07    4.99234e-01
    2.40996e+16         3.11424e+07    4.99234e-01
    2.40996e+16         2.88172e+07    4.99234e-01
    2.40996e+16         2.61015e+07    4.99234e-01
    2.40996e+16         2.44465e+07    4.99234e-01
    2.40996e+16         2.25598e+07    4.99234e-01
    2.40996e+16         2.03443e+07    4.99234e-01
    2.40996e+16         1.89822e+07    4.99234e-01
    2.40996e+16         1.74175e+07    4.99234e-01
    2.40996e+16         1.64883e+07    4.99234e-01
    2.40996e+16         1.54514e+07    4.99234e-01
    2.40996e+16         1.42707e+07    4.99234e-01
    2.40996e+16         1.28866e+07    4.99234e-01
    2.40996e+16         1.20378e+07    4.99234e-01
    2.40996e+16         1.10652e+07    4.99234e-01
    2.40996e+16         1.04896e+07    4.99234e-01
    2.40996e+16         9.84917e+06    4.99234e-01
    2.40996e+16         9.12269e+06    4.99234e-01
    2.40996e+16         8.27591e+06    4.99234e-01
    2.40996e+16         7.76144e+06    4.99234e-01
    2.40996e+16         7.17651e+06    4.99234e-01
    2.40996e+16         6.49234e+06    4.99234e-01
    2.40996e+16         6.07436e+06    4.99234e-01
    2.40996e+16         5.59687e+06    4.99234e-01
    2.40996e+16         5.31566e+06    4.99234e-01
    2.40996e+16         5.00390e+06    4.99234e-01
    2.40996e+16         4.65209e+06    4.99234e-01
    2.40996e+16         4.24505e+06    4.99234e-01
    2.40996e+16         4.00063e+06    4.99234e-01
    2.40996e+16         3.72543e+06    4.99234e-01
    2.40996e+16         3.40808e+06    4.99234e-01
    2.40996e+16         3.21847e+06    4.99234e-01
    2.40996e+16         3.00587e+06    4.99234e-01
    2.40996e+16         2.76213e+06    4.99234e-01
    2.40996e+16         2.61780e+06    4.99234e-01
    2.40996e+16         2.45712e+06    4.99234e-01
    2.40996e+16         2.27474e+06    4.99234e-01
    2.40996e+16         2.06193e+06    4.99234e-01
    2.40996e+16         1.93243e+06    4.99234e-01
    2.40996e+16         1.78500e+06    4.99234e-01
    2.40996e+16         1.61220e+06    4.99234e-01
    2.40996e+16         1.50629e+06    4.99234e-01
    2.40996e+16         1.38497e+06    4.99234e-01
    2.40996e+16         1.31321e+06    4.99234e-01
    2.40996e+16         1.23339e+06    4.99234e-01
    2.40996e+16         1.14291e+06    4.99234e-01
    2.40996e+16         1.03754e+06    4.99234e-01
    2.40996e+16         9.73613e+05    4.99234e-01
    2.40996e+16         9.01011e+05    4.99234e-01
    2.40996e+16         8.16238e+05    4.99234e-01
    2.40996e+16         7.64589e+05    4.99234e-01
    2.40996e+16         7.05727e+05    4.99234e-01
    2.40996e+16         6.36637e+05    4.99234e-01
    2.40996e+16         5.94188e+05    4.99234e-01
    2.40996e+16         5.45456e+05    4.99234e-01
    2.40996e+16         5.16542e+05    4.99234e-01
    2.40996e+16         4.84300e+05    4.99234e-01
    2.40996e+16         4.47623e+05    4.99234e-01
    2.40996e+16         4.04688e+05    4.99234e-01
    2.40996e+16         3.78424e+05    4.99234e-01
    2.40996e+16         3.48388e+05    4.99234e-01
    2.40996e+16         3.30669e+05    4.99234e-01
    2.40996e+16         3.11000e+05    4.99234e-01
    2.40996e+16         2.88765e+05    4.99234e-01
    2.40996e+16         2.62973e+05    4.99234e-01
    2.40996e+16         2.47423e+05    4.99234e-01
    2.40996e+16         2.29858e+05    4.99234e-01
    2.40996e+16         2.09505e+05    4.99234e-01
    2.40996e+16         1.97256e+05    4.99234e-01
    2.40996e+16         1.83437e+05    4.99234e-01
    2.40996e+16         1.67459e+05    4.99234e-01
    2.40996e+16         1.57872e+05    4.99234e-01
    2.40996e+16         1.47086e+05    4.99234e-01
    2.40996e+16         1.34660e+05    4.99234e-01
    2.40996e+16         1.27247e+05    4.99234e-01
    2.40996e+16         1.18946e+05    4.99234e-01
    2.40996e+16         1.09446e+05    4.99234e-01
    2.40996e+16         1.03835e+05    4.99234e-01
    2.40996e+16         9.76012e+04    4.99234e-01
    2.40996e+16         9.05460e+04    4.99234e-01
    2.40996e+16         8.23485e+04    4.99234e-01
    2.40996e+16         7.73931e+04    4.99234e-01
    2.40996e+16         7.17829e+04    4.99234e-01
    2.40996e+16         6.52613e+04    4.99234e-01
    2.40996e+16         6.13163e+04    4.99234e-01
    2.40996e+16         5.68474e+04    4.99234e-01
    2.40996e+16         5.16481e+04    4.99234e-01
    2.40996e+16         4.84988e+04    4.99234e-01
    2.40996e+16         4.49272e+04    4.99234e-01
    2.40996e+16         4.07651e+04    4.99234e-01
    2.40996e+16         3.82374e+04    4.99234e-01
    2.40996e+16         3.53645e+04    4.99234e-01
    2.40996e+16         3.20058e+04    4.99234e-01
    2.40996e+16         2.99556e+04    4.99234e-01
    2.40996e+16         2.76150e+04    4.99234e-01
    2.40996e+16         2.48609e+04    4.99234e-01
    2.40996e+16         2.31619e+04    4.99234e-01
    2.40996e+16         2.12044e+04    4.99234e-01
    2.40996e+16         2.00367e+04    4.99234e-01
    2.40996e+16         1.87288e+04    4.99234e-01
    2.40996e+16         1.72319e+04    4.99234e-01
    2.40996e+16         1.63478e+04    4.99234e-01
    2.40996e+16         1.53655e+04    4.99234e-01
    2.40996e+16         1.42535e+04    4.99234e-01
    2.40996e+16         1.29613e+04    4.99234e-01
    2.40996e+16         1.21799e+04    4.99234e-01
    2.40996e+16         1.12951e+04    4.99234e-01
    2.40996e+16         1.02662e+04    4.99234e-01
    2.40996e+16         9.64346e+03    4.99234e-01
    2.40996e+16         8.93770e+03    4.99234e-01
    2.40996e+16         8.11609e+03    4.99234e-01
    2.40996e+16         7.61789e+03    4.99234e-01
    2.40996e+16         7.05241e+03    4.99234e-01
    2.40996e+16         6.39261e+03    4.99234e-01
    2.40996e+16         5.99109e+03    4.99234e-01
    2.40996e+16         5.53395e+03    4.99234e-01
    2.40996e+16         4.99817e+03    4.99234e-01
    2.40996e+16         4.66977e+03    4.99234e-01
    2.40996e+16         4.29355e+03    4.99234e-01
    2.40996e+16         4.07103e+03    4.99234e-01
    2.40996e+16         3.82352e+03    4.99234e-01
    2.40996e+16         3.54293e+03    4.99234e-01
    2.40996e+16         3.21614e+03    4.99234e-01
    2.40996e+16         3.01785e+03    4.99234e-01
    2.40996e+16         2.79265e+03    4.99234e-01
    2.40996e+16         2.52966e+03    4.99234e-01
    2.40996e+16         2.36940e+03    4.99234e-01
    2.40996e+16         2.18673e+03    4.99234e-01
    2.40996e+16         1.97227e+03    4.99234e-01
    2.40996e+16         1.84045e+03    4.99234e-01
    2.40996e+16         1.68908e+03    4.99234e-01
    2.40996e+16         1.59921e+03    4.99234e-01
    2.40996e+16         1.49897e+03    4.99234e-01
    2.40996e+16         1.38487e+03    4.99234e-01
    2.40996e+16         1.25119e+03    4.99234e-01
    2.40996e+16         1.16930e+03    4.99234e-01
    2.40996e+16         1.07555e+03    4.99234e-01
    2.40996e+16         1.02014e+03    4.99234e-01
    2.40996e+16         9.58551e+02    4.99234e-01
    2.40996e+16         8.88793e+02    4.99234e-01
    2.40996e+16         8.07657e+02    4.99234e-01
    2.40996e+16         7.58528e+02    4.99234e-01
    2.40996e+16         7.02829e+02    4.99234e-01
    2.40996e+16         6.37952e+02    4.99234e-01
    2.40996e+16         5.98580e+02    4.99234e-01
    2.40996e+16         5.53859e+02    4.99234e-01
    2.40996e+16         5.01624e+02    4.99234e-01
    2.40996e+16         4.69784e+02    4.99234e-01
    2.40996e+16         4.33482e+02    4.99234e-01
    2.40996e+16         3.90845e+02    4.99234e-01
    2.40996e+16         3.64621e+02    4.99234e-01
    2.40996e+16         3.34490e+02    4.99234e-01
    2.40996e+16         3.16588e+02    4.99234e-01
    2.40996e+16         2.96604e+02    4.99234e-01
    2.40996e+16         2.73837e+02    4.99234e-01
    2.40996e+16         2.47126e+02    4.99234e-01
    2.40996e+16         2.30728e+02    4.99234e-01
    2.40996e+16         2.11915e+02    4.99234e-01
    2.40996e+16         2.00765e+02    4.99234e-01
    2.40996e+16         1.88342e+02    4.99234e-01
    2.40996e+16         1.74226e+02    4.99234e-01
    2.40996e+16         1.57730e+02    4.99234e-01
    2.40996e+16         1.47666e+02    4.99234e-01
    2.40996e+16         1.36184e+02    4.99234e-01
    2.40996e+16         1.22684e+02    4.99234e-01
    2.40996e+16         1.14367e+02    4.99234e-01
    2.40996e+16         1.04796e+02    4.99234e-01
    2.40996e+16         9.90968e+01    4.99234e-01
    2.40996e+16         9.27230e+01    4.99234e-01
    2.40996e+16         8.54427e+01    4.99234e-01
    2.40996e+16         8.11559e+01    4.99234e-01
    2.40996e+16         7.64042e+01    4.99234e-01
    2.40996e+16         7.10431e+01    4.99234e-01
    2.40996e+16         6.48423e+01    4.99234e-01
    2.40996e+16         6.11206e+01    4.99234e-01
    2.40996e+16         5.69318e+01    4.99234e-01
    2.40996e+16         5.21040e+01    4.99234e-01
    2.40996e+16         4.92220e+01    4.99234e-01
    2.40996e+16         4.59927e+01    4.99234e-01
    2.40996e+16         4.22940e+01    4.99234e-01
    2.40996e+16         4.01070e+01    4.99234e-01
    2.40996e+16         3.76751e+01    4.99234e-01
    2.40996e+16         3.49190e+01    4.99234e-01
    2.40996e+16         3.17107e+01    4.99234e-01
    2.40996e+16         2.97655e+01    4.99234e-01
    2.40996e+16         2.75578e+01    4.99234e-01
    2.40996e+16         2.49822e+01    4.99234e-01
    2.40996e+16         2.34151e+01    4.99234e-01
    2.40996e+16         2.16313e+01    4.99234e-01
    2.40996e+16         1.95412e+01    4.99234e-01
    2.40996e+16         1.82606e+01    4.99234e-01
    2.40996e+16         1.67941e+01    4.99234e-01
    2.40996e+16         1.59273e+01    4.99234e-01
    2.40996e+16         1.49634e+01    4.99234e-01
    2.40996e+16         1.38714e+01    4.99234e-01
    2.40996e+16         1.26008e+01    4.99234e-01
    2.40996e+16         1.18308e+01    4.99234e-01
    2.40996e+16         1.09574e+01    4.99234e-01
    2.40996e+16         9.93920e+00    4.99234e-01
    2.40996e+16         9.32045e+00    4.99234e-01
    2.40996e+16         8.61682e+00    4.99234e-01
    2.40996e+16         7.79358e+00    4.99234e-01
    2.40996e+16         7.29041e+00    4.99234e-01
    2.40996e+16         6.71538e+00    4.99234e-01
    2.40996e+16         6.37652e+00    4.99234e-01
    2.40996e+16         6.00069e+00    4.99234e-01
    2.40996e+16         5.57631e+00    4.99234e-01
    2.40996e+16         5.08488e+00    4.99234e-01
    2.40996e+16         4.78937e+00    4.99234e-01
    2.40996e+16         4.45627e+00    4.99234e-01
    2.40996e+16         4.07151e+00    4.99234e-01
    2.40996e+16         3.84106e+00    4.99234e-01
    2.40996e+16         3.58212e+00    4.99234e-01
    2.40996e+16         3.28439e+00    4.99234e-01
    2.40996e+16         3.10731e+00    4.99234e-01
    2.40996e+16         2.90948e+00    4.99234e-01
    2.40996e+16         2.68383e+00    4.99234e-01
    2.40996e+16         2.41864e+00    4.99234e-01
    2.40996e+16         2.25537e+00    4.99234e-01
    2.40996e+16         2.06761e+00    4.99234e-01
    2.40996e+16         1.95590e+00    4.99234e-01
    2.40996e+16         1.83107e+00    4.99234e-01
    2.40996e+16         1.68865e+00    4.99234e-01
    2.40996e+16         1.52118e+00    4.99234e-01
    2.40996e+16         1.41799e+00    4.99234e-01
    2.40996e+16         1.29924e+00    4.99234e-01
    2.40996e+16         1.22852e+00    4.99234e-01
    2.40996e+16         1.14942e+00    4.99234e-01
    2.40996e+16         1.05905e+00    4.99234e-01
    2.40996e+16         1.00583e+00    4.99234e-01
    2.40996e+16         9.46827e-01    4.99234e-01
    2.40996e+16         8.80242e-01    4.99234e-01
    2.40996e+16         8.03202e-01    4.99234e-01
    2.40996e+16         7.56938e-01    4.99234e-01
    2.40996e+16         7.04847e-01    4.99234e-01
    2.40996e+16         6.44771e-01    4.99234e-01
    2.40996e+16         6.08874e-01    4.99234e-01
    2.40996e+16         5.68621e-01    4.99234e-01
    2.40996e+16         5.22466e-01    4.99234e-01
    2.40996e+16         4.95132e-01    4.99234e-01
    2.40996e+16         4.64696e-01    4.99234e-01
    2.40996e+16         4.30142e-01    4.99234e-01
    2.40996e+16         3.89814e-01    4.99234e-01
    2.40996e+16         3.65262e-01    4.99234e-01
    2.40996e+16         3.37299e-01    4.99234e-01
    2.40996e+16         3.04507e-01    4.99234e-01
    2.40996e+16         2.84389e-01    4.99234e-01
    2.40996e+16         2.61325e-01    4.99234e-01
    2.40996e+16         2.47667e-01    4.99234e-01
    2.40996e+16         2.32462e-01    4.99234e-01
    2.40996e+16         2.15202e-01    4.99234e-01
    2.40996e+16         1.95062e-01    4.99234e-01
    2.40996e+16         1.82806e-01    4.99234e-01
    2.40996e+16         1.68851e-01    4.99234e-01
    2.40996e+16         1.52494e-01    4.99234e-01
    2.40996e+16         1.42467e-01    4.99234e-01
    2.40996e+16         1.30979e-01    4.99234e-01
    2.40996e+16         1.24183e-01    4.99234e-01
    2.40996e+16         1.16623e-01    4.99234e-01
    2.40996e+16         1.08051e-01    4.99234e-01
    2.40996e+16         9.80648e-02    4.99234e-01
    2.40996e+16         9.20031e-02    4.99234e-01
    2.40996e+16         8.51163e-02    4.99234e-01
    2.40996e+16         7.70701e-02    4.99234e-01
    2.40996e+16         7.21631e-02    4.99234e-01
    2.40996e+16         6.65660e-02    4.99234e-01
    2.40996e+16         5.99881e-02    4.99234e-01
    2.40996e+16         5.59384e-02    4.99234e-01
    2.40996e+16         5.12810e-02    4.99234e-01
    2.40996e+16         4.85102e-02    4.99234e-01
    2.40996e+16         4.54137e-02    4.99234e-01
    2.40996e+16         4.18806e-02    4.99234e-01
    2.40996e+16         3.77262e-02    4.99234e-01
    2.40996e+16         3.51664e-02    4.99234e-01
    2.40996e+16         3.22203e-02    4.99234e-01
    2.40996e+16         3.04656e-02    4.99234e-01
    2.40996e+16         2.85029e-02    4.99234e-01
    2.40996e+16         2.62606e-02    4.99234e-01
    2.40996e+16         2.49398e-02    4.99234e-01
    2.40996e+16         2.34755e-02    4.99234e-01
    2.40996e+16         2.18227e-02    4.99234e-01
    2.40996e+16         1.99101e-02    4.99234e-01
    2.40996e+16         1.87613e-02    4.99234e-01
    2.40996e+16         1.74674e-02    4.99234e-01
    2.40996e+16         1.59748e-02    4.99234e-01
    2.40996e+16         1.50825e-02    4.99234e-01
    2.40996e+16         1.40815e-02    4.99234e-01
    2.40996e+16         1.29331e-02    4.99234e-01
    2.40996e+16         1.22524e-02    4.99234e-01
    2.40996e+16         1.14940e-02    4.99234e-01
    2.40996e+16         1.06322e-02    4.99234e-01
    2.40996e+16         9.62504e-03    4.99234e-01
    2.40996e+16         9.01055e-03    4.99234e-01
    2.40996e+16         8.30938e-03    4.99234e-01
    2.40996e+16         7.48490e-03    4.99234e-01
    2.40996e+16         6.97684e-03    4.99234e-01
    2.40996e+16         6.39208e-03    4.99234e-01
    2.40996e+16         6.04377e-03    4.99234e-01
    2.40996e+16         5.65414e-03    4.99234e-01
    2.40996e+16         5.20897e-03    4.99234e-01
    2.40996e+16         4.94672e-03    4.99234e-01
    2.40996e+16         4.65592e-03    4.99234e-01
    2.40996e+16         4.32766e-03    4.99234e-01
    2.40996e+16         3.94771e-03    4.99234e-01
    2.40996e+16         3.71941e-03    4.99234e-01
    2.40996e+16         3.46222e-03    4.99234e-01
    2.40996e+16         3.16540e-03    4.99234e-01
    2.40996e+16         2.98785e-03    4.99234e-01
    2.40996e+16         2.78858e-03    4.99234e-01
    2.40996e+16         2.55980e-03    4.99234e-01
    2.40996e+16         2.42406e-03    4.99234e-01
    2.40996e+16         2.27268e-03    4.99234e-01
    2.40996e+16         2.10047e-03    4.99234e-01
    2.40996e+16         1.89887e-03    4.99234e-01
    2.40996e+16         1.77552e-03    4.99234e-01
    2.40996e+16         1.63444e-03    4.99234e-01
    2.40996e+16         1.55120e-03    4.99234e-01
    2.40996e+16         1.45879e-03    4.99234e-01
    2.40996e+16         1.35429e-03    4.99234e-01
    2.40996e+16         1.23305e-03    4.99234e-01
    2.40996e+16         1.15992e-03    4.99234e-01
    2.40996e+16         1.07728e-03    4.99234e-01
    2.40996e+16         9.81472e-04    4.99234e-01
    2.40996e+16         9.23760e-04    4.99234e-01
    2.40996e+16         8.58612e-04    4.99234e-01
    2.40996e+16         7.83202e-04    4.99234e-01
    2.40996e+16         7.37887e-04    4.99234e-01
    2.40996e+16         6.86836e-04    4.99234e-01
    2.40996e+16         6.27913e-04    4.99234e-01
    2.40996e+16         5.92663e-04    4.99234e-01
    2.40996e+16         5.53095e-04    4.99234e-01
    2.40996e+16         5.07663e-04    4.99234e-01
    2.40996e+16         4.80699e-04    4.99234e-01
    2.40996e+16         4.50625e-04    4.99234e-01
    2.40996e+16         4.16404e-04    4.99234e-01
    2.40996e+16         3.76326e-04    4.99234e-01
    2.40996e+16         3.51792e-04    4.99234e-01
    2.40996e+16         3.23717e-04    4.99234e-01
    2.40996e+16         3.07139e-04    4.99234e-01
    2.40996e+16         2.88722e-04    4.99234e-01
    2.40996e+16         2.67882e-04    4.99234e-01
    2.40996e+16         2.43673e-04    4.99234e-01
    2.40996e+16         2.29043e-04    4.99234e-01
    2.40996e+16         2.12485e-04    4.99234e-01
    2.40996e+16         1.93246e-04    4.99234e-01
    2.40996e+16         1.81616e-04    4.99234e-01
    2.40996e+16         1.68449e-04    4.99234e-01
    2.40996e+16         1.53142e-04    4.99234e-01
    2.40996e+16         1.43882e-04    4.99234e-01
    2.40996e+16         1.33393e-04    4.99234e-01
    2.40996e+16         1.21188e-04    4.99234e-01
    2.40996e+16         1.13795e-04    4.99234e-01
    2.40996e+16         1.05410e-04    4.99234e-01
    2.40996e+16         9.56383e-05    4.99234e-01
    2.40996e+16         8.97028e-05    4.99234e-01
    2.40996e+16         8.29559e-05    4.99234e-01
    2.40996e+16         7.50668e-05    4.99234e-01
    2.40996e+16         7.02496e-05    4.99234e-01
    2.40996e+16         6.47491e-05    4.99234e-01
    2.40996e+16         5.82743e-05    4.99234e-01
    2.40996e+16         5.42776e-05    4.99234e-01
    2.40996e+16         4.96706e-05    4.99234e-01
    2.40996e+16         4.69200e-05    4.99234e-01
    2.40996e+16         4.38374e-05    4.99234e-01
    2.40996e+16         4.03061e-05    4.99234e-01
    2.40996e+16         3.82175e-05    4.99234e-01
    2.40996e+16         3.58943e-05    4.99234e-01
    2.40996e+16         3.32607e-05    4.99234e-01
    2.40996e+16         3.01935e-05    4.99234e-01
    2.40996e+16         2.83326e-05    4.99234e-01
    2.40996e+16         2.62191e-05    4.99234e-01


