              t                   M              a
    1.23833e-21         1.00000e+17    8.00000e-01
    2.47665e-21         1.00000e+17    8.00000e-01
    4.95331e-21         1.00000e+17    8.00000e-01
    9.90662e-21         1.00000e+17    8.00000e-01
    1.98132e-20         1.00000e+17    8.00000e-01
    3.96265e-20         1.00000e+17    8.00000e-01
    7.92530e-20         1.00000e+17    8.00000e-01
    1.58506e-19         1.00000e+17    8.00000e-01
    3.17012e-19         1.00000e+17    8.00000e-01
    6.34024e-19         1.00000e+17    8.00000e-01
    1.26805e-18         1.00000e+17    8.00000e-01
    2.53609e-18         1.00000e+17    8.00000e-01
    5.07219e-18         1.00000e+17    8.00000e-01
    1.01444e-17         1.00000e+17    8.00000e-01
    2.02888e-17         1.00000e+17    8.00000e-01
    4.05775e-17         1.00000e+17    8.00000e-01
    8.11550e-17         1.00000e+17    8.00000e-01
    1.62310e-16         1.00000e+17    8.00000e-01
    3.24620e-16         1.00000e+17    8.00000e-01
    6.49240e-16         1.00000e+17    8.00000e-01
    1.29848e-15         1.00000e+17    8.00000e-01
    2.59696e-15         1.00000e+17    8.00000e-01
    5.19392e-15         1.00000e+17    8.00000e-01
    1.03878e-14         1.00000e+17    8.00000e-01
    2.07757e-14         1.00000e+17    8.00000e-01
    4.15514e-14         1.00000e+17    8.00000e-01
    8.31027e-14         1.00000e+17    8.00000e-01
    1.66205e-13         1.00000e+17    8.00000e-01
    3.32411e-13         1.00000e+17    8.00000e-01
    6.64822e-13         1.00000e+17    8.00000e-01
    1.32964e-12         1.00000e+17    8.00000e-01
    2.65929e-12         1.00000e+17    8.00000e-01
    5.31858e-12         1.00000e+17    8.00000e-01
    1.06372e-11         1.00000e+17    8.00000e-01
    2.12743e-11         1.00000e+17    8.00000e-01
    4.25486e-11         1.00000e+17    8.00000e-01
    8.50972e-11         1.00000e+17    8.00000e-01
    1.70194e-10         1.00000e+17    8.00000e-01
    3.40389e-10         1.00000e+17    8.00000e-01
    6.80778e-10         1.00000e+17    8.00000e-01
    1.36156e-09         1.00000e+17    8.00000e-01
    2.72311e-09         1.00000e+17    8.00000e-01
    5.44622e-09         1.00000e+17    8.00000e-01
    1.08924e-08         1.00000e+17    8.00000e-01
    2.17849e-08         1.00000e+17    8.00000e-01
    4.35698e-08         1.00000e+17    8.00000e-01
    8.71395e-08         1.00000e+17    8.00000e-01
    1.74279e-07         1.00000e+17    8.00000e-01
    3.48558e-07         1.00000e+17    8.00000e-01
    6.97116e-07         1.00000e+17    8.00000e-01
    1.39423e-06         1.00000e+17    8.00000e-01
    2.78847e-06         1.00000e+17    8.00000e-01
    5.57693e-06         1.00000e+17    8.00000e-01
    1.11539e-05         1.00000e+17    8.00000e-01
    2.23077e-05         1.00000e+17    8.00000e-01
    4.46154e-05         1.00000e+17    8.00000e-01
    8.92309e-05         1.00000e+17    8.00000e-01
    1.78462e-04         1.00000e+17    8.00000e-01
    3.56924e-04         1.00000e+17    8.00000e-01
    7.13847e-04         1.00000e+17    8.00000e-01
    1.42769e-03         1.00000e+17    8.00000e-01
    2.85539e-03         1.00000e+17    8.00000e-01
    5.71078e-03         1.00000e+17    8.00000e-01
    1.14216e-02         1.00000e+17    8.00000e-01
    2.28431e-02         1.00000e+17    8.00000e-01
    4.56862e-02         1.00000e+17    8.00000e-01
    9.13724e-02         1.00000e+17    8.00000e-01
    1.82745e-01         1.00000e+17    8.00000e-01
    3.65490e-01         1.00000e+17    8.00000e-01
    7.30979e-01         1.00000e+17    8.00000e-01
    1.46196e+00         1.00000e+17    8.00000e-01
    2.92392e+00         1.00000e+17    8.00000e-01
    5.84784e+00         1.00000e+17    8.00000e-01
    1.16957e+01         1.00000e+17    8.00000e-01
    2.33913e+01         1.00000e+17    8.00000e-01
    4.67827e+01         1.00000e+17    8.00000e-01
    9.35654e+01         1.00000e+17    8.00000e-01
    1.87131e+02         1.00000e+17    8.00000e-01
    3.74261e+02         1.00000e+17    8.00000e-01
    7.48523e+02         1.00000e+17    8.00000e-01
    1.49705e+03         1.00000e+17    8.00000e-01
    2.99409e+03         1.00000e+17    8.00000e-01
    5.98818e+03         1.00000e+17    8.00000e-01
    1.19764e+04         1.00000e+17    8.00000e-01
    2.39527e+04         1.00000e+17    8.00000e-01
    4.79055e+04         1.00000e+17    8.00000e-01
    9.58109e+04         1.00000e+17    8.00000e-01
    1.91622e+05         1.00000e+17    8.00000e-01
    3.83244e+05         1.00000e+17    8.00000e-01
    7.66488e+05         1.00000e+17    8.00000e-01
    1.53298e+06         1.00000e+17    8.00000e-01
    3.06595e+06         1.00000e+17    8.00000e-01
    6.13190e+06         1.00000e+17    8.00000e-01
    1.22638e+07         1.00000e+17    8.00000e-01
    2.45276e+07         1.00000e+17    8.00000e-01
    4.90552e+07         1.00000e+17    8.00000e-01
    9.81104e+07         1.00000e+17    8.00000e-01
    1.96221e+08         1.00000e+17    8.00000e-01
    3.92442e+08         9.99999e+16    7.99999e-01
    7.84883e+08         9.99999e+16    7.99998e-01
    1.56977e+09         9.99997e+16    7.99997e-01
    3.13953e+09         9.99994e+16    7.99994e-01
    6.27907e+09         9.99989e+16    7.99987e-01
    1.25581e+10         9.99977e+16    7.99974e-01
    2.51163e+10         9.99955e+16    7.99948e-01
    5.02325e+10         9.99910e+16    7.99896e-01
    1.00465e+11         9.99819e+16    7.99792e-01
    2.00930e+11         9.99638e+16    7.99585e-01
    4.01860e+11         9.99277e+16    7.99170e-01
    8.03720e+11         9.98554e+16    7.98343e-01
    1.60744e+12         9.97112e+16    7.96695e-01
    3.21488e+12         9.94239e+16    7.93425e-01
    6.42976e+12         9.88537e+16    7.86993e-01
    1.28595e+13         9.77238e+16    7.74495e-01
    1.92893e+13         9.66050e+16    7.62645e-01
    2.57191e+13         9.54964e+16    7.51417e-01
    3.21488e+13         9.43926e+16    7.40752e-01
    3.85786e+13         9.32835e+16    7.30514e-01
    4.50083e+13         9.21680e+16    7.20692e-01
    5.14381e+13         9.10451e+16    7.11272e-01
    5.78679e+13         8.99090e+16    7.02183e-01
    6.42976e+13         8.87559e+16    6.93405e-01
    7.07274e+13         8.75845e+16    6.84928e-01
    7.71572e+13         8.63934e+16    6.76746e-01
    8.35869e+13         8.51776e+16    6.68808e-01
    9.00167e+13         8.39321e+16    6.61103e-01
    9.64465e+13         8.26545e+16    6.53626e-01
    1.02876e+14         8.13423e+16    6.46371e-01
    1.09306e+14         7.99926e+16    6.39333e-01
    1.15736e+14         7.86030e+16    6.32402e-01
    1.22166e+14         7.71692e+16    6.25577e-01
    1.28595e+14         7.56871e+16    6.18855e-01
    1.35025e+14         7.41518e+16    6.12233e-01
    1.41455e+14         7.25580e+16    6.05710e-01
    1.47885e+14         7.08962e+16    5.99287e-01
    1.54314e+14         6.91553e+16    5.92969e-01
    1.60744e+14         6.73255e+16    5.86755e-01
    1.67174e+14         6.53943e+16    5.80642e-01
    1.73604e+14         6.33475e+16    5.74617e-01
    1.80033e+14         6.11662e+16    5.68679e-01
    1.86463e+14         5.88283e+16    5.62720e-01
    1.92893e+14         5.63035e+16    5.56673e-01
    1.99323e+14         5.35500e+16    5.50518e-01
    2.05752e+14         5.05093e+16    5.44222e-01
    2.12182e+14         4.70955e+16    5.37739e-01
    2.18612e+14         4.31739e+16    5.31005e-01
    2.21827e+14         4.08398e+16    5.27460e-01
    2.25042e+14         3.82305e+16    5.23765e-01
    2.28257e+14         3.52520e+16    5.19880e-01
    2.31471e+14         3.17476e+16    5.15751e-01
    2.33079e+14         2.95863e+16    5.13514e-01
    2.34686e+14         2.70974e+16    5.11139e-01
    2.35490e+14         2.56135e+16    5.09859e-01
    2.36294e+14         2.39525e+16    5.08513e-01
    2.37098e+14         2.20529e+16    5.07082e-01
    2.37499e+14         2.09323e+16    5.06310e-01
    2.37901e+14         1.96885e+16    5.05499e-01
    2.38303e+14         1.82825e+16    5.04640e-01
    2.38705e+14         1.66518e+16    5.03718e-01
    2.38906e+14         1.56689e+16    5.03215e-01
    2.39107e+14         1.45588e+16    5.02682e-01
    2.39308e+14         1.32728e+16    5.02108e-01
    2.39408e+14         1.24992e+16    5.01795e-01
    2.39509e+14         1.16268e+16    5.01462e-01
    2.39609e+14         1.06186e+16    5.01104e-01
    2.39659e+14         1.00143e+16    5.00909e-01
    2.39710e+14         9.33471e+15    5.00701e-01
    2.39760e+14         8.55262e+15    5.00478e-01
    2.39785e+14         8.08678e+15    5.00357e-01
    2.39810e+14         7.56572e+15    5.00228e-01
    2.39835e+14         6.97042e+15    5.00091e-01
    2.39848e+14         6.61975e+15    5.00016e-01
    2.39860e+14         6.23095e+15    4.99937e-01
    2.39873e+14         5.79211e+15    4.99852e-01
    2.39885e+14         5.28424e+15    4.99760e-01
    2.39892e+14         4.97915e+15    4.99708e-01
    2.39898e+14         4.63553e+15    4.99652e-01
    2.39904e+14         4.23906e+15    4.99591e-01
    2.39907e+14         4.00202e+15    4.99557e-01
    2.39911e+14         3.73605e+15    4.99520e-01
    2.39914e+14         3.43088e+15    4.99481e-01
    2.39915e+14         3.24994e+15    4.99458e-01
    2.39917e+14         3.04829e+15    4.99435e-01
    2.39918e+14         2.81907e+15    4.99409e-01
    2.39920e+14         2.55107e+15    4.99381e-01
    2.39921e+14         2.38744e+15    4.99365e-01
    2.39922e+14         2.20060e+15    4.99347e-01
    2.39922e+14         1.98069e+15    4.99328e-01
    2.39923e+14         1.84497e+15    4.99317e-01
    2.39923e+14         1.68854e+15    4.99305e-01
    2.39923e+14         1.59516e+15    4.99299e-01
    2.39924e+14         1.49053e+15    4.99291e-01
    2.39924e+14         1.37069e+15    4.99284e-01
    2.39924e+14         1.29984e+15    4.99279e-01
    2.39924e+14         1.22105e+15    4.99275e-01
    2.39924e+14         1.13177e+15    4.99270e-01
    2.39924e+14         1.02784e+15    4.99264e-01
    2.39924e+14         9.64838e+14    4.99261e-01
    2.39924e+14         8.93339e+14    4.99258e-01
    2.39924e+14         8.09937e+14    4.99254e-01
    2.39924e+14         7.59206e+14    4.99252e-01
    2.39924e+14         7.01468e+14    4.99250e-01
    2.39924e+14         6.33835e+14    4.99247e-01
    2.39924e+14         5.92416e+14    4.99246e-01
    2.39924e+14         5.45004e+14    4.99244e-01
    2.39924e+14         5.16993e+14    4.99243e-01
    2.39924e+14         4.85865e+14    4.99242e-01
    2.39924e+14         4.50621e+14    4.99241e-01
    2.39924e+14         4.09648e+14    4.99240e-01
    2.39924e+14         3.84859e+14    4.99240e-01
    2.39924e+14         3.56773e+14    4.99239e-01
    2.39924e+14         3.24091e+14    4.99238e-01
    2.39924e+14         3.04289e+14    4.99238e-01
    2.39924e+14         2.81825e+14    4.99237e-01
    2.39924e+14         2.55637e+14    4.99237e-01
    2.39924e+14         2.39723e+14    4.99237e-01
    2.39924e+14         2.21625e+14    4.99236e-01
    2.39924e+14         2.00452e+14    4.99236e-01
    2.39924e+14         1.87511e+14    4.99236e-01
    2.39924e+14         1.72722e+14    4.99236e-01
    2.39924e+14         1.64006e+14    4.99236e-01
    2.39924e+14         1.54340e+14    4.99235e-01
    2.39924e+14         1.43426e+14    4.99235e-01
    2.39924e+14         1.30787e+14    4.99235e-01
    2.39924e+14         1.23187e+14    4.99235e-01
    2.39924e+14         1.14620e+14    4.99235e-01
    2.39924e+14         1.04725e+14    4.99235e-01
    2.39924e+14         9.87984e+13    4.99235e-01
    2.39924e+14         9.21393e+13    4.99235e-01
    2.39924e+14         8.44830e+13    4.99235e-01
    2.39924e+14         7.99296e+13    4.99235e-01
    2.39924e+14         7.48426e+13    4.99235e-01
    2.39924e+14         6.90405e+13    4.99235e-01
    2.39924e+14         6.22223e+13    4.99235e-01
    2.39924e+14         5.80251e+13    4.99235e-01
    2.39924e+14         5.31988e+13    4.99235e-01
    2.39924e+14         5.03279e+13    4.99235e-01
    2.39924e+14         4.71202e+13    4.99234e-01
    2.39924e+14         4.34608e+13    4.99234e-01
    2.39924e+14         3.91593e+13    4.99234e-01
    2.39924e+14         3.65100e+13    4.99234e-01
    2.39924e+14         3.34624e+13    4.99234e-01
    2.39924e+14         3.16484e+13    4.99234e-01
    2.39924e+14         2.96204e+13    4.99234e-01
    2.39924e+14         2.73053e+13    4.99234e-01
    2.39924e+14         2.45809e+13    4.99234e-01
    2.39924e+14         2.29000e+13    4.99234e-01
    2.39924e+14         2.09634e+13    4.99234e-01
    2.39924e+14         1.98078e+13    4.99234e-01
    2.39924e+14         1.85136e+13    4.99234e-01
    2.39924e+14         1.70320e+13    4.99234e-01
    2.39924e+14         1.61568e+13    4.99234e-01
    2.39924e+14         1.51841e+13    4.99234e-01
    2.39924e+14         1.40828e+13    4.99234e-01
    2.39924e+14         1.28026e+13    4.99234e-01
    2.39924e+14         1.20281e+13    4.99234e-01
    2.39924e+14         1.11506e+13    4.99234e-01
    2.39924e+14         1.01295e+13    4.99234e-01
    2.39924e+14         9.51088e+12    4.99234e-01
    2.39924e+14         8.80916e+12    4.99234e-01
    2.39924e+14         7.99118e+12    4.99234e-01
    2.39924e+14         7.49418e+12    4.99234e-01
    2.39924e+14         6.92907e+12    4.99234e-01
    2.39924e+14         6.26803e+12    4.99234e-01
    2.39924e+14         5.86412e+12    4.99234e-01
    2.39924e+14         5.40265e+12    4.99234e-01
    2.39924e+14         5.13081e+12    4.99234e-01
    2.39924e+14         4.82941e+12    4.99234e-01
    2.39924e+14         4.48921e+12    4.99234e-01
    2.39924e+14         4.09550e+12    4.99234e-01
    2.39924e+14         3.85897e+12    4.99234e-01
    2.39924e+14         3.59257e+12    4.99234e-01
    2.39924e+14         3.28519e+12    4.99234e-01
    2.39924e+14         3.10139e+12    4.99234e-01
    2.39924e+14         2.89516e+12    4.99234e-01
    2.39924e+14         2.65851e+12    4.99234e-01
    2.39924e+14         2.51818e+12    4.99234e-01
    2.39924e+14         2.36177e+12    4.99234e-01
    2.39924e+14         2.18396e+12    4.99234e-01
    2.39924e+14         1.97602e+12    4.99234e-01
    2.39924e+14         1.84901e+12    4.99234e-01
    2.39924e+14         1.70396e+12    4.99234e-01
    2.39924e+14         1.61856e+12    4.99234e-01
    2.39924e+14         1.52392e+12    4.99234e-01
    2.39924e+14         1.41715e+12    4.99234e-01
    2.39924e+14         1.29368e+12    4.99234e-01
    2.39924e+14         1.21961e+12    4.99234e-01
    2.39924e+14         1.13626e+12    4.99234e-01
    2.39924e+14         1.04023e+12    4.99234e-01
    2.39924e+14         9.82948e+11    4.99234e-01
    2.39924e+14         9.18790e+11    4.99234e-01
    2.39924e+14         8.45359e+11    4.99234e-01
    2.39924e+14         8.01989e+11    4.99234e-01
    2.39924e+14         7.53800e+11    4.99234e-01
    2.39924e+14         6.99254e+11    4.99234e-01
    2.39924e+14         6.35865e+11    4.99234e-01
    2.39924e+14         5.97537e+11    4.99234e-01
    2.39924e+14         5.54134e+11    4.99234e-01
    2.39924e+14         5.03666e+11    4.99234e-01
    2.39924e+14         4.73121e+11    4.99234e-01
    2.39924e+14         4.38506e+11    4.99234e-01
    2.39924e+14         3.98209e+11    4.99234e-01
    2.39924e+14         3.73777e+11    4.99234e-01
    2.39924e+14         3.46046e+11    4.99234e-01
    2.39924e+14         3.13692e+11    4.99234e-01
    2.39924e+14         2.94006e+11    4.99234e-01
    2.39924e+14         2.71596e+11    4.99234e-01
    2.39924e+14         2.45335e+11    4.99234e-01
    2.39924e+14         2.29243e+11    4.99234e-01
    2.39924e+14         2.10812e+11    4.99234e-01
    2.39924e+14         1.99915e+11    4.99234e-01
    2.39924e+14         1.87798e+11    4.99234e-01
    2.39924e+14         1.74066e+11    4.99234e-01
    2.39924e+14         1.58083e+11    4.99234e-01
    2.39924e+14         1.48394e+11    4.99234e-01
    2.39924e+14         1.37397e+11    4.99234e-01
    2.39924e+14         1.24571e+11    4.99234e-01
    2.39924e+14         1.16769e+11    4.99234e-01
    2.39924e+14         1.07889e+11    4.99234e-01
    2.39924e+14         9.74881e+10    4.99234e-01
    2.39924e+14         9.11186e+10    4.99234e-01
    2.39924e+14         8.38275e+10    4.99234e-01
    2.39924e+14         7.95202e+10    4.99234e-01
    2.39924e+14         7.47336e+10    4.99234e-01
    2.39924e+14         6.93142e+10    4.99234e-01
    2.39924e+14         6.30143e+10    4.99234e-01
    2.39924e+14         5.92031e+10    4.99234e-01
    2.39924e+14         5.48853e+10    4.99234e-01
    2.39924e+14         4.98614e+10    4.99234e-01
    2.39924e+14         4.68178e+10    4.99234e-01
    2.39924e+14         4.33656e+10    4.99234e-01
    2.39924e+14         3.93419e+10    4.99234e-01
    2.39924e+14         3.68974e+10    4.99234e-01
    2.39924e+14         3.41184e+10    4.99234e-01
    2.39924e+14         3.08681e+10    4.99234e-01
    2.39924e+14         2.88828e+10    4.99234e-01
    2.39924e+14         2.66151e+10    4.99234e-01
    2.39924e+14         2.52798e+10    4.99234e-01
    2.39924e+14         2.37997e+10    4.99234e-01
    2.39924e+14         2.21299e+10    4.99234e-01
    2.39924e+14         2.01985e+10    4.99234e-01
    2.39924e+14         1.90393e+10    4.99234e-01
    2.39924e+14         1.77346e+10    4.99234e-01
    2.39924e+14         1.62309e+10    4.99234e-01
    2.39924e+14         1.53333e+10    4.99234e-01
    2.39924e+14         1.43275e+10    4.99234e-01
    2.39924e+14         1.31756e+10    4.99234e-01
    2.39924e+14         1.24945e+10    4.99234e-01
    2.39924e+14         1.17372e+10    4.99234e-01
    2.39924e+14         1.08789e+10    4.99234e-01
    2.39924e+14         9.87993e+09    4.99234e-01
    2.39924e+14         9.27431e+09    4.99234e-01
    2.39924e+14         8.58701e+09    4.99234e-01
    2.39924e+14         7.78528e+09    4.99234e-01
    2.39924e+14         7.29761e+09    4.99234e-01
    2.39924e+14         6.74258e+09    4.99234e-01
    2.39924e+14         6.09241e+09    4.99234e-01
    2.39924e+14         5.69423e+09    4.99234e-01
    2.39924e+14         5.23843e+09    4.99234e-01
    2.39924e+14         4.96914e+09    4.99234e-01
    2.39924e+14         4.66988e+09    4.99234e-01
    2.39924e+14         4.33102e+09    4.99234e-01
    2.39924e+14         3.93708e+09    4.99234e-01
    2.39924e+14         3.69871e+09    4.99234e-01
    2.39924e+14         3.42864e+09    4.99234e-01
    2.39924e+14         3.11433e+09    4.99234e-01
    2.39924e+14         2.92386e+09    4.99234e-01
    2.39924e+14         2.70777e+09    4.99234e-01
    2.39924e+14         2.45580e+09    4.99234e-01
    2.39924e+14         2.30265e+09    4.99234e-01
    2.39924e+14         2.12843e+09    4.99234e-01
    2.39924e+14         1.92454e+09    4.99234e-01
    2.39924e+14         1.79984e+09    4.99234e-01
    2.39924e+14         1.65727e+09    4.99234e-01
    2.39924e+14         1.57320e+09    4.99234e-01
    2.39924e+14         1.47989e+09    4.99234e-01
    2.39924e+14         1.37445e+09    4.99234e-01
    2.39924e+14         1.25221e+09    4.99234e-01
    2.39924e+14         1.17858e+09    4.99234e-01
    2.39924e+14         1.09545e+09    4.99234e-01
    2.39924e+14         9.99237e+08    4.99234e-01
    2.39924e+14         9.41418e+08    4.99234e-01
    2.39924e+14         8.76278e+08    4.99234e-01
    2.39924e+14         8.01094e+08    4.99234e-01
    2.39924e+14         7.56115e+08    4.99234e-01
    2.39924e+14         7.05625e+08    4.99234e-01
    2.39924e+14         6.47651e+08    4.99234e-01
    2.39924e+14         6.13243e+08    4.99234e-01
    2.39924e+14         5.74864e+08    4.99234e-01
    2.39924e+14         5.31191e+08    4.99234e-01
    2.39924e+14         4.80040e+08    4.99234e-01
    2.39924e+14         4.48725e+08    4.99234e-01
    2.39924e+14         4.12885e+08    4.99234e-01
    2.39924e+14         3.91720e+08    4.99234e-01
    2.39924e+14         3.68205e+08    4.99234e-01
    2.39924e+14         3.41591e+08    4.99234e-01
    2.39924e+14         3.10669e+08    4.99234e-01
    2.39924e+14         2.91976e+08    4.99234e-01
    2.39924e+14         2.70814e+08    4.99234e-01
    2.39924e+14         2.46215e+08    4.99234e-01
    2.39924e+14         2.31335e+08    4.99234e-01
    2.39924e+14         2.14479e+08    4.99234e-01
    2.39924e+14         1.94870e+08    4.99234e-01
    2.39924e+14         1.82993e+08    4.99234e-01
    2.39924e+14         1.69524e+08    4.99234e-01
    2.39924e+14         1.53830e+08    4.99234e-01
    2.39924e+14         1.44300e+08    4.99234e-01
    2.39924e+14         1.33470e+08    4.99234e-01
    2.39924e+14         1.20811e+08    4.99234e-01
    2.39924e+14         1.13085e+08    4.99234e-01
    2.39924e+14         1.04268e+08    4.99234e-01
    2.39924e+14         9.38965e+07    4.99234e-01
    2.39924e+14         8.75020e+07    4.99234e-01
    2.39924e+14         8.01387e+07    4.99234e-01
    2.39924e+14         7.57494e+07    4.99234e-01
    2.39924e+14         7.08367e+07    4.99234e-01
    2.39924e+14         6.52189e+07    4.99234e-01
    2.39924e+14         6.19053e+07    4.99234e-01
    2.39924e+14         5.82274e+07    4.99234e-01
    2.39924e+14         5.40703e+07    4.99234e-01
    2.39924e+14         4.92494e+07    4.99234e-01
    2.39924e+14         4.63439e+07    4.99234e-01
    2.39924e+14         4.30627e+07    4.99234e-01
    2.39924e+14         3.92624e+07    4.99234e-01
    2.39924e+14         3.69766e+07    4.99234e-01
    2.39924e+14         3.43995e+07    4.99234e-01
    2.39924e+14         3.14217e+07    4.99234e-01
    2.39924e+14         2.96373e+07    4.99234e-01
    2.39924e+14         2.76315e+07    4.99234e-01
    2.39924e+14         2.53240e+07    4.99234e-01
    2.39924e+14         2.39503e+07    4.99234e-01
    2.39924e+14         2.24146e+07    4.99234e-01
    2.39924e+14         2.06613e+07    4.99234e-01
    2.39924e+14         1.85978e+07    4.99234e-01
    2.39924e+14         1.73243e+07    4.99234e-01
    2.39924e+14         1.58568e+07    4.99234e-01
    2.39924e+14         1.49809e+07    4.99234e-01
    2.39924e+14         1.39996e+07    4.99234e-01
    2.39924e+14         1.28760e+07    4.99234e-01
    2.39924e+14         1.22118e+07    4.99234e-01
    2.39924e+14         1.14734e+07    4.99234e-01
    2.39924e+14         1.06370e+07    4.99234e-01
    2.39924e+14         9.66376e+06    4.99234e-01
    2.39924e+14         9.07421e+06    4.99234e-01
    2.39924e+14         8.40557e+06    4.99234e-01
    2.39924e+14         7.62633e+06    4.99234e-01
    2.39924e+14         7.15301e+06    4.99234e-01
    2.39924e+14         6.61499e+06    4.99234e-01
    2.39924e+14         5.98589e+06    4.99234e-01
    2.39924e+14         5.60175e+06    4.99234e-01
    2.39924e+14         5.16311e+06    4.99234e-01
    2.39924e+14         4.90495e+06    4.99234e-01
    2.39924e+14         4.61889e+06    4.99234e-01
    2.39924e+14         4.29631e+06    4.99234e-01
    2.39924e+14         3.92346e+06    4.99234e-01
    2.39924e+14         3.69992e+06    4.99234e-01
    2.39924e+14         3.44856e+06    4.99234e-01
    2.39924e+14         3.15922e+06    4.99234e-01
    2.39924e+14         2.98683e+06    4.99234e-01
    2.39924e+14         2.79397e+06    4.99234e-01
    2.39924e+14         2.57357e+06    4.99234e-01
    2.39924e+14         2.44369e+06    4.99234e-01
    2.39924e+14         2.29963e+06    4.99234e-01
    2.39924e+14         2.13696e+06    4.99234e-01
    2.39924e+14         1.94857e+06    4.99234e-01
    2.39924e+14         1.83529e+06    4.99234e-01
    2.39924e+14         1.70759e+06    4.99234e-01
    2.39924e+14         1.56008e+06    4.99234e-01
    2.39924e+14         1.47171e+06    4.99234e-01
    2.39924e+14         1.37242e+06    4.99234e-01
    2.39924e+14         1.25824e+06    4.99234e-01
    2.39924e+14         1.19031e+06    4.99234e-01
    2.39924e+14         1.11442e+06    4.99234e-01
    2.39924e+14         1.02783e+06    4.99234e-01
    2.39924e+14         9.26047e+05    4.99234e-01
    2.39924e+14         8.63350e+05    4.99234e-01
    2.39924e+14         7.91217e+05    4.99234e-01
    2.39924e+14         7.48274e+05    4.99234e-01
    2.39924e+14         7.00261e+05    4.99234e-01
    2.39924e+14         6.45439e+05    4.99234e-01
    2.39924e+14         5.80908e+05    4.99234e-01
    2.39924e+14         5.41076e+05    4.99234e-01
    2.39924e+14         4.95163e+05    4.99234e-01
    2.39924e+14         4.67752e+05    4.99234e-01
    2.39924e+14         4.37034e+05    4.99234e-01
    2.39924e+14         4.01847e+05    4.99234e-01
    2.39924e+14         3.81037e+05    4.99234e-01
    2.39924e+14         3.57892e+05    4.99234e-01
    2.39924e+14         3.31656e+05    4.99234e-01
    2.39924e+14         3.01106e+05    4.99234e-01
    2.39924e+14         2.82575e+05    4.99234e-01
    2.39924e+14         2.61532e+05    4.99234e-01
    2.39924e+14         2.36968e+05    4.99234e-01
    2.39924e+14         2.22007e+05    4.99234e-01
    2.39924e+14         2.04962e+05    4.99234e-01
    2.39924e+14         1.84964e+05    4.99234e-01
    2.39924e+14         1.72686e+05    4.99234e-01
    2.39924e+14         1.58600e+05    4.99234e-01
    2.39924e+14         1.50251e+05    4.99234e-01
    2.39924e+14         1.40948e+05    4.99234e-01
    2.39924e+14         1.30376e+05    4.99234e-01
    2.39924e+14         1.18020e+05    4.99234e-01
    2.39924e+14         1.10480e+05    4.99234e-01
    2.39924e+14         1.01877e+05    4.99234e-01
    2.39924e+14         9.17590e+04    4.99234e-01
    2.39924e+14         8.55230e+04    4.99234e-01
    2.39924e+14         7.83443e+04    4.99234e-01
    2.39924e+14         7.40670e+04    4.99234e-01
    2.39924e+14         6.92815e+04    4.99234e-01
    2.39924e+14         6.38120e+04    4.99234e-01
    2.39924e+14         6.05884e+04    4.99234e-01
    2.39924e+14         5.70126e+04    4.99234e-01
    2.39924e+14         5.29743e+04    4.99234e-01
    2.39924e+14         4.82967e+04    4.99234e-01
    2.39924e+14         4.54829e+04    4.99234e-01
    2.39924e+14         4.23103e+04    4.99234e-01
    2.39924e+14         3.86440e+04    4.99234e-01
    2.39924e+14         3.64465e+04    4.99234e-01
    2.39924e+14         3.39761e+04    4.99234e-01
    2.39924e+14         3.11333e+04    4.99234e-01
    2.39924e+14         2.94405e+04    4.99234e-01
    2.39924e+14         2.75474e+04    4.99234e-01
    2.39924e+14         2.53852e+04    4.99234e-01
    2.39924e+14         2.41120e+04    4.99234e-01
    2.39924e+14         2.27009e+04    4.99234e-01
    2.39924e+14         2.11089e+04    4.99234e-01
    2.39924e+14         1.92677e+04    4.99234e-01
    2.39924e+14         1.81628e+04    4.99234e-01
    2.39924e+14         1.69193e+04    4.99234e-01
    2.39924e+14         1.54864e+04    4.99234e-01
    2.39924e+14         1.46312e+04    4.99234e-01
    2.39924e+14         1.36731e+04    4.99234e-01
    2.39924e+14         1.25760e+04    4.99234e-01
    2.39924e+14         1.19276e+04    4.99234e-01
    2.39924e+14         1.12068e+04    4.99234e-01
    2.39924e+14         1.03902e+04    4.99234e-01
    2.39924e+14         9.44031e+03    4.99234e-01
    2.39924e+14         8.86495e+03    4.99234e-01
    2.39924e+14         8.21248e+03    4.99234e-01
    2.39924e+14         7.45223e+03    4.99234e-01
    2.39924e+14         6.99058e+03    4.99234e-01
    2.39924e+14         6.46595e+03    4.99234e-01
    2.39924e+14         5.85273e+03    4.99234e-01
    2.39924e+14         5.47851e+03    4.99234e-01
    2.39924e+14         5.05141e+03    4.99234e-01
    2.39924e+14         4.54904e+03    4.99234e-01
    2.39924e+14         4.23932e+03    4.99234e-01
    2.39924e+14         3.88268e+03    4.99234e-01
    2.39924e+14         3.67010e+03    4.99234e-01
    2.39924e+14         3.43217e+03    4.99234e-01
    2.39924e+14         3.16012e+03    4.99234e-01
    2.39924e+14         2.99967e+03    4.99234e-01
    2.39924e+14         2.82159e+03    4.99234e-01
    2.39924e+14         2.62032e+03    4.99234e-01
    2.39924e+14         2.38695e+03    4.99234e-01
    2.39924e+14         2.24633e+03    4.99234e-01
    2.39924e+14         2.08756e+03    4.99234e-01
    2.39924e+14         1.90371e+03    4.99234e-01
    2.39924e+14         1.79318e+03    4.99234e-01
    2.39924e+14         1.66860e+03    4.99234e-01
    2.39924e+14         1.52472e+03    4.99234e-01
    2.39924e+14         1.43856e+03    4.99234e-01
    2.39924e+14         1.34177e+03    4.99234e-01
    2.39924e+14         1.23052e+03    4.99234e-01
    2.39924e+14         1.16438e+03    4.99234e-01
    2.39924e+14         1.09051e+03    4.99234e-01
    2.39924e+14         1.00630e+03    4.99234e-01
    2.39924e+14         9.07405e+02    4.99234e-01
    2.39924e+14         8.46590e+02    4.99234e-01
    2.39924e+14         7.76724e+02    4.99234e-01
    2.39924e+14         7.35225e+02    4.99234e-01
    2.39924e+14         6.88908e+02    4.99234e-01
    2.39924e+14         6.36154e+02    4.99234e-01
    2.39924e+14         5.74287e+02    4.99234e-01
    2.39924e+14         5.36330e+02    4.99234e-01
    2.39924e+14         4.92810e+02    4.99234e-01
    2.39924e+14         4.67038e+02    4.99234e-01
    2.39924e+14         4.38342e+02    4.99234e-01
    2.39924e+14         4.05767e+02    4.99234e-01
    2.39924e+14         3.67750e+02    4.99234e-01
    2.39924e+14         3.44609e+02    4.99234e-01
    2.39924e+14         3.18256e+02    4.99234e-01
    2.39924e+14         2.87358e+02    4.99234e-01
    2.39924e+14         2.68407e+02    4.99234e-01
    2.39924e+14         2.46687e+02    4.99234e-01
    2.39924e+14         2.33830e+02    4.99234e-01
    2.39924e+14         2.19520e+02    4.99234e-01
    2.39924e+14         2.03284e+02    4.99234e-01
    2.39924e+14         1.84351e+02    4.99234e-01
    2.39924e+14         1.72840e+02    4.99234e-01
    2.39924e+14         1.59745e+02    4.99234e-01
    2.39924e+14         1.44415e+02    4.99234e-01
    2.39924e+14         1.35036e+02    4.99234e-01
    2.39924e+14         1.24310e+02    4.99234e-01
    2.39924e+14         1.17981e+02    4.99234e-01
    2.39924e+14         1.10954e+02    4.99234e-01
    2.39924e+14         1.03010e+02    4.99234e-01
    2.39924e+14         9.37935e+01    4.99234e-01
    2.39924e+14         8.82349e+01    4.99234e-01
    2.39924e+14         8.19539e+01    4.99234e-01
    2.39924e+14         7.46732e+01    4.99234e-01
    2.39924e+14         7.02884e+01    4.99234e-01
    2.39924e+14         6.53394e+01    4.99234e-01
    2.39924e+14         5.96124e+01    4.99234e-01
    2.39924e+14         5.61723e+01    4.99234e-01
    2.39924e+14         5.22979e+01    4.99234e-01
    2.39924e+14         4.78281e+01    4.99234e-01
    2.39924e+14         4.51560e+01    4.99234e-01
    2.39924e+14         4.21583e+01    4.99234e-01
    2.39924e+14         3.87192e+01    4.99234e-01
    2.39924e+14         3.66806e+01    4.99234e-01
    2.39924e+14         3.44090e+01    4.99234e-01
    2.39924e+14         3.18277e+01    4.99234e-01
    2.39924e+14         2.88107e+01    4.99234e-01
    2.39924e+14         2.69697e+01    4.99234e-01
    2.39924e+14         2.48687e+01    4.99234e-01
    2.39924e+14         2.23979e+01    4.99234e-01
    2.39924e+14         2.08748e+01    4.99234e-01
    2.39924e+14         1.91214e+01    4.99234e-01
    2.39924e+14         1.80765e+01    4.99234e-01
    2.39924e+14         1.69074e+01    4.99234e-01
    2.39924e+14         1.55709e+01    4.99234e-01
    2.39924e+14         1.47831e+01    4.99234e-01
    2.39924e+14         1.39090e+01    4.99234e-01
    2.39924e+14         1.29217e+01    4.99234e-01
    2.39924e+14         1.17777e+01    4.99234e-01
    2.39924e+14         1.10891e+01    4.99234e-01
    2.39924e+14         1.03125e+01    4.99234e-01
    2.39924e+14         9.41439e+00    4.99234e-01
    2.39924e+14         8.87559e+00    4.99234e-01
    2.39924e+14         8.26939e+00    4.99234e-01
    2.39924e+14         7.57106e+00    4.99234e-01
    2.39924e+14         7.15451e+00    4.99234e-01
    2.39924e+14         6.68804e+00    4.99234e-01
    2.39924e+14         6.15424e+00    4.99234e-01
    2.39924e+14         5.83903e+00    4.99234e-01
    2.39924e+14         5.48886e+00    4.99234e-01
    2.39924e+14         5.09260e+00    4.99234e-01
    2.39924e+14         4.63227e+00    4.99234e-01
    2.39924e+14         4.35408e+00    4.99234e-01
    2.39924e+14         4.03922e+00    4.99234e-01
    2.39924e+14         3.67335e+00    4.99234e-01
    2.39924e+14         3.45216e+00    4.99234e-01
    2.39924e+14         3.20172e+00    4.99234e-01
    2.39924e+14         2.91056e+00    4.99234e-01
    2.39924e+14         2.73440e+00    4.99234e-01
    2.39924e+14         2.53481e+00    4.99234e-01
    2.39924e+14         2.30256e+00    4.99234e-01
    2.39924e+14         2.16182e+00    4.99234e-01
    2.39924e+14         2.00216e+00    4.99234e-01
    2.39924e+14         1.81603e+00    4.99234e-01
    2.39924e+14         1.70290e+00    4.99234e-01
    2.39924e+14         1.57425e+00    4.99234e-01
    2.39924e+14         1.42371e+00    4.99234e-01
    2.39924e+14         1.33168e+00    4.99234e-01
    2.39924e+14         1.22649e+00    4.99234e-01
    2.39924e+14         1.16449e+00    4.99234e-01
    2.39924e+14         1.09571e+00    4.99234e-01
    2.39924e+14         1.01802e+00    4.99234e-01
    2.39924e+14         9.28024e-01    4.99234e-01
    2.39924e+14         8.73875e-01    4.99234e-01
    2.39924e+14         8.12807e-01    4.99234e-01
    2.39924e+14         7.42218e-01    4.99234e-01
    2.39924e+14         6.99891e-01    4.99234e-01
    2.39924e+14         6.52290e-01    4.99234e-01
    2.39924e+14         5.97488e-01    4.99234e-01
    2.39924e+14         5.64830e-01    4.99234e-01
    2.39924e+14         5.28286e-01    4.99234e-01
    2.39924e+14         4.86511e-01    4.99234e-01
    2.39924e+14         4.61883e-01    4.99234e-01
    2.39924e+14         4.34558e-01    4.99234e-01
    2.39924e+14         4.03689e-01    4.99234e-01
    2.39924e+14         3.67918e-01    4.99234e-01
    2.39924e+14         3.46386e-01    4.99234e-01
    2.39924e+14         3.22094e-01    4.99234e-01
    2.39924e+14         2.93999e-01    4.99234e-01
    2.39924e+14         2.77139e-01    4.99234e-01
    2.39924e+14         2.58165e-01    4.99234e-01
    2.39924e+14         2.36299e-01    4.99234e-01
    2.39924e+14         2.23249e-01    4.99234e-01
    2.39924e+14         2.08629e-01    4.99234e-01
    2.39924e+14         1.91888e-01    4.99234e-01
    2.39924e+14         1.81993e-01    4.99234e-01
    2.39924e+14         1.70993e-01    4.99234e-01
    2.39924e+14         1.58532e-01    4.99234e-01
    2.39924e+14         1.44036e-01    4.99234e-01
    2.39924e+14         1.35255e-01    4.99234e-01
    2.39924e+14         1.25297e-01    4.99234e-01
    2.39924e+14         1.13694e-01    4.99234e-01
    2.39924e+14         1.06647e-01    4.99234e-01
    2.39924e+14         9.86389e-02    4.99234e-01
    2.39924e+14         8.92774e-02    4.99234e-01
    2.39924e+14         8.35636e-02    4.99234e-01
    2.39924e+14         7.70417e-02    4.99234e-01
    2.39924e+14         6.93688e-02    4.99234e-01
    2.39924e+14         6.46367e-02    4.99234e-01
    2.39924e+14         5.91864e-02    4.99234e-01
    2.39924e+14         5.59362e-02    4.99234e-01
    2.39924e+14         5.22974e-02    4.99234e-01
    2.39924e+14         4.81345e-02    4.99234e-01
    2.39924e+14         4.56775e-02    4.99234e-01
    2.39924e+14         4.29491e-02    4.99234e-01
    2.39924e+14         3.98629e-02    4.99234e-01
    2.39924e+14         3.62805e-02    4.99234e-01
    2.39924e+14         3.41180e-02    4.99234e-01
    2.39924e+14         3.16728e-02    4.99234e-01
    2.39924e+14         2.88354e-02    4.99234e-01
    2.39924e+14         2.71238e-02    4.99234e-01
    2.39924e+14         2.51894e-02    4.99234e-01
    2.39924e+14         2.29464e-02    4.99234e-01
    2.39924e+14         2.15949e-02    4.99234e-01
    2.39924e+14         2.00690e-02    4.99234e-01
    2.39924e+14         1.83023e-02    4.99234e-01
    2.39924e+14         1.72401e-02    4.99234e-01
    2.39924e+14         1.60430e-02    4.99234e-01
    2.39924e+14         1.46607e-02    4.99234e-01
    2.39924e+14         1.38330e-02    4.99234e-01
    2.39924e+14         1.29033e-02    4.99234e-01
    2.39924e+14         1.18348e-02    4.99234e-01
    2.39924e+14         1.11997e-02    4.99234e-01
    2.39924e+14         1.04906e-02    4.99234e-01
    2.39924e+14         9.68238e-03    4.99234e-01
    2.39924e+14         8.73358e-03    4.99234e-01
    2.39924e+14         8.15050e-03    4.99234e-01
    2.39924e+14         7.48102e-03    4.99234e-01
    2.39924e+14         7.08368e-03    4.99234e-01
    2.39924e+14         6.64052e-03    4.99234e-01
    2.39924e+14         6.13623e-03    4.99234e-01
    2.39924e+14         5.54566e-03    4.99234e-01
    2.39924e+14         5.18413e-03    4.99234e-01
    2.39924e+14         4.77042e-03    4.99234e-01
    2.39924e+14         4.52612e-03    4.99234e-01
    2.39924e+14         4.25475e-03    4.99234e-01
    2.39924e+14         3.94766e-03    4.99234e-01
    2.39924e+14         3.59093e-03    4.99234e-01
    2.39924e+14         3.37536e-03    4.99234e-01
    2.39924e+14         3.13138e-03    4.99234e-01
    2.39924e+14         2.84791e-03    4.99234e-01
    2.39924e+14         2.67655e-03    4.99234e-01
    2.39924e+14         2.48254e-03    4.99234e-01
    2.39924e+14         2.25703e-03    4.99234e-01
    2.39924e+14         2.12062e-03    4.99234e-01
    2.39924e+14         1.96610e-03    4.99234e-01
    2.39924e+14         1.78632e-03    4.99234e-01
    2.39924e+14         1.67744e-03    4.99234e-01
    2.39924e+14         1.55395e-03    4.99234e-01
    2.39924e+14         1.41007e-03    4.99234e-01
    2.39924e+14         1.32269e-03    4.99234e-01
    2.39924e+14         1.22339e-03    4.99234e-01
    2.39924e+14         1.10731e-03    4.99234e-01
    2.39924e+14         1.03647e-03    4.99234e-01
    2.39924e+14         9.55610e-04    4.99234e-01
    2.39924e+14         8.60489e-04    4.99234e-01
    2.39924e+14         8.01832e-04    4.99234e-01
    2.39924e+14         7.34279e-04    4.99234e-01
    2.39924e+14         6.94002e-04    4.99234e-01
    2.39924e+14         6.48914e-04    4.99234e-01
    2.39924e+14         5.97343e-04    4.99234e-01
    2.39924e+14         5.66913e-04    4.99234e-01
    2.39924e+14         5.33129e-04    4.99234e-01
    2.39924e+14         4.94927e-04    4.99234e-01
    2.39924e+14         4.50600e-04    4.99234e-01
    2.39924e+14         4.23862e-04    4.99234e-01
    2.39924e+14         3.93643e-04    4.99234e-01
    2.39924e+14         3.58607e-04    4.99234e-01
    2.39924e+14         3.37499e-04    4.99234e-01
    2.39924e+14         3.13668e-04    4.99234e-01
    2.39924e+14         2.86078e-04    4.99234e-01
    2.39924e+14         2.69494e-04    4.99234e-01
    2.39924e+14         2.50806e-04    4.99234e-01
    2.39924e+14         2.29229e-04    4.99234e-01
    2.39924e+14         2.16314e-04    4.99234e-01
    2.39924e+14         2.01811e-04    4.99234e-01
    2.39924e+14         1.85149e-04    4.99234e-01
    2.39924e+14         1.75251e-04    4.99234e-01
    2.39924e+14         1.64203e-04    4.99234e-01
    2.39924e+14         1.51618e-04    4.99234e-01
    2.39924e+14         1.36858e-04    4.99234e-01
    2.39924e+14         1.27800e-04    4.99234e-01
    2.39924e+14         1.17413e-04    4.99234e-01
    2.39924e+14         1.11259e-04    4.99234e-01
    2.39924e+14         1.04406e-04    4.99234e-01
    2.39924e+14         9.66246e-05    4.99234e-01
    2.39924e+14         8.75388e-05    4.99234e-01
    2.39924e+14         8.20039e-05    4.99234e-01
    2.39924e+14         7.56966e-05    4.99234e-01
    2.39924e+14         6.82945e-05    4.99234e-01
    2.39924e+14         6.37476e-05    4.99234e-01
    2.39924e+14         5.85291e-05    4.99234e-01
    2.39924e+14         5.54337e-05    4.99234e-01
    2.39924e+14         5.19831e-05    4.99234e-01
    2.39924e+14         4.80591e-05    4.99234e-01
    2.39924e+14         4.34682e-05    4.99234e-01
    2.39924e+14         4.06623e-05    4.99234e-01
    2.39924e+14         3.74557e-05    4.99234e-01
    2.39924e+14         3.55662e-05    4.99234e-01
    2.39924e+14         3.34706e-05    4.99234e-01
    2.39924e+14         3.11043e-05    4.99234e-01
    2.39924e+14         2.83643e-05    4.99234e-01
    2.39924e+14         2.67168e-05    4.99234e-01
    2.39924e+14         2.48599e-05    4.99234e-01


