              t                   M              a
    1.23833e-21         1.00000e+17    8.00000e-01
    2.47665e-21         1.00000e+17    8.00000e-01
    4.95331e-21         1.00000e+17    8.00000e-01
    9.90662e-21         1.00000e+17    8.00000e-01
    1.98132e-20         1.00000e+17    8.00000e-01
    3.96265e-20         1.00000e+17    8.00000e-01
    7.92530e-20         1.00000e+17    8.00000e-01
    1.58506e-19         1.00000e+17    8.00000e-01
    3.17012e-19         1.00000e+17    8.00000e-01
    6.34024e-19         1.00000e+17    8.00000e-01
    1.26805e-18         1.00000e+17    8.00000e-01
    2.53609e-18         1.00000e+17    8.00000e-01
    5.07219e-18         1.00000e+17    8.00000e-01
    1.01444e-17         1.00000e+17    8.00000e-01
    2.02888e-17         1.00000e+17    8.00000e-01
    4.05775e-17         1.00000e+17    8.00000e-01
    8.11550e-17         1.00000e+17    8.00000e-01
    1.62310e-16         1.00000e+17    8.00000e-01
    3.24620e-16         1.00000e+17    8.00000e-01
    6.49240e-16         1.00000e+17    8.00000e-01
    1.29848e-15         1.00000e+17    8.00000e-01
    2.59696e-15         1.00000e+17    8.00000e-01
    5.19392e-15         1.00000e+17    8.00000e-01
    1.03878e-14         1.00000e+17    8.00000e-01
    2.07757e-14         1.00000e+17    8.00000e-01
    4.15514e-14         1.00000e+17    8.00000e-01
    8.31027e-14         1.00000e+17    8.00000e-01
    1.66205e-13         1.00000e+17    8.00000e-01
    3.32411e-13         1.00000e+17    8.00000e-01
    6.64822e-13         1.00000e+17    8.00000e-01
    1.32964e-12         1.00000e+17    8.00000e-01
    2.65929e-12         1.00000e+17    8.00000e-01
    5.31858e-12         1.00000e+17    8.00000e-01
    1.06372e-11         1.00000e+17    8.00000e-01
    2.12743e-11         1.00000e+17    8.00000e-01
    4.25486e-11         1.00000e+17    8.00000e-01
    8.50972e-11         1.00000e+17    8.00000e-01
    1.70194e-10         1.00000e+17    8.00000e-01
    3.40389e-10         1.00000e+17    8.00000e-01
    6.80778e-10         1.00000e+17    8.00000e-01
    1.36156e-09         1.00000e+17    8.00000e-01
    2.72311e-09         1.00000e+17    8.00000e-01
    5.44622e-09         1.00000e+17    8.00000e-01
    1.08924e-08         1.00000e+17    8.00000e-01
    2.17849e-08         1.00000e+17    8.00000e-01
    4.35698e-08         1.00000e+17    8.00000e-01
    8.71395e-08         1.00000e+17    8.00000e-01
    1.74279e-07         1.00000e+17    8.00000e-01
    3.48558e-07         1.00000e+17    8.00000e-01
    6.97116e-07         1.00000e+17    8.00000e-01
    1.39423e-06         1.00000e+17    8.00000e-01
    2.78847e-06         1.00000e+17    8.00000e-01
    5.57693e-06         1.00000e+17    8.00000e-01
    1.11539e-05         1.00000e+17    8.00000e-01
    2.23077e-05         1.00000e+17    8.00000e-01
    4.46154e-05         1.00000e+17    8.00000e-01
    8.92309e-05         1.00000e+17    8.00000e-01
    1.78462e-04         1.00000e+17    8.00000e-01
    3.56924e-04         1.00000e+17    8.00000e-01
    7.13847e-04         1.00000e+17    8.00000e-01
    1.42769e-03         1.00000e+17    8.00000e-01
    2.85539e-03         1.00000e+17    8.00000e-01
    5.71078e-03         1.00000e+17    8.00000e-01
    1.14216e-02         1.00000e+17    8.00000e-01
    2.28431e-02         1.00000e+17    8.00000e-01
    4.56862e-02         1.00000e+17    8.00000e-01
    9.13724e-02         1.00000e+17    8.00000e-01
    1.82745e-01         1.00000e+17    8.00000e-01
    3.65490e-01         1.00000e+17    8.00000e-01
    7.30979e-01         1.00000e+17    8.00000e-01
    1.46196e+00         1.00000e+17    8.00000e-01
    2.92392e+00         1.00000e+17    8.00000e-01
    5.84784e+00         1.00000e+17    8.00000e-01
    1.16957e+01         1.00000e+17    8.00000e-01
    2.33913e+01         1.00000e+17    8.00000e-01
    4.67827e+01         1.00000e+17    8.00000e-01
    9.35654e+01         1.00000e+17    8.00000e-01
    1.87131e+02         1.00000e+17    8.00000e-01
    3.74261e+02         1.00000e+17    8.00000e-01
    7.48523e+02         1.00000e+17    8.00000e-01
    1.49705e+03         1.00000e+17    8.00000e-01
    2.99409e+03         1.00000e+17    8.00000e-01
    5.98818e+03         1.00000e+17    8.00000e-01
    1.19764e+04         1.00000e+17    8.00000e-01
    2.39527e+04         1.00000e+17    8.00000e-01
    4.79055e+04         1.00000e+17    8.00000e-01
    9.58109e+04         1.00000e+17    8.00000e-01
    1.91622e+05         1.00000e+17    8.00000e-01
    3.83244e+05         1.00000e+17    8.00000e-01
    7.66488e+05         1.00000e+17    8.00000e-01
    1.53298e+06         1.00000e+17    8.00000e-01
    3.06595e+06         1.00000e+17    8.00000e-01
    6.13190e+06         1.00000e+17    8.00000e-01
    1.22638e+07         1.00000e+17    8.00000e-01
    2.45276e+07         1.00000e+17    8.00000e-01
    4.90552e+07         1.00000e+17    8.00000e-01
    9.81104e+07         1.00000e+17    8.00000e-01
    1.96221e+08         1.00000e+17    8.00000e-01
    3.92442e+08         1.00000e+17    8.00000e-01
    7.84883e+08         1.00000e+17    8.00000e-01
    1.56977e+09         1.00000e+17    8.00000e-01
    3.13953e+09         1.00000e+17    8.00000e-01
    6.27907e+09         1.00000e+17    8.00000e-01
    1.25581e+10         1.00000e+17    8.00000e-01
    2.51163e+10         1.00000e+17    7.99999e-01
    5.02325e+10         9.99999e+16    7.99999e-01
    1.00465e+11         9.99998e+16    7.99998e-01
    2.00930e+11         9.99996e+16    7.99996e-01
    4.01860e+11         9.99993e+16    7.99992e-01
    8.03720e+11         9.99985e+16    7.99984e-01
    1.60744e+12         9.99971e+16    7.99967e-01
    3.21488e+12         9.99942e+16    7.99934e-01
    6.42976e+12         9.99883e+16    7.99868e-01
    1.28595e+13         9.99767e+16    7.99737e-01
    2.57191e+13         9.99533e+16    7.99474e-01
    5.14381e+13         9.99067e+16    7.98949e-01
    1.02876e+14         9.98135e+16    7.97902e-01
    2.05752e+14         9.96276e+16    7.95819e-01
    4.11505e+14         9.92576e+16    7.91697e-01
    8.23010e+14         9.85246e+16    7.83625e-01
    1.64602e+15         9.70689e+16    7.68023e-01
    2.46903e+15         9.56296e+16    7.53460e-01
    3.29204e+15         9.42029e+16    7.39865e-01
    4.11505e+15         9.27663e+16    7.26968e-01
    4.93806e+15         9.13178e+16    7.14739e-01
    5.76107e+15         8.98518e+16    7.03117e-01
    6.58408e+15         8.83580e+16    6.91991e-01
    7.40709e+15         8.68332e+16    6.81344e-01
    8.23010e+15         8.52739e+16    6.71156e-01
    9.05311e+15         8.36663e+16    6.61338e-01
    9.87612e+15         8.20057e+16    6.51877e-01
    1.06991e+16         8.02866e+16    6.42764e-01
    1.15221e+16         7.85025e+16    6.33937e-01
    1.23451e+16         7.66459e+16    6.25267e-01
    1.31682e+16         7.47083e+16    6.16749e-01
    1.39912e+16         7.26790e+16    6.08377e-01
    1.48142e+16         7.05447e+16    6.00147e-01
    1.56372e+16         6.82801e+16    5.92074e-01
    1.64602e+16         6.58637e+16    5.84151e-01
    1.72832e+16         6.32678e+16    5.76369e-01
    1.81062e+16         6.04554e+16    5.68721e-01
    1.89292e+16         5.73789e+16    5.61057e-01
    1.97522e+16         5.39702e+16    5.53204e-01
    2.05752e+16         5.01249e+16    5.45103e-01
    2.13983e+16         4.56762e+16    5.36665e-01
    2.18098e+16         4.30031e+16    5.32211e-01
    2.22213e+16         3.99872e+16    5.27549e-01
    2.26328e+16         3.64988e+16    5.22616e-01
    2.28385e+16         3.44048e+16    5.19964e-01
    2.30443e+16         3.20481e+16    5.17173e-01
    2.32500e+16         2.93317e+16    5.14202e-01
    2.33529e+16         2.77101e+16    5.12596e-01
    2.34558e+16         2.58931e+16    5.10902e-01
    2.35587e+16         2.38121e+16    5.09096e-01
    2.36101e+16         2.25816e+16    5.08120e-01
    2.36615e+16         2.12134e+16    5.07091e-01
    2.37130e+16         1.96630e+16    5.05997e-01
    2.37644e+16         1.78584e+16    5.04819e-01
    2.37901e+16         1.67644e+16    5.04173e-01
    2.38158e+16         1.55230e+16    5.03485e-01
    2.38416e+16         1.40751e+16    5.02741e-01
    2.38544e+16         1.31945e+16    5.02332e-01
    2.38673e+16         1.21924e+16    5.01895e-01
    2.38801e+16         1.10189e+16    5.01422e-01
    2.38866e+16         1.03004e+16    5.01160e-01
    2.38930e+16         9.47824e+15    5.00879e-01
    2.38962e+16         8.99274e+15    5.00727e-01
    2.38994e+16         8.45340e+15    5.00565e-01
    2.39026e+16         7.84305e+15    5.00393e-01
    2.39059e+16         7.13399e+15    5.00208e-01
    2.39075e+16         6.70548e+15    5.00106e-01
    2.39091e+16         6.22046e+15    4.99997e-01
    2.39107e+16         5.65684e+15    4.99879e-01
    2.39115e+16         5.31608e+15    4.99812e-01
    2.39123e+16         4.93023e+15    4.99741e-01
    2.39131e+16         4.48161e+15    4.99662e-01
    2.39135e+16         4.21015e+15    4.99618e-01
    2.39139e+16         3.90255e+15    4.99570e-01
    2.39143e+16         3.54454e+15    4.99518e-01
    2.39145e+16         3.32756e+15    4.99488e-01
    2.39147e+16         3.08135e+15    4.99456e-01
    2.39149e+16         2.79422e+15    4.99421e-01
    2.39150e+16         2.61963e+15    4.99401e-01
    2.39151e+16         2.42100e+15    4.99379e-01
    2.39152e+16         2.18843e+15    4.99356e-01
    2.39153e+16         2.04612e+15    4.99342e-01
    2.39153e+16         1.88332e+15    4.99328e-01
    2.39153e+16         1.78724e+15    4.99320e-01
    2.39154e+16         1.68056e+15    4.99311e-01
    2.39154e+16         1.55990e+15    4.99301e-01
    2.39154e+16         1.41985e+15    4.99291e-01
    2.39154e+16         1.33533e+15    4.99285e-01
    2.39154e+16         1.23977e+15    4.99279e-01
    2.39154e+16         1.12891e+15    4.99272e-01
    2.39154e+16         1.06206e+15    4.99269e-01
    2.39155e+16         9.86530e+14    4.99264e-01
    2.39155e+16         8.98992e+14    4.99260e-01
    2.39155e+16         8.46284e+14    4.99257e-01
    2.39155e+16         7.86806e+14    4.99255e-01
    2.39155e+16         7.17996e+14    4.99252e-01
    2.39155e+16         6.76680e+14    4.99250e-01
    2.39155e+16         6.30165e+14    4.99248e-01
    2.39155e+16         5.76530e+14    4.99246e-01
    2.39155e+16         5.44490e+14    4.99245e-01
    2.39155e+16         5.08569e+14    4.99244e-01
    2.39155e+16         4.67395e+14    4.99242e-01
    2.39155e+16         4.43021e+14    4.99242e-01
    2.39155e+16         4.15891e+14    4.99241e-01
    2.39155e+16         3.85105e+14    4.99240e-01
    2.39155e+16         3.49202e+14    4.99239e-01
    2.39155e+16         3.27369e+14    4.99239e-01
    2.39155e+16         3.02526e+14    4.99238e-01
    2.39155e+16         2.73436e+14    4.99238e-01
    2.39155e+16         2.55632e+14    4.99237e-01
    2.39155e+16         2.35261e+14    4.99237e-01
    2.39155e+16         2.23235e+14    4.99237e-01
    2.39155e+16         2.09879e+14    4.99236e-01
    2.39155e+16         1.94769e+14    4.99236e-01
    2.39155e+16         1.77223e+14    4.99236e-01
    2.39155e+16         1.66627e+14    4.99236e-01
    2.39155e+16         1.54641e+14    4.99236e-01
    2.39155e+16         1.40724e+14    4.99235e-01
    2.39155e+16         1.32322e+14    4.99235e-01
    2.39155e+16         1.22818e+14    4.99235e-01
    2.39155e+16         1.11787e+14    4.99235e-01
    2.39155e+16         1.05129e+14    4.99235e-01
    2.39155e+16         9.76012e+13    4.99235e-01
    2.39155e+16         8.88672e+13    4.99235e-01
    2.39155e+16         8.35997e+13    4.99235e-01
    2.39155e+16         7.76475e+13    4.99235e-01
    2.39155e+16         7.07477e+13    4.99235e-01
    2.39155e+16         6.65921e+13    4.99235e-01
    2.39155e+16         6.19017e+13    4.99235e-01
    2.39155e+16         5.64735e+13    4.99235e-01
    2.39155e+16         5.32126e+13    4.99235e-01
    2.39155e+16         4.95398e+13    4.99235e-01
    2.39155e+16         4.53021e+13    4.99234e-01
    2.39155e+16         4.27684e+13    4.99234e-01
    2.39155e+16         3.99256e+13    4.99234e-01
    2.39155e+16         3.66635e+13    4.99234e-01
    2.39155e+16         3.47293e+13    4.99234e-01
    2.39155e+16         3.25736e+13    4.99234e-01
    2.39155e+16         3.01232e+13    4.99234e-01
    2.39155e+16         2.72579e+13    4.99234e-01
    2.39155e+16         2.55083e+13    4.99234e-01
    2.39155e+16         2.35104e+13    4.99234e-01
    2.39155e+16         2.23344e+13    4.99234e-01
    2.39155e+16         2.10314e+13    4.99234e-01
    2.39155e+16         1.95618e+13    4.99234e-01
    2.39155e+16         1.78632e+13    4.99234e-01
    2.39155e+16         1.68448e+13    4.99234e-01
    2.39155e+16         1.56994e+13    4.99234e-01
    2.39155e+16         1.43808e+13    4.99234e-01
    2.39155e+16         1.35950e+13    4.99234e-01
    2.39155e+16         1.27158e+13    4.99234e-01
    2.39155e+16         1.17108e+13    4.99234e-01
    2.39155e+16         1.11184e+13    4.99234e-01
    2.39155e+16         1.04611e+13    4.99234e-01
    2.39155e+16         9.71869e+12    4.99234e-01
    2.39155e+16         8.85848e+12    4.99234e-01
    2.39155e+16         8.34079e+12    4.99234e-01
    2.39155e+16         7.75684e+12    4.99234e-01
    2.39155e+16         7.08166e+12    4.99234e-01
    2.39155e+16         6.67663e+12    4.99234e-01
    2.39155e+16         6.22096e+12    4.99234e-01
    2.39155e+16         5.69610e+12    4.99234e-01
    2.39155e+16         5.38308e+12    4.99234e-01
    2.39155e+16         5.03260e+12    4.99234e-01
    2.39155e+16         4.63160e+12    4.99234e-01
    2.39155e+16         4.39488e+12    4.99234e-01
    2.39155e+16         4.13197e+12    4.99234e-01
    2.39155e+16         3.83454e+12    4.99234e-01
    2.39155e+16         3.48917e+12    4.99234e-01
    2.39155e+16         3.28062e+12    4.99234e-01
    2.39155e+16         3.04470e+12    4.99234e-01
    2.39155e+16         2.77081e+12    4.99234e-01
    2.39155e+16         2.60545e+12    4.99234e-01
    2.39155e+16         2.41844e+12    4.99234e-01
    2.39155e+16         2.20138e+12    4.99234e-01
    2.39155e+16         2.07040e+12    4.99234e-01
    2.39155e+16         1.92232e+12    4.99234e-01
    2.39155e+16         1.75054e+12    4.99234e-01
    2.39155e+16         1.64697e+12    4.99234e-01
    2.39155e+16         1.52997e+12    4.99234e-01
    2.39155e+16         1.39438e+12    4.99234e-01
    2.39155e+16         1.31276e+12    4.99234e-01
    2.39155e+16         1.22068e+12    4.99234e-01
    2.39155e+16         1.11418e+12    4.99234e-01
    2.39155e+16         1.05027e+12    4.99234e-01
    2.39155e+16         9.78336e+11    4.99234e-01
    2.39155e+16         8.95439e+11    4.99234e-01
    2.39155e+16         8.45960e+11    4.99234e-01
    2.39155e+16         7.90524e+11    4.99234e-01
    2.39155e+16         7.27041e+11    4.99234e-01
    2.39155e+16         6.89514e+11    4.99234e-01
    2.39155e+16         6.47792e+11    4.99234e-01
    2.39155e+16         6.00521e+11    4.99234e-01
    2.39155e+16         5.45516e+11    4.99234e-01
    2.39155e+16         5.12188e+11    4.99234e-01
    2.39155e+16         4.74381e+11    4.99234e-01
    2.39155e+16         4.30308e+11    4.99234e-01
    2.39155e+16         4.03526e+11    4.99234e-01
    2.39155e+16         3.73071e+11    4.99234e-01
    2.39155e+16         3.37441e+11    4.99234e-01
    2.39155e+16         3.15665e+11    4.99234e-01
    2.39155e+16         2.90782e+11    4.99234e-01
    2.39155e+16         2.76119e+11    4.99234e-01
    2.39155e+16         2.59858e+11    4.99234e-01
    2.39155e+16         2.41498e+11    4.99234e-01
    2.39155e+16         2.20241e+11    4.99234e-01
    2.39155e+16         2.07462e+11    4.99234e-01
    2.39155e+16         1.93059e+11    4.99234e-01
    2.39155e+16         1.76428e+11    4.99234e-01
    2.39155e+16         1.66470e+11    4.99234e-01
    2.39155e+16         1.55286e+11    4.99234e-01
    2.39155e+16         1.42433e+11    4.99234e-01
    2.39155e+16         1.34794e+11    4.99234e-01
    2.39155e+16         1.26265e+11    4.99234e-01
    2.39155e+16         1.16544e+11    4.99234e-01
    2.39155e+16         1.05135e+11    4.99234e-01
    2.39155e+16         9.81248e+10    4.99234e-01
    2.39155e+16         9.00773e+10    4.99234e-01
    2.39155e+16         8.53025e+10    4.99234e-01
    2.39155e+16         7.99781e+10    4.99234e-01
    2.39155e+16         7.39213e+10    4.99234e-01
    2.39155e+16         6.68312e+10    4.99234e-01
    2.39155e+16         6.24941e+10    4.99234e-01
    2.39155e+16         5.75341e+10    4.99234e-01
    2.39155e+16         5.46081e+10    4.99234e-01
    2.39155e+16         5.13601e+10    4.99234e-01
    2.39155e+16         4.76883e+10    4.99234e-01
    2.39155e+16         4.34293e+10    4.99234e-01
    2.39155e+16         4.08617e+10    4.99234e-01
    2.39155e+16         3.79612e+10    4.99234e-01
    2.39155e+16         3.46006e+10    4.99234e-01
    2.39155e+16         3.25780e+10    4.99234e-01
    2.39155e+16         3.02965e+10    4.99234e-01
    2.39155e+16         2.76585e+10    4.99234e-01
    2.39155e+16         2.60758e+10    4.99234e-01
    2.39155e+16         2.42953e+10    4.99234e-01
    2.39155e+16         2.22441e+10    4.99234e-01
    2.39155e+16         2.10207e+10    4.99234e-01
    2.39155e+16         1.96507e+10    4.99234e-01
    2.39155e+16         1.80830e+10    4.99234e-01
    2.39155e+16         1.71574e+10    4.99234e-01
    2.39155e+16         1.61292e+10    4.99234e-01
    2.39155e+16         1.49657e+10    4.99234e-01
    2.39155e+16         1.36143e+10    4.99234e-01
    2.39155e+16         1.27978e+10    4.99234e-01
    2.39155e+16         1.18738e+10    4.99234e-01
    2.39155e+16         1.08004e+10    4.99234e-01
    2.39155e+16         1.01517e+10    4.99234e-01
    2.39155e+16         9.41748e+09    4.99234e-01
    2.39155e+16         8.56428e+09    4.99234e-01
    2.39155e+16         8.04844e+09    4.99234e-01
    2.39155e+16         7.46437e+09    4.99234e-01
    2.39155e+16         6.78532e+09    4.99234e-01
    2.39155e+16         6.37444e+09    4.99234e-01
    2.39155e+16         5.90888e+09    4.99234e-01
    2.39155e+16         5.36707e+09    4.99234e-01
    2.39155e+16         5.03870e+09    4.99234e-01
    2.39155e+16         4.66615e+09    4.99234e-01
    2.39155e+16         4.23173e+09    4.99234e-01
    2.39155e+16         3.96763e+09    4.99234e-01
    2.39155e+16         3.66720e+09    4.99234e-01
    2.39155e+16         3.31554e+09    4.99234e-01
    2.39155e+16         3.10043e+09    4.99234e-01
    2.39155e+16         2.85443e+09    4.99234e-01
    2.39155e+16         2.70932e+09    4.99234e-01
    2.39155e+16         2.54825e+09    4.99234e-01
    2.39155e+16         2.36617e+09    4.99234e-01
    2.39155e+16         2.15499e+09    4.99234e-01
    2.39155e+16         2.02770e+09    4.99234e-01
    2.39155e+16         1.88391e+09    4.99234e-01
    2.39155e+16         1.71735e+09    4.99234e-01
    2.39155e+16         1.61713e+09    4.99234e-01
    2.39155e+16         1.50410e+09    4.99234e-01
    2.39155e+16         1.37344e+09    4.99234e-01
    2.39155e+16         1.29509e+09    4.99234e-01
    2.39155e+16         1.20698e+09    4.99234e-01
    2.39155e+16         1.10553e+09    4.99234e-01
    2.39155e+16         1.04507e+09    4.99234e-01
    2.39155e+16         9.77406e+08    4.99234e-01
    2.39155e+16         9.00054e+08    4.99234e-01
    2.39155e+16         8.54445e+08    4.99234e-01
    2.39155e+16         8.03837e+08    4.99234e-01
    2.39155e+16         7.46656e+08    4.99234e-01
    2.39155e+16         6.80381e+08    4.99234e-01
    2.39155e+16         6.40473e+08    4.99234e-01
    2.39155e+16         5.95438e+08    4.99234e-01
    2.39155e+16         5.43332e+08    4.99234e-01
    2.39155e+16         5.12042e+08    4.99234e-01
    2.39155e+16         4.76812e+08    4.99234e-01
    2.39155e+16         4.36183e+08    4.99234e-01
    2.39155e+16         4.11908e+08    4.99234e-01
    2.39155e+16         3.84687e+08    4.99234e-01
    2.39155e+16         3.53478e+08    4.99234e-01
    2.39155e+16         3.34996e+08    4.99234e-01
    2.39155e+16         3.14419e+08    4.99234e-01
    2.39155e+16         2.91060e+08    4.99234e-01
    2.39155e+16         2.63801e+08    4.99234e-01
    2.39155e+16         2.47210e+08    4.99234e-01
    2.39155e+16         2.28316e+08    4.99234e-01
    2.39155e+16         2.06167e+08    4.99234e-01
    2.39155e+16         1.92584e+08    4.99234e-01
    2.39155e+16         1.77019e+08    4.99234e-01
    2.39155e+16         1.67807e+08    4.99234e-01
    2.39155e+16         1.57556e+08    4.99234e-01
    2.39155e+16         1.45928e+08    4.99234e-01
    2.39155e+16         1.32373e+08    4.99234e-01
    2.39155e+16         1.24137e+08    4.99234e-01
    2.39155e+16         1.14771e+08    4.99234e-01
    2.39155e+16         1.03814e+08    4.99234e-01
    2.39155e+16         9.71178e+07    4.99234e-01
    2.39155e+16         8.94668e+07    4.99234e-01
    2.39155e+16         8.49589e+07    4.99234e-01
    2.39155e+16         7.99601e+07    4.99234e-01
    2.39155e+16         7.43166e+07    4.99234e-01
    2.39155e+16         6.77836e+07    4.99234e-01
    2.39155e+16         6.38570e+07    4.99234e-01
    2.39155e+16         5.94328e+07    4.99234e-01
    2.39155e+16         5.43253e+07    4.99234e-01
    2.39155e+16         5.12688e+07    4.99234e-01
    2.39155e+16         4.78370e+07    4.99234e-01
    2.39155e+16         4.38951e+07    4.99234e-01
    2.39155e+16         4.15543e+07    4.99234e-01
    2.39155e+16         3.89423e+07    4.99234e-01
    2.39155e+16         3.59682e+07    4.99234e-01
    2.39155e+16         3.24819e+07    4.99234e-01
    2.39155e+16         3.03445e+07    4.99234e-01
    2.39155e+16         2.78954e+07    4.99234e-01
    2.39155e+16         2.64464e+07    4.99234e-01
    2.39155e+16         2.48342e+07    4.99234e-01
    2.39155e+16         2.30059e+07    4.99234e-01
    2.39155e+16         2.08755e+07    4.99234e-01
    2.39155e+16         1.95818e+07    4.99234e-01
    2.39155e+16         1.81116e+07    4.99234e-01
    2.39155e+16         1.63929e+07    4.99234e-01
    2.39155e+16         1.53439e+07    4.99234e-01
    2.39155e+16         1.41466e+07    4.99234e-01
    2.39155e+16         1.27380e+07    4.99234e-01
    2.39155e+16         1.18694e+07    4.99234e-01
    2.39155e+16         1.08689e+07    4.99234e-01
    2.39155e+16         1.02724e+07    4.99234e-01
    2.39155e+16         9.60450e+06    4.99234e-01
    2.39155e+16         8.84055e+06    4.99234e-01
    2.39155e+16         8.38970e+06    4.99234e-01
    2.39155e+16         7.88909e+06    4.99234e-01
    2.39155e+16         7.32293e+06    4.99234e-01
    2.39155e+16         6.66585e+06    4.99234e-01
    2.39155e+16         6.26935e+06    4.99234e-01
    2.39155e+16         5.82110e+06    4.99234e-01
    2.39155e+16         5.30117e+06    4.99234e-01
    2.39155e+16         4.98771e+06    4.99234e-01
    2.39155e+16         4.63360e+06    4.99234e-01
    2.39155e+16         4.22331e+06    4.99234e-01
    2.39155e+16         3.97637e+06    4.99234e-01
    2.39155e+16         3.69781e+06    4.99234e-01
    2.39155e+16         3.37569e+06    4.99234e-01
    2.39155e+16         3.18243e+06    4.99234e-01
    2.39155e+16         2.96499e+06    4.99234e-01
    2.39155e+16         2.71448e+06    4.99234e-01
    2.39155e+16         2.56504e+06    4.99234e-01
    2.39155e+16         2.39768e+06    4.99234e-01
    2.39155e+16         2.20614e+06    4.99234e-01
    2.39155e+16         2.09302e+06    4.99234e-01
    2.39155e+16         1.96734e+06    4.99234e-01
    2.39155e+16         1.82509e+06    4.99234e-01
    2.39155e+16         1.65981e+06    4.99234e-01
    2.39155e+16         1.55988e+06    4.99234e-01
    2.39155e+16         1.44675e+06    4.99234e-01
    2.39155e+16         1.31523e+06    4.99234e-01
    2.39155e+16         1.23566e+06    4.99234e-01
    2.39155e+16         1.14551e+06    4.99234e-01
    2.39155e+16         1.04062e+06    4.99234e-01
    2.39155e+16         9.77062e+05    4.99234e-01
    2.39155e+16         9.04972e+05    4.99234e-01
    2.39155e+16         8.20939e+05    4.99234e-01
    2.39155e+16         7.69880e+05    4.99234e-01
    2.39155e+16         7.11825e+05    4.99234e-01
    2.39155e+16         6.43913e+05    4.99234e-01
    2.39155e+16         6.02417e+05    4.99234e-01
    2.39155e+16         5.55008e+05    4.99234e-01
    2.39155e+16         5.27081e+05    4.99234e-01
    2.39155e+16         4.96115e+05    4.99234e-01
    2.39155e+16         4.61164e+05    4.99234e-01
    2.39155e+16         4.20714e+05    4.99234e-01
    2.39155e+16         3.96413e+05    4.99234e-01
    2.39155e+16         3.69041e+05    4.99234e-01
    2.39155e+16         3.37458e+05    4.99234e-01
    2.39155e+16         3.18573e+05    4.99234e-01
    2.39155e+16         2.97382e+05    4.99234e-01
    2.39155e+16         2.73063e+05    4.99234e-01
    2.39155e+16         2.58641e+05    4.99234e-01
    2.39155e+16         2.42567e+05    4.99234e-01
    2.39155e+16         2.24291e+05    4.99234e-01
    2.39155e+16         2.02915e+05    4.99234e-01
    2.39155e+16         1.89857e+05    4.99234e-01
    2.39155e+16         1.74941e+05    4.99234e-01
    2.39155e+16         1.66157e+05    4.99234e-01
    2.39155e+16         1.56420e+05    4.99234e-01
    2.39155e+16         1.45432e+05    4.99234e-01
    2.39155e+16         1.32722e+05    4.99234e-01
    2.39155e+16         1.25091e+05    4.99234e-01
    2.39155e+16         1.16501e+05    4.99234e-01
    2.39155e+16         1.06598e+05    4.99234e-01
    2.39155e+16         1.00683e+05    4.99234e-01
    2.39155e+16         9.40530e+04    4.99234e-01
    2.39155e+16         8.64554e+04    4.99234e-01
    2.39155e+16         8.19597e+04    4.99234e-01
    2.39155e+16         7.69571e+04    4.99234e-01
    2.39155e+16         7.12831e+04    4.99234e-01
    2.39155e+16         6.46699e+04    4.99234e-01
    2.39155e+16         6.06524e+04    4.99234e-01
    2.39155e+16         5.60850e+04    4.99234e-01
    2.39155e+16         5.07435e+04    4.99234e-01
    2.39155e+16         4.74808e+04    4.99234e-01
    2.39155e+16         4.37544e+04    4.99234e-01
    2.39155e+16         4.15603e+04    4.99234e-01
    2.39155e+16         3.91284e+04    4.99234e-01
    2.39155e+16         3.63849e+04    4.99234e-01
    2.39155e+16         3.32119e+04    4.99234e-01
    2.39155e+16         3.13079e+04    4.99234e-01
    2.39155e+16         2.91652e+04    4.99234e-01
    2.39155e+16         2.66961e+04    4.99234e-01
    2.39155e+16         2.52226e+04    4.99234e-01
    2.39155e+16         2.35719e+04    4.99234e-01
    2.39155e+16         2.16820e+04    4.99234e-01
    2.39155e+16         2.05651e+04    4.99234e-01
    2.39155e+16         1.93236e+04    4.99234e-01
    2.39155e+16         1.79174e+04    4.99234e-01
    2.39155e+16         1.62819e+04    4.99234e-01
    2.39155e+16         1.52916e+04    4.99234e-01
    2.39155e+16         1.41688e+04    4.99234e-01
    2.39155e+16         1.28611e+04    4.99234e-01
    2.39155e+16         1.20676e+04    4.99234e-01
    2.39155e+16         1.11662e+04    4.99234e-01
    2.39155e+16         1.01134e+04    4.99234e-01
    2.39155e+16         9.47170e+03    4.99234e-01
    2.39155e+16         8.74012e+03    4.99234e-01
    2.39155e+16         7.88094e+03    4.99234e-01
    2.39155e+16         7.35257e+03    4.99234e-01
    2.39155e+16         6.74554e+03    4.99234e-01
    2.39155e+16         6.38494e+03    4.99234e-01
    2.39155e+16         5.98246e+03    4.99234e-01
    2.39155e+16         5.52400e+03    4.99234e-01
    2.39155e+16         4.98628e+03    4.99234e-01
    2.39155e+16         4.65631e+03    4.99234e-01
    2.39155e+16         4.27792e+03    4.99234e-01
    2.39155e+16         4.05377e+03    4.99234e-01
    2.39155e+16         3.80415e+03    4.99234e-01
    2.39155e+16         3.52069e+03    4.99234e-01
    2.39155e+16         3.18976e+03    4.99234e-01
    2.39155e+16         2.98817e+03    4.99234e-01
    2.39155e+16         2.75847e+03    4.99234e-01
    2.39155e+16         2.48893e+03    4.99234e-01
    2.39155e+16         2.32338e+03    4.99234e-01
    2.39155e+16         2.13341e+03    4.99234e-01
    2.39155e+16         2.02075e+03    4.99234e-01
    2.39155e+16         1.89518e+03    4.99234e-01
    2.39155e+16         1.75242e+03    4.99234e-01
    2.39155e+16         1.58545e+03    4.99234e-01
    2.39155e+16         1.48346e+03    4.99234e-01
    2.39155e+16         1.36696e+03    4.99234e-01
    2.39155e+16         1.29836e+03    4.99234e-01
    2.39155e+16         1.22231e+03    4.99234e-01
    2.39155e+16         1.13652e+03    4.99234e-01
    2.39155e+16         1.03727e+03    4.99234e-01
    2.39155e+16         9.77702e+02    4.99234e-01
    2.39155e+16         9.10651e+02    4.99234e-01
    2.39155e+16         8.33362e+02    4.99234e-01
    2.39155e+16         7.87217e+02    4.99234e-01
    2.39155e+16         7.35504e+02    4.99234e-01
    2.39155e+16         6.76264e+02    4.99234e-01
    2.39155e+16         6.41227e+02    4.99234e-01
    2.39155e+16         6.02256e+02    4.99234e-01
    2.39155e+16         5.58079e+02    4.99234e-01
    2.39155e+16         5.06631e+02    4.99234e-01
    2.39155e+16         4.75417e+02    4.99234e-01
    2.39155e+16         4.39970e+02    4.99234e-01
    2.39155e+16         3.98581e+02    4.99234e-01
    2.39155e+16         3.73366e+02    4.99234e-01
    2.39155e+16         3.44630e+02    4.99234e-01
    2.39155e+16         3.10901e+02    4.99234e-01
    2.39155e+16         2.90180e+02    4.99234e-01
    2.39155e+16         2.66393e+02    4.99234e-01
    2.39155e+16         2.52281e+02    4.99234e-01
    2.39155e+16         2.36545e+02    4.99234e-01
    2.39155e+16         2.18647e+02    4.99234e-01
    2.39155e+16         1.97699e+02    4.99234e-01
    2.39155e+16         1.84887e+02    4.99234e-01
    2.39155e+16         1.70239e+02    4.99234e-01
    2.39155e+16         1.61600e+02    4.99234e-01
    2.39155e+16         1.52012e+02    4.99234e-01
    2.39155e+16         1.41177e+02    4.99234e-01
    2.39155e+16         1.28616e+02    4.99234e-01
    2.39155e+16         1.21048e+02    4.99234e-01
    2.39155e+16         1.12504e+02    4.99234e-01
    2.39155e+16         1.02614e+02    4.99234e-01
    2.39155e+16         9.66697e+01    4.99234e-01
    2.39155e+16         8.99718e+01    4.99234e-01
    2.39155e+16         8.22396e+01    4.99234e-01
    2.39155e+16         7.76123e+01    4.99234e-01
    2.39155e+16         7.24168e+01    4.99234e-01
    2.39155e+16         6.64490e+01    4.99234e-01
    2.39155e+16         6.29051e+01    4.99234e-01
    2.39155e+16         5.89506e+01    4.99234e-01
    2.39155e+16         5.44478e+01    4.99234e-01
    2.39155e+16         4.91694e+01    4.99234e-01
    2.39155e+16         4.59332e+01    4.99234e-01
    2.39155e+16         4.22249e+01    4.99234e-01
    2.39155e+16         4.00308e+01    4.99234e-01
    2.39155e+16         3.75895e+01    4.99234e-01
    2.39155e+16         3.48209e+01    4.99234e-01
    2.39155e+16         3.15945e+01    4.99234e-01
    2.39155e+16         2.96350e+01    4.99234e-01
    2.39155e+16         2.74078e+01    4.99234e-01
    2.39155e+16         2.48039e+01    4.99234e-01
    2.39155e+16         2.32142e+01    4.99234e-01
    2.39155e+16         2.13994e+01    4.99234e-01
    2.39155e+16         1.92638e+01    4.99234e-01
    2.39155e+16         1.79460e+01    4.99234e-01
    2.39155e+16         1.64277e+01    4.99234e-01
    2.39155e+16         1.55217e+01    4.99234e-01
    2.39155e+16         1.45068e+01    4.99234e-01
    2.39155e+16         1.33450e+01    4.99234e-01
    2.39155e+16         1.26586e+01    4.99234e-01
    2.39155e+16         1.18956e+01    4.99234e-01
    2.39155e+16         1.10317e+01    4.99234e-01
    2.39155e+16         1.00272e+01    4.99234e-01
    2.39155e+16         9.41923e+00    4.99234e-01
    2.39155e+16         8.73028e+00    4.99234e-01
    2.39155e+16         7.92830e+00    4.99234e-01
    2.39155e+16         7.44208e+00    4.99234e-01
    2.39155e+16         6.89026e+00    4.99234e-01
    2.39155e+16         6.24650e+00    4.99234e-01
    2.39155e+16         5.85486e+00    4.99234e-01
    2.39155e+16         5.40908e+00    4.99234e-01
    2.39155e+16         4.88679e+00    4.99234e-01
    2.39155e+16         4.56683e+00    4.99234e-01
    2.39155e+16         4.20048e+00    4.99234e-01
    2.39155e+16         3.98396e+00    4.99234e-01
    2.39155e+16         3.74326e+00    4.99234e-01
    2.39155e+16         3.47062e+00    4.99234e-01
    2.39155e+16         3.15345e+00    4.99234e-01
    2.39155e+16         2.96137e+00    4.99234e-01
    2.39155e+16         2.74355e+00    4.99234e-01
    2.39155e+16         2.48978e+00    4.99234e-01
    2.39155e+16         2.33571e+00    4.99234e-01
    2.39155e+16         2.16065e+00    4.99234e-01
    2.39155e+16         1.95606e+00    4.99234e-01
    2.39155e+16         1.83125e+00    4.99234e-01
    2.39155e+16         1.68885e+00    4.99234e-01
    2.39155e+16         1.52142e+00    4.99234e-01
    2.39155e+16         1.41827e+00    4.99234e-01
    2.39155e+16         1.29957e+00    4.99234e-01
    2.39155e+16         1.22888e+00    4.99234e-01
    2.39155e+16         1.14983e+00    4.99234e-01
    2.39155e+16         1.05953e+00    4.99234e-01
    2.39155e+16         1.00635e+00    4.99234e-01
    2.39155e+16         9.47411e-01    4.99234e-01
    2.39155e+16         8.80908e-01    4.99234e-01
    2.39155e+16         8.03985e-01    4.99234e-01
    2.39155e+16         7.57811e-01    4.99234e-01
    2.39155e+16         7.05839e-01    4.99234e-01
    2.39155e+16         6.45932e-01    4.99234e-01
    2.39155e+16         6.10165e-01    4.99234e-01
    2.39155e+16         5.70081e-01    4.99234e-01
    2.39155e+16         5.24163e-01    4.99234e-01
    2.39155e+16         4.97005e-01    4.99234e-01
    2.39155e+16         4.66798e-01    4.99234e-01
    2.39155e+16         4.32555e-01    4.99234e-01
    2.39155e+16         3.92676e-01    4.99234e-01
    2.39155e+16         3.68480e-01    4.99234e-01
    2.39155e+16         3.41003e-01    4.99234e-01
    2.39155e+16         3.08920e-01    4.99234e-01
    2.39155e+16         2.89373e-01    4.99234e-01
    2.39155e+16         2.67096e-01    4.99234e-01
    2.39155e+16         2.40948e-01    4.99234e-01
    2.39155e+16         2.24882e-01    4.99234e-01
    2.39155e+16         2.06440e-01    4.99234e-01
    2.39155e+16         1.95497e-01    4.99234e-01
    2.39155e+16         1.83295e-01    4.99234e-01
    2.39155e+16         1.69414e-01    4.99234e-01
    2.39155e+16         1.53166e-01    4.99234e-01
    2.39155e+16         1.43227e-01    4.99234e-01
    2.39155e+16         1.31860e-01    4.99234e-01
    2.39155e+16         1.25155e-01    4.99234e-01
    2.39155e+16         1.17711e-01    4.99234e-01
    2.39155e+16         1.09297e-01    4.99234e-01
    2.39155e+16         9.95377e-02    4.99234e-01
    2.39155e+16         9.36541e-02    4.99234e-01
    2.39155e+16         8.70080e-02    4.99234e-01
    2.39155e+16         7.93078e-02    4.99234e-01
    2.39155e+16         7.46738e-02    4.99234e-01
    2.39155e+16         6.94467e-02    4.99234e-01
    2.39155e+16         6.34033e-02    4.99234e-01
    2.39155e+16         5.97781e-02    4.99234e-01
    2.39155e+16         5.56998e-02    4.99234e-01
    2.39155e+16         5.10024e-02    4.99234e-01
    2.39155e+16         4.82012e-02    4.99234e-01
    2.39155e+16         4.50649e-02    4.99234e-01
    2.39155e+16         4.14769e-02    4.99234e-01
    2.39155e+16         3.93591e-02    4.99234e-01
    2.39155e+16         3.70073e-02    4.99234e-01
    2.39155e+16         3.43470e-02    4.99234e-01
    2.39155e+16         3.12587e-02    4.99234e-01
    2.39155e+16         2.93943e-02    4.99234e-01
    2.39155e+16         2.72860e-02    4.99234e-01
    2.39155e+16         2.48392e-02    4.99234e-01
    2.39155e+16         2.33630e-02    4.99234e-01
    2.39155e+16         2.16942e-02    4.99234e-01
    2.39155e+16         1.97589e-02    4.99234e-01
    2.39155e+16         1.85924e-02    4.99234e-01
    2.39155e+16         1.72750e-02    4.99234e-01
    2.39155e+16         1.57489e-02    4.99234e-01
    2.39155e+16         1.48308e-02    4.99234e-01
    2.39155e+16         1.37956e-02    4.99234e-01
    2.39155e+16         1.25991e-02    4.99234e-01
    2.39155e+16         1.18819e-02    4.99234e-01
    2.39155e+16         1.10754e-02    4.99234e-01
    2.39155e+16         1.01472e-02    4.99234e-01
    2.39155e+16         9.59434e-03    4.99234e-01
    2.39155e+16         8.97591e-03    4.99234e-01
    2.39155e+16         8.26933e-03    4.99234e-01
    2.39155e+16         7.85308e-03    4.99234e-01
    2.39155e+16         7.39154e-03    4.99234e-01
    2.39155e+16         6.87057e-03    4.99234e-01
    2.39155e+16         6.26758e-03    4.99234e-01
    2.39155e+16         5.90529e-03    4.99234e-01
    2.39155e+16         5.49718e-03    4.99234e-01
    2.39155e+16         5.02622e-03    4.99234e-01
    2.39155e+16         4.74455e-03    4.99234e-01
    2.39155e+16         4.42844e-03    4.99234e-01
    2.39155e+16         4.06559e-03    4.99234e-01
    2.39155e+16         3.85033e-03    4.99234e-01
    2.39155e+16         3.61034e-03    4.99234e-01
    2.39155e+16         3.33737e-03    4.99234e-01
    2.39155e+16         3.01793e-03    4.99234e-01
    2.39155e+16         2.82261e-03    4.99234e-01
    2.39155e+16         2.59932e-03    4.99234e-01
    2.39155e+16         2.46767e-03    4.99234e-01
    2.39155e+16         2.32160e-03    4.99234e-01
    2.39155e+16         2.15657e-03    4.99234e-01
    2.39155e+16         1.96532e-03    4.99234e-01
    2.39155e+16         1.85017e-03    4.99234e-01
    2.39155e+16         1.72025e-03    4.99234e-01
    2.39155e+16         1.56996e-03    4.99234e-01
    2.39155e+16         1.47974e-03    4.99234e-01
    2.39155e+16         1.37818e-03    4.99234e-01
    2.39155e+16         1.26111e-03    4.99234e-01
    2.39155e+16         1.19120e-03    4.99234e-01
    2.39155e+16         1.11284e-03    4.99234e-01
    2.39155e+16         1.02306e-03    4.99234e-01
    2.39155e+16         9.69940e-04    4.99234e-01
    2.39155e+16         9.10848e-04    4.99234e-01
    2.39155e+16         8.43840e-04    4.99234e-01
    2.39155e+16         7.65767e-04    4.99234e-01
    2.39155e+16         7.18365e-04    4.99234e-01
    2.39155e+16         6.64501e-04    4.99234e-01
    2.39155e+16         6.01551e-04    4.99234e-01
    2.39155e+16         5.63143e-04    4.99234e-01
    2.39155e+16         5.19318e-04    4.99234e-01
    2.39155e+16         4.67784e-04    4.99234e-01
    2.39155e+16         4.36027e-04    4.99234e-01
    2.39155e+16         3.99476e-04    4.99234e-01
    2.39155e+16         3.77703e-04    4.99234e-01
    2.39155e+16         3.53347e-04    4.99234e-01
    2.39155e+16         3.25519e-04    4.99234e-01
    2.39155e+16         3.09123e-04    4.99234e-01
    2.39155e+16         2.90943e-04    4.99234e-01
    2.39155e+16         2.70419e-04    4.99234e-01
    2.39155e+16         2.46662e-04    4.99234e-01
    2.39155e+16         2.32385e-04    4.99234e-01
    2.39155e+16         2.16300e-04    4.99234e-01
    2.39155e+16         1.97733e-04    4.99234e-01
    2.39155e+16         1.86625e-04    4.99234e-01
    2.39155e+16         1.74155e-04    4.99234e-01
    2.39155e+16         1.59835e-04    4.99234e-01
    2.39155e+16         1.51335e-04    4.99234e-01
    2.39155e+16         1.41853e-04    4.99234e-01
    2.39155e+16         1.31061e-04    4.99234e-01
    2.39155e+16         1.18418e-04    4.99234e-01
    2.39155e+16         1.10675e-04    4.99234e-01
    2.39155e+16         1.01810e-04    4.99234e-01
    2.39155e+16         9.65727e-05    4.99234e-01
    2.39155e+16         9.07516e-05    4.99234e-01
    2.39155e+16         8.41596e-05    4.99234e-01
    2.39155e+16         7.64946e-05    4.99234e-01
    2.39155e+16         7.18556e-05    4.99234e-01
    2.39155e+16         6.65982e-05    4.99234e-01
    2.39155e+16         6.04780e-05    4.99234e-01
    2.39155e+16         5.67673e-05    4.99234e-01
    2.39155e+16         5.25555e-05    4.99234e-01
    2.39155e+16         4.76416e-05    4.99234e-01
    2.39155e+16         4.46517e-05    4.99234e-01
    2.39155e+16         4.12480e-05    4.99234e-01
    2.39155e+16         3.72594e-05    4.99234e-01
    2.39155e+16         3.48152e-05    4.99234e-01
    2.39155e+16         3.20158e-05    4.99234e-01
    2.39155e+16         3.03607e-05    4.99234e-01
    2.39155e+16         2.85201e-05    4.99234e-01
    2.39155e+16         2.64344e-05    4.99234e-01
    2.39155e+16         2.40065e-05    4.99234e-01


