              t                   M              a
    1.23833e-21         1.00000e+17    8.00000e-01
    2.47665e-21         1.00000e+17    8.00000e-01
    4.95331e-21         1.00000e+17    8.00000e-01
    9.90662e-21         1.00000e+17    8.00000e-01
    1.98132e-20         1.00000e+17    8.00000e-01
    3.96265e-20         1.00000e+17    8.00000e-01
    7.92530e-20         1.00000e+17    8.00000e-01
    1.58506e-19         1.00000e+17    8.00000e-01
    3.17012e-19         1.00000e+17    8.00000e-01
    6.34024e-19         1.00000e+17    8.00000e-01
    1.26805e-18         1.00000e+17    8.00000e-01
    2.53609e-18         1.00000e+17    8.00000e-01
    5.07219e-18         1.00000e+17    8.00000e-01
    1.01444e-17         1.00000e+17    8.00000e-01
    2.02888e-17         1.00000e+17    8.00000e-01
    4.05775e-17         1.00000e+17    8.00000e-01
    8.11550e-17         1.00000e+17    8.00000e-01
    1.62310e-16         1.00000e+17    8.00000e-01
    3.24620e-16         1.00000e+17    8.00000e-01
    6.49240e-16         1.00000e+17    8.00000e-01
    1.29848e-15         1.00000e+17    8.00000e-01
    2.59696e-15         1.00000e+17    8.00000e-01
    5.19392e-15         1.00000e+17    8.00000e-01
    1.03878e-14         1.00000e+17    8.00000e-01
    2.07757e-14         1.00000e+17    8.00000e-01
    4.15514e-14         1.00000e+17    8.00000e-01
    8.31027e-14         1.00000e+17    8.00000e-01
    1.66205e-13         1.00000e+17    8.00000e-01
    3.32411e-13         1.00000e+17    8.00000e-01
    6.64822e-13         1.00000e+17    8.00000e-01
    1.32964e-12         1.00000e+17    8.00000e-01
    2.65929e-12         1.00000e+17    8.00000e-01
    5.31858e-12         1.00000e+17    8.00000e-01
    1.06372e-11         1.00000e+17    8.00000e-01
    2.12743e-11         1.00000e+17    8.00000e-01
    4.25486e-11         1.00000e+17    8.00000e-01
    8.50972e-11         1.00000e+17    8.00000e-01
    1.70194e-10         1.00000e+17    8.00000e-01
    3.40389e-10         1.00000e+17    8.00000e-01
    6.80778e-10         1.00000e+17    8.00000e-01
    1.36156e-09         1.00000e+17    8.00000e-01
    2.72311e-09         1.00000e+17    8.00000e-01
    5.44622e-09         1.00000e+17    8.00000e-01
    1.08924e-08         1.00000e+17    8.00000e-01
    2.17849e-08         1.00000e+17    8.00000e-01
    4.35698e-08         1.00000e+17    8.00000e-01
    8.71395e-08         1.00000e+17    8.00000e-01
    1.74279e-07         1.00000e+17    8.00000e-01
    3.48558e-07         1.00000e+17    8.00000e-01
    6.97116e-07         1.00000e+17    8.00000e-01
    1.39423e-06         1.00000e+17    8.00000e-01
    2.78847e-06         1.00000e+17    8.00000e-01
    5.57693e-06         1.00000e+17    8.00000e-01
    1.11539e-05         1.00000e+17    8.00000e-01
    2.23077e-05         1.00000e+17    8.00000e-01
    4.46154e-05         1.00000e+17    8.00000e-01
    8.92309e-05         1.00000e+17    8.00000e-01
    1.78462e-04         1.00000e+17    8.00000e-01
    3.56924e-04         1.00000e+17    8.00000e-01
    7.13847e-04         1.00000e+17    8.00000e-01
    1.42769e-03         1.00000e+17    8.00000e-01
    2.85539e-03         1.00000e+17    8.00000e-01
    5.71078e-03         1.00000e+17    8.00000e-01
    1.14216e-02         1.00000e+17    8.00000e-01
    2.28431e-02         1.00000e+17    8.00000e-01
    4.56862e-02         1.00000e+17    8.00000e-01
    9.13724e-02         1.00000e+17    8.00000e-01
    1.82745e-01         1.00000e+17    8.00000e-01
    3.65490e-01         1.00000e+17    8.00000e-01
    7.30979e-01         1.00000e+17    8.00000e-01
    1.46196e+00         1.00000e+17    8.00000e-01
    2.92392e+00         1.00000e+17    8.00000e-01
    5.84784e+00         1.00000e+17    8.00000e-01
    1.16957e+01         1.00000e+17    8.00000e-01
    2.33913e+01         1.00000e+17    8.00000e-01
    4.67827e+01         1.00000e+17    8.00000e-01
    9.35654e+01         1.00000e+17    8.00000e-01
    1.87131e+02         1.00000e+17    8.00000e-01
    3.74261e+02         1.00000e+17    8.00000e-01
    7.48523e+02         1.00000e+17    8.00000e-01
    1.49705e+03         1.00000e+17    8.00000e-01
    2.99409e+03         1.00000e+17    8.00000e-01
    5.98818e+03         1.00000e+17    8.00000e-01
    1.19764e+04         1.00000e+17    8.00000e-01
    2.39527e+04         1.00000e+17    8.00000e-01
    4.79055e+04         1.00000e+17    8.00000e-01
    9.58109e+04         1.00000e+17    8.00000e-01
    1.91622e+05         1.00000e+17    8.00000e-01
    3.83244e+05         1.00000e+17    8.00000e-01
    7.66488e+05         1.00000e+17    8.00000e-01
    1.53298e+06         1.00000e+17    8.00000e-01
    3.06595e+06         1.00000e+17    8.00000e-01
    6.13190e+06         1.00000e+17    8.00000e-01
    1.22638e+07         1.00000e+17    8.00000e-01
    2.45276e+07         1.00000e+17    8.00000e-01
    4.90552e+07         1.00000e+17    8.00000e-01
    9.81104e+07         1.00000e+17    8.00000e-01
    1.96221e+08         1.00000e+17    8.00000e-01
    3.92442e+08         1.00000e+17    8.00000e-01
    7.84883e+08         1.00000e+17    8.00000e-01
    1.56977e+09         1.00000e+17    8.00000e-01
    3.13953e+09         1.00000e+17    8.00000e-01
    6.27907e+09         1.00000e+17    8.00000e-01
    1.25581e+10         1.00000e+17    8.00000e-01
    2.51163e+10         1.00000e+17    8.00000e-01
    5.02325e+10         1.00000e+17    8.00000e-01
    1.00465e+11         1.00000e+17    8.00000e-01
    2.00930e+11         1.00000e+17    8.00000e-01
    4.01860e+11         1.00000e+17    8.00000e-01
    8.03720e+11         1.00000e+17    8.00000e-01
    1.60744e+12         1.00000e+17    8.00000e-01
    3.21488e+12         9.99999e+16    7.99999e-01
    6.42976e+12         9.99999e+16    7.99999e-01
    1.28595e+13         9.99998e+16    7.99997e-01
    2.57191e+13         9.99995e+16    7.99995e-01
    5.14381e+13         9.99991e+16    7.99989e-01
    1.02876e+14         9.99981e+16    7.99979e-01
    2.05752e+14         9.99963e+16    7.99957e-01
    4.11505e+14         9.99926e+16    7.99915e-01
    8.23010e+14         9.99852e+16    7.99830e-01
    1.64602e+15         9.99704e+16    7.99660e-01
    3.29204e+15         9.99407e+16    7.99320e-01
    6.58408e+15         9.98815e+16    7.98642e-01
    1.31682e+16         9.97633e+16    7.97290e-01
    2.63363e+16         9.95276e+16    7.94603e-01
    5.26726e+16         9.90592e+16    7.89303e-01
    1.05345e+17         9.81319e+16    7.78967e-01
    1.58018e+17         9.72122e+16    7.69068e-01
    2.10690e+17         9.62994e+16    7.59592e-01
    2.63363e+17         9.53931e+16    7.50524e-01
    3.16036e+17         9.44883e+16    7.41813e-01
    3.68708e+17         9.35798e+16    7.33387e-01
    4.21381e+17         9.26672e+16    7.25240e-01
    4.74054e+17         9.17498e+16    7.17364e-01
    5.26726e+17         9.08270e+16    7.09742e-01
    5.79399e+17         8.98933e+16    7.02332e-01
    6.32071e+17         8.89482e+16    6.95128e-01
    6.84744e+17         8.79909e+16    6.88126e-01
    7.37417e+17         8.70205e+16    6.81322e-01
    7.90089e+17         8.60364e+16    6.74700e-01
    8.42762e+17         8.50333e+16    6.68235e-01
    8.95435e+17         8.40098e+16    6.61926e-01
    9.48107e+17         8.29646e+16    6.55768e-01
    1.00078e+18         8.18965e+16    6.49759e-01
    1.05345e+18         8.08037e+16    6.43896e-01
    1.10613e+18         7.96847e+16    6.38157e-01
    1.15880e+18         7.85382e+16    6.32478e-01
    1.21147e+18         7.73616e+16    6.26869e-01
    1.26414e+18         7.61526e+16    6.21329e-01
    1.31682e+18         7.49086e+16    6.15856e-01
    1.36949e+18         7.36267e+16    6.10448e-01
    1.42216e+18         7.23036e+16    6.05105e-01
    1.47483e+18         7.09326e+16    5.99829e-01
    1.52751e+18         6.95079e+16    5.94624e-01
    1.58018e+18         6.80241e+16    5.89487e-01
    1.63285e+18         6.64745e+16    5.84415e-01
    1.68552e+18         6.48518e+16    5.79407e-01
    1.73820e+18         6.31468e+16    5.74457e-01
    1.79087e+18         6.13485e+16    5.69562e-01
    1.84354e+18         5.94442e+16    5.64653e-01
    1.89621e+18         5.74178e+16    5.59686e-01
    1.94889e+18         5.52476e+16    5.54650e-01
    2.00156e+18         5.29057e+16    5.49525e-01
    2.05423e+18         5.03541e+16    5.44295e-01
    2.10690e+18         4.75401e+16    5.38927e-01
    2.15958e+18         4.43865e+16    5.33382e-01
    2.21225e+18         4.07695e+16    5.27603e-01
    2.23859e+18         3.86245e+16    5.24545e-01
    2.26492e+18         3.62342e+16    5.21355e-01
    2.29126e+18         3.35173e+16    5.18006e-01
    2.31760e+18         3.03409e+16    5.14448e-01
    2.33076e+18         2.84022e+16    5.12521e-01
    2.34393e+18         2.61895e+16    5.10480e-01
    2.35710e+18         2.35866e+16    5.08292e-01
    2.36368e+18         2.19818e+16    5.07094e-01
    2.37027e+18         2.01340e+16    5.05816e-01
    2.37356e+18         1.90326e+16    5.05123e-01
    2.37685e+18         1.78000e+16    5.04392e-01
    2.38014e+18         1.63907e+16    5.03613e-01
    2.38179e+18         1.55596e+16    5.03191e-01
    2.38344e+18         1.46374e+16    5.02747e-01
    2.38508e+18         1.35952e+16    5.02276e-01
    2.38673e+18         1.23871e+16    5.01769e-01
    2.38755e+18         1.16595e+16    5.01491e-01
    2.38837e+18         1.08382e+16    5.01196e-01
    2.38920e+18         9.88766e+15    5.00879e-01
    2.38961e+18         9.31663e+15    5.00706e-01
    2.39002e+18         8.67345e+15    5.00521e-01
    2.39043e+18         7.93134e+15    5.00323e-01
    2.39064e+18         7.48759e+15    5.00214e-01
    2.39084e+18         6.98969e+15    5.00099e-01
    2.39105e+18         6.41832e+15    4.99976e-01
    2.39115e+18         6.07950e+15    4.99909e-01
    2.39125e+18         5.70186e+15    4.99837e-01
    2.39136e+18         5.27254e+15    4.99758e-01
    2.39146e+18         4.77046e+15    4.99672e-01
    2.39151e+18         4.46379e+15    4.99624e-01
    2.39156e+18         4.11354e+15    4.99571e-01
    2.39159e+18         3.90732e+15    4.99542e-01
    2.39161e+18         3.67875e+15    4.99511e-01
    2.39164e+18         3.42090e+15    4.99478e-01
    2.39167e+18         3.12271e+15    4.99441e-01
    2.39168e+18         2.94378e+15    4.99421e-01
    2.39169e+18         2.74244e+15    4.99399e-01
    2.39170e+18         2.51045e+15    4.99375e-01
    2.39171e+18         2.37203e+15    4.99361e-01
    2.39172e+18         2.21697e+15    4.99347e-01
    2.39172e+18         2.03947e+15    4.99331e-01
    2.39173e+18         1.93460e+15    4.99323e-01
    2.39173e+18         1.81806e+15    4.99313e-01
    2.39173e+18         1.68609e+15    4.99303e-01
    2.39174e+18         1.53265e+15    4.99292e-01
    2.39174e+18         1.43980e+15    4.99286e-01
    2.39174e+18         1.33459e+15    4.99280e-01
    2.39174e+18         1.21214e+15    4.99272e-01
    2.39174e+18         1.13792e+15    4.99268e-01
    2.39174e+18         1.05370e+15    4.99264e-01
    2.39174e+18         9.55485e+14    4.99259e-01
    2.39174e+18         8.95761e+14    4.99256e-01
    2.39175e+18         8.27806e+14    4.99253e-01
    2.39175e+18         7.48237e+14    4.99249e-01
    2.39175e+18         6.99541e+14    4.99247e-01
    2.39175e+18         6.43830e+14    4.99245e-01
    2.39175e+18         6.10945e+14    4.99244e-01
    2.39175e+18         5.74425e+14    4.99242e-01
    2.39175e+18         5.33113e+14    4.99241e-01
    2.39175e+18         4.85150e+14    4.99239e-01
    2.39175e+18         4.56193e+14    4.99238e-01
    2.39175e+18         4.23442e+14    4.99238e-01
    2.39175e+18         3.85430e+14    4.99236e-01
    2.39175e+18         3.62490e+14    4.99235e-01
    2.39175e+18         3.36555e+14    4.99235e-01
    2.39175e+18         3.06469e+14    4.99234e-01
    2.39175e+18         2.88327e+14    4.99233e-01
    2.39175e+18         2.67830e+14    4.99233e-01
    2.39175e+18         2.44077e+14    4.99232e-01
    2.39175e+18         2.29776e+14    4.99231e-01
    2.39175e+18         2.13639e+14    4.99231e-01
    2.39175e+18         1.94972e+14    4.99230e-01
    2.39175e+18         1.83767e+14    4.99230e-01
    2.39175e+18         1.71152e+14    4.99230e-01
    2.39175e+18         1.56610e+14    4.99229e-01
    2.39175e+18         1.47926e+14    4.99229e-01
    2.39175e+18         1.38193e+14    4.99229e-01
    2.39175e+18         1.27040e+14    4.99229e-01
    2.39175e+18         1.20441e+14    4.99228e-01
    2.39175e+18         1.13100e+14    4.99228e-01
    2.39175e+18         1.04774e+14    4.99228e-01
    2.39175e+18         9.50731e+13    4.99228e-01
    2.39175e+18         8.91821e+13    4.99228e-01
    2.39175e+18         8.24871e+13    4.99228e-01
    2.39175e+18         7.46613e+13    4.99228e-01
    2.39175e+18         6.98851e+13    4.99228e-01
    2.39175e+18         6.44338e+13    4.99227e-01
    2.39175e+18         5.80211e+13    4.99228e-01
    2.39175e+18         5.40668e+13    4.99228e-01
    2.39175e+18         4.95129e+13    4.99227e-01
    2.39175e+18         4.67978e+13    4.99227e-01
    2.39175e+18         4.37586e+13    4.99227e-01
    2.39175e+18         4.02826e+13    4.99227e-01
    2.39175e+18         3.82317e+13    4.99227e-01
    2.39175e+18         3.59548e+13    4.99227e-01
    2.39175e+18         3.33805e+13    4.99227e-01
    2.39175e+18         3.03937e+13    4.99226e-01
    2.39175e+18         2.85924e+13    4.99226e-01
    2.39175e+18         2.65571e+13    4.99226e-01
    2.39175e+18         2.41977e+13    4.99226e-01
    2.39175e+18         2.27768e+13    4.99226e-01
    2.39175e+18         2.11730e+13    4.99226e-01
    2.39175e+18         1.93171e+13    4.99226e-01
    2.39175e+18         1.82023e+13    4.99226e-01
    2.39175e+18         1.69467e+13    4.99226e-01
    2.39175e+18         1.54982e+13    4.99226e-01
    2.39175e+18         1.46322e+13    4.99225e-01
    2.39175e+18         1.36607e+13    4.99225e-01
    2.39175e+18         1.25461e+13    4.99225e-01
    2.39175e+18         1.18854e+13    4.99226e-01
    2.39175e+18         1.11492e+13    4.99226e-01
    2.39175e+18         1.03125e+13    4.99226e-01
    2.39175e+18         9.33461e+12    4.99226e-01
    2.39175e+18         8.73783e+12    4.99226e-01
    2.39175e+18         8.05675e+12    4.99226e-01
    2.39175e+18         7.25566e+12    4.99226e-01
    2.39175e+18         6.76178e+12    4.99226e-01
    2.39175e+18         6.19312e+12    4.99226e-01
    2.39175e+18         5.85417e+12    4.99226e-01
    2.39175e+18         5.47485e+12    4.99227e-01
    2.39175e+18         5.04113e+12    4.99227e-01
    2.39175e+18         4.78536e+12    4.99227e-01
    2.39175e+18         4.50151e+12    4.99227e-01
    2.39175e+18         4.18074e+12    4.99227e-01
    2.39175e+18         3.80885e+12    4.99227e-01
    2.39175e+18         3.58483e+12    4.99227e-01
    2.39175e+18         3.33193e+12    4.99227e-01
    2.39175e+18         3.03918e+12    4.99227e-01
    2.39175e+18         2.86325e+12    4.99227e-01
    2.39175e+18         2.66503e+12    4.99227e-01
    2.39175e+18         2.43624e+12    4.99227e-01
    2.39175e+18         2.29934e+12    4.99227e-01
    2.39175e+18         2.14566e+12    4.99227e-01
    2.39175e+18         1.96918e+12    4.99227e-01
    2.39175e+18         1.86441e+12    4.99227e-01
    2.39175e+18         1.74754e+12    4.99227e-01
    2.39175e+18         1.61451e+12    4.99227e-01
    2.39175e+18         1.45866e+12    4.99227e-01
    2.39175e+18         1.36319e+12    4.99227e-01
    2.39175e+18         1.25389e+12    4.99227e-01
    2.39175e+18         1.18929e+12    4.99227e-01
    2.39175e+18         1.11748e+12    4.99227e-01
    2.39175e+18         1.03615e+12    4.99227e-01
    2.39175e+18         9.41550e+11    4.99227e-01
    2.39175e+18         8.84268e+11    4.99227e-01
    2.39175e+18         8.19325e+11    4.99226e-01
    2.39175e+18         7.43678e+11    4.99226e-01
    2.39175e+18         6.97768e+11    4.99226e-01
    2.39175e+18         6.45618e+11    4.99226e-01
    2.39175e+18         5.84703e+11    4.99226e-01
    2.39175e+18         5.47569e+11    4.99226e-01
    2.39175e+18         5.05227e+11    4.99226e-01
    2.39175e+18         4.55491e+11    4.99225e-01
    2.39175e+18         4.24896e+11    4.99225e-01
    2.39175e+18         3.89735e+11    4.99225e-01
    2.39175e+18         3.68840e+11    4.99225e-01
    2.39175e+18         3.45511e+11    4.99225e-01
    2.39175e+18         3.18924e+11    4.99225e-01
    2.39175e+18         2.87720e+11    4.99225e-01
    2.39175e+18         2.68551e+11    4.99225e-01
    2.39175e+18         2.46546e+11    4.99224e-01
    2.39175e+18         2.33493e+11    4.99224e-01
    2.39175e+18         2.18939e+11    4.99224e-01
    2.39175e+18         2.02386e+11    4.99224e-01
    2.39175e+18         1.83014e+11    4.99224e-01
    2.39175e+18         1.71170e+11    4.99224e-01
    2.39175e+18         1.57629e+11    4.99224e-01
    2.39175e+18         1.49646e+11    4.99224e-01
    2.39175e+18         1.40788e+11    4.99224e-01
    2.39175e+18         1.30780e+11    4.99224e-01
    2.39175e+18         1.19182e+11    4.99224e-01
    2.39175e+18         1.12199e+11    4.99223e-01
    2.39175e+18         1.04320e+11    4.99223e-01
    2.39175e+18         9.52068e+10    4.99223e-01
    2.39175e+18         8.97357e+10    4.99223e-01
    2.39175e+18         8.35772e+10    4.99223e-01
    2.39175e+18         7.64777e+10    4.99223e-01
    2.39175e+18         7.22383e+10    4.99223e-01
    2.39175e+18         6.74867e+10    4.99223e-01
    2.39175e+18         6.20424e+10    4.99223e-01
    2.39175e+18         5.88216e+10    4.99223e-01
    2.39175e+18         5.52384e+10    4.99223e-01
    2.39175e+18         5.11753e+10    4.99223e-01
    2.39175e+18         4.64413e+10    4.99223e-01
    2.39175e+18         4.35672e+10    4.99223e-01
    2.39175e+18         4.03013e+10    4.99223e-01
    2.39175e+18         3.64847e+10    4.99223e-01
    2.39175e+18         3.41563e+10    4.99223e-01
    2.39175e+18         3.14996e+10    4.99223e-01
    2.39175e+18         2.83758e+10    4.99223e-01
    2.39175e+18         2.64511e+10    4.99223e-01
    2.39175e+18         2.42362e+10    4.99223e-01
    2.39175e+18         2.29170e+10    4.99223e-01
    2.39175e+18         2.14416e+10    4.99223e-01
    2.39175e+18         1.97562e+10    4.99223e-01
    2.39175e+18         1.87636e+10    4.99223e-01
    2.39175e+18         1.76631e+10    4.99223e-01
    2.39175e+18         1.64213e+10    4.99223e-01
    2.39175e+18         1.49846e+10    4.99223e-01
    2.39175e+18         1.41218e+10    4.99223e-01
    2.39175e+18         1.31505e+10    4.99223e-01
    2.39175e+18         1.20303e+10    4.99223e-01
    2.39175e+18         1.13611e+10    4.99223e-01
    2.39175e+18         1.06106e+10    4.99223e-01
    2.39175e+18         9.75035e+09    4.99223e-01
    2.39175e+18         9.24094e+09    4.99223e-01
    2.39175e+18         8.67382e+09    4.99223e-01
    2.39175e+18         8.03012e+09    4.99223e-01
    2.39175e+18         7.27908e+09    4.99223e-01
    2.39175e+18         6.82208e+09    4.99223e-01
    2.39175e+18         6.30179e+09    4.99223e-01
    2.39175e+18         5.69205e+09    4.99223e-01
    2.39175e+18         5.31836e+09    4.99223e-01
    2.39175e+18         4.89032e+09    4.99223e-01
    2.39175e+18         4.63719e+09    4.99223e-01
    2.39175e+18         4.35567e+09    4.99223e-01
    2.39175e+18         4.03659e+09    4.99223e-01
    2.39175e+18         3.66507e+09    4.99223e-01
    2.39175e+18         3.43974e+09    4.99223e-01
    2.39175e+18         3.18391e+09    4.99223e-01
    2.39175e+18         2.88533e+09    4.99223e-01
    2.39175e+18         2.70355e+09    4.99223e-01
    2.39175e+18         2.49649e+09    4.99223e-01
    2.39175e+18         2.25366e+09    4.99223e-01
    2.39175e+18         2.10468e+09    4.99223e-01
    2.39175e+18         1.93385e+09    4.99223e-01
    2.39175e+18         1.83268e+09    4.99223e-01
    2.39175e+18         1.72004e+09    4.99223e-01
    2.39175e+18         1.59215e+09    4.99223e-01
    2.39175e+18         1.44290e+09    4.99223e-01
    2.39175e+18         1.35203e+09    4.99223e-01
    2.39175e+18         1.24854e+09    4.99223e-01
    2.39175e+18         1.12719e+09    4.99223e-01
    2.39175e+18         1.05274e+09    4.99223e-01
    2.39175e+18         9.67396e+08    4.99223e-01
    2.39175e+18         9.16860e+08    4.99223e-01
    2.39175e+18         8.60600e+08    4.99223e-01
    2.39175e+18         7.96744e+08    4.99223e-01
    2.39175e+18         7.22242e+08    4.99223e-01
    2.39175e+18         6.76909e+08    4.99223e-01
    2.39175e+18         6.25302e+08    4.99223e-01
    2.39175e+18         5.64824e+08    4.99223e-01
    2.39175e+18         5.27763e+08    4.99223e-01
    2.39175e+18         4.85314e+08    4.99223e-01
    2.39175e+18         4.60214e+08    4.99223e-01
    2.39175e+18         4.32302e+08    4.99223e-01
    2.39175e+18         4.00669e+08    4.99223e-01
    2.39175e+18         3.63843e+08    4.99223e-01
    2.39175e+18         3.41515e+08    4.99223e-01
    2.39175e+18         3.16172e+08    4.99223e-01
    2.39175e+18         2.86603e+08    4.99223e-01
    2.39175e+18         2.68610e+08    4.99223e-01
    2.39175e+18         2.48126e+08    4.99223e-01
    2.39175e+18         2.24121e+08    4.99223e-01
    2.39175e+18         2.09409e+08    4.99223e-01
    2.39175e+18         1.92558e+08    4.99223e-01
    2.39175e+18         1.82593e+08    4.99223e-01
    2.39175e+18         1.71510e+08    4.99223e-01
    2.39175e+18         1.58950e+08    4.99223e-01
    2.39175e+18         1.44325e+08    4.99223e-01
    2.39175e+18         1.35456e+08    4.99223e-01
    2.39175e+18         1.25388e+08    4.99223e-01
    2.39175e+18         1.13637e+08    4.99223e-01
    2.39175e+18         1.06484e+08    4.99223e-01
    2.39175e+18         9.83378e+07    4.99223e-01
    2.39175e+18         8.87858e+07    4.99223e-01
    2.39175e+18         8.29269e+07    4.99223e-01
    2.39175e+18         7.62108e+07    4.99223e-01
    2.39175e+18         7.22348e+07    4.99223e-01
    2.39175e+18         6.78091e+07    4.99223e-01
    2.39175e+18         6.27869e+07    4.99223e-01
    2.39175e+18         5.69290e+07    4.99223e-01
    2.39175e+18         5.33663e+07    4.99223e-01
    2.39175e+18         4.93121e+07    4.99223e-01
    2.39175e+18         4.45638e+07    4.99223e-01
    2.39175e+18         4.16567e+07    4.99223e-01
    2.39175e+18         3.83298e+07    4.99223e-01
    2.39175e+18         3.63650e+07    4.99223e-01
    2.39175e+18         3.41822e+07    4.99223e-01
    2.39175e+18         3.17117e+07    4.99223e-01
    2.39175e+18         2.88413e+07    4.99223e-01
    2.39175e+18         2.71062e+07    4.99223e-01
    2.39175e+18         2.51418e+07    4.99223e-01
    2.39175e+18         2.28585e+07    4.99223e-01
    2.39175e+18         2.14774e+07    4.99223e-01
    2.39175e+18         1.99130e+07    4.99223e-01
    2.39175e+18         1.80930e+07    4.99223e-01
    2.39175e+18         1.69908e+07    4.99223e-01
    2.39175e+18         1.57409e+07    4.99223e-01
    2.39175e+18         1.42847e+07    4.99223e-01
    2.39175e+18         1.34005e+07    4.99223e-01
    2.39175e+18         1.23959e+07    4.99223e-01
    2.39175e+18         1.12217e+07    4.99223e-01
    2.39175e+18         1.05054e+07    4.99223e-01
    2.39175e+18         9.68804e+06    4.99223e-01
    2.39175e+18         8.72695e+06    4.99223e-01
    2.39175e+18         8.13474e+06    4.99223e-01
    2.39175e+18         7.45315e+06    4.99223e-01
    2.39175e+18         7.04718e+06    4.99223e-01
    2.39175e+18         6.59309e+06    4.99223e-01
    2.39175e+18         6.07429e+06    4.99223e-01
    2.39175e+18         5.76869e+06    4.99223e-01
    2.39175e+18         5.42986e+06    4.99223e-01
    2.39175e+18         5.04741e+06    4.99223e-01
    2.39175e+18         4.60481e+06    4.99223e-01
    2.39175e+18         4.33893e+06    4.99223e-01
    2.39175e+18         4.03946e+06    4.99223e-01
    2.39175e+18         3.69395e+06    4.99223e-01
    2.39175e+18         3.48736e+06    4.99223e-01
    2.39175e+18         3.25557e+06    4.99223e-01
    2.39175e+18         2.98960e+06    4.99223e-01
    2.39175e+18         2.83191e+06    4.99223e-01
    2.39175e+18         2.65615e+06    4.99223e-01
    2.39175e+18         2.45638e+06    4.99223e-01
    2.39175e+18         2.22278e+06    4.99223e-01
    2.39175e+18         2.08014e+06    4.99223e-01
    2.39175e+18         1.91727e+06    4.99223e-01
    2.39175e+18         1.72556e+06    4.99223e-01
    2.39175e+18         1.60722e+06    4.99223e-01
    2.39175e+18         1.47081e+06    4.99223e-01
    2.39175e+18         1.38936e+06    4.99223e-01
    2.39175e+18         1.29809e+06    4.99223e-01
    2.39175e+18         1.19354e+06    4.99223e-01
    2.39175e+18         1.13170e+06    4.99223e-01
    2.39175e+18         1.06291e+06    4.99223e-01
    2.39175e+18         9.84942e+05    4.99223e-01
    2.39175e+18         8.94136e+05    4.99223e-01
    2.39175e+18         8.39043e+05    4.99223e-01
    2.39175e+18         7.76477e+05    4.99223e-01
    2.39175e+18         7.03422e+05    4.99223e-01
    2.39175e+18         6.58914e+05    4.99223e-01
    2.39175e+18         6.08189e+05    4.99223e-01
    2.39175e+18         5.48651e+05    4.99223e-01
    2.39175e+18         5.12070e+05    4.99223e-01
    2.39175e+18         4.70076e+05    4.99223e-01
    2.39175e+18         4.45160e+05    4.99223e-01
    2.39175e+18         4.17377e+05    4.99223e-01
    2.39175e+18         3.85771e+05    4.99223e-01
    2.39175e+18         3.48775e+05    4.99223e-01
    2.39175e+18         3.26145e+05    4.99223e-01
    2.39175e+18         3.00265e+05    4.99223e-01
    2.39175e+18         2.84998e+05    4.99223e-01
    2.39175e+18         2.68052e+05    4.99223e-01
    2.39175e+18         2.48895e+05    4.99223e-01
    2.39175e+18         2.26677e+05    4.99223e-01
    2.39175e+18         2.13282e+05    4.99223e-01
    2.39175e+18         1.98153e+05    4.99223e-01
    2.39175e+18         1.80626e+05    4.99223e-01
    2.39175e+18         1.70078e+05    4.99223e-01
    2.39175e+18         1.58183e+05    4.99223e-01
    2.39175e+18         1.44430e+05    4.99223e-01
    2.39175e+18         1.36182e+05    4.99223e-01
    2.39175e+18         1.26905e+05    4.99223e-01
    2.39175e+18         1.16221e+05    4.99223e-01
    2.39175e+18         1.09853e+05    4.99223e-01
    2.39175e+18         1.02724e+05    4.99223e-01
    2.39175e+18         9.45712e+04    4.99223e-01
    2.39175e+18         8.97619e+04    4.99223e-01
    2.39175e+18         8.44233e+04    4.99223e-01
    2.39175e+18         7.83883e+04    4.99223e-01
    2.39175e+18         7.13882e+04    4.99223e-01
    2.39175e+18         6.71681e+04    4.99223e-01
    2.39175e+18         6.24011e+04    4.99223e-01
    2.39175e+18         5.68778e+04    4.99223e-01
    2.39175e+18         5.35539e+04    4.99223e-01
    2.39175e+18         4.98044e+04    4.99223e-01
    2.39175e+18         4.54692e+04    4.99223e-01
    2.39175e+18         4.28686e+04    4.99223e-01
    2.39175e+18         3.99429e+04    4.99223e-01
    2.39175e+18         3.65728e+04    4.99223e-01
    2.39175e+18         3.45629e+04    4.99223e-01
    2.39175e+18         3.23125e+04    4.99223e-01
    2.39175e+18         2.97377e+04    4.99223e-01
    2.39175e+18         2.82177e+04    4.99223e-01
    2.39175e+18         2.65296e+04    4.99223e-01
    2.39175e+18         2.46197e+04    4.99223e-01
    2.39175e+18         2.24021e+04    4.99223e-01
    2.39175e+18         2.10629e+04    4.99223e-01
    2.39175e+18         1.95480e+04    4.99223e-01
    2.39175e+18         1.77891e+04    4.99223e-01
    2.39175e+18         1.67272e+04    4.99223e-01
    2.39175e+18         1.55262e+04    4.99223e-01
    2.39175e+18         1.41322e+04    4.99223e-01
    2.39175e+18         1.32909e+04    4.99223e-01
    2.39175e+18         1.23397e+04    4.99223e-01
    2.39175e+18         1.12363e+04    4.99223e-01
    2.39175e+18         1.05709e+04    4.99223e-01
    2.39175e+18         9.81907e+03    4.99223e-01
    2.39175e+18         8.94772e+03    4.99223e-01
    2.39175e+18         8.42306e+03    4.99223e-01
    2.39175e+18         7.83100e+03    4.99223e-01
    2.39175e+18         7.14603e+03    4.99223e-01
    2.39175e+18         6.73474e+03    4.99223e-01
    2.39175e+18         6.27168e+03    4.99223e-01
    2.39175e+18         5.73772e+03    4.99223e-01
    2.39175e+18         5.41874e+03    4.99223e-01
    2.39175e+18         5.06110e+03    4.99223e-01
    2.39175e+18         4.65112e+03    4.99223e-01
    2.39175e+18         4.40841e+03    4.99223e-01
    2.39175e+18         4.13823e+03    4.99223e-01
    2.39175e+18         3.83162e+03    4.99223e-01
    2.39175e+18         3.47397e+03    4.99223e-01
    2.39175e+18         3.25644e+03    4.99223e-01
    2.39175e+18         3.00886e+03    4.99223e-01
    2.39175e+18         2.71888e+03    4.99223e-01
    2.39175e+18         2.54130e+03    4.99223e-01
    2.39175e+18         2.33805e+03    4.99223e-01
    2.39175e+18         2.21798e+03    4.99223e-01
    2.39175e+18         2.08456e+03    4.99223e-01
    2.39175e+18         1.93352e+03    4.99223e-01
    2.39175e+18         1.75796e+03    4.99223e-01
    2.39175e+18         1.65178e+03    4.99223e-01
    2.39175e+18         1.53150e+03    4.99223e-01
    2.39175e+18         1.39158e+03    4.99223e-01
    2.39175e+18         1.30685e+03    4.99223e-01
    2.39175e+18         1.21077e+03    4.99223e-01
    2.39175e+18         1.09884e+03    4.99223e-01
    2.39175e+18         1.03090e+03    4.99223e-01
    2.39175e+18         9.53700e+02    4.99223e-01
    2.39175e+18         8.63499e+02    4.99223e-01
    2.39175e+18         8.08484e+02    4.99223e-01
    2.39175e+18         7.45726e+02    4.99223e-01
    2.39175e+18         6.71962e+02    4.99223e-01
    2.39175e+18         6.26538e+02    4.99223e-01
    2.39175e+18         5.74289e+02    4.99223e-01
    2.39175e+18         5.43194e+02    4.99223e-01
    2.39175e+18         5.08438e+02    4.99223e-01
    2.39175e+18         4.68767e+02    4.99223e-01
    2.39175e+18         4.22098e+02    4.99223e-01
    2.39175e+18         3.93318e+02    4.99223e-01
    2.39175e+18         3.60172e+02    4.99223e-01
    2.39175e+18         3.40408e+02    4.99223e-01
    2.39175e+18         3.18283e+02    4.99223e-01
    2.39175e+18         2.92975e+02    4.99223e-01
    2.39175e+18         2.78040e+02    4.99223e-01
    2.39175e+18         2.61458e+02    4.99223e-01
    2.39175e+18         2.42706e+02    4.99223e-01
    2.39175e+18         2.20944e+02    4.99223e-01
    2.39175e+18         2.07815e+02    4.99223e-01
    2.39175e+18         1.92973e+02    4.99223e-01
    2.39175e+18         1.75761e+02    4.99223e-01
    2.39175e+18         1.65387e+02    4.99223e-01
    2.39175e+18         1.53671e+02    4.99223e-01
    2.39175e+18         1.40100e+02    4.99223e-01
    2.39175e+18         1.31936e+02    4.99223e-01
    2.39175e+18         1.22731e+02    4.99223e-01
    2.39175e+18         1.12093e+02    4.99223e-01
    2.39175e+18         1.05716e+02    4.99223e-01
    2.39175e+18         9.85473e+01    4.99223e-01
    2.39175e+18         9.02974e+01    4.99223e-01
    2.39175e+18         8.53843e+01    4.99223e-01
    2.39175e+18         7.98895e+01    4.99223e-01
    2.39175e+18         7.36129e+01    4.99223e-01
    2.39175e+18         6.99166e+01    4.99223e-01
    2.39175e+18         6.58192e+01    4.99223e-01
    2.39175e+18         6.11957e+01    4.99223e-01
    2.39175e+18         5.58471e+01    4.99223e-01
    2.39175e+18         5.26361e+01    4.99223e-01
    2.39175e+18         4.90214e+01    4.99223e-01
    2.39175e+18         4.48539e+01    4.99223e-01
    2.39175e+18         4.23649e+01    4.99223e-01
    2.39175e+18         3.95750e+01    4.99223e-01
    2.39175e+18         3.63777e+01    4.99223e-01
    2.39175e+18         3.44857e+01    4.99223e-01
    2.39175e+18         3.23805e+01    4.99223e-01
    2.39175e+18         2.99926e+01    4.99223e-01
    2.39175e+18         2.72093e+01    4.99223e-01
    2.39175e+18         2.55184e+01    4.99223e-01
    2.39175e+18         2.35959e+01    4.99223e-01
    2.39175e+18         2.13475e+01    4.99223e-01
    2.39175e+18         1.99740e+01    4.99223e-01
    2.39175e+18         1.84051e+01    4.99223e-01
    2.39175e+18         1.74812e+01    4.99223e-01
    2.39175e+18         1.64571e+01    4.99223e-01
    2.39175e+18         1.53015e+01    4.99223e-01
    2.39175e+18         1.39648e+01    4.99223e-01
    2.39175e+18         1.31624e+01    4.99223e-01
    2.39175e+18         1.22592e+01    4.99223e-01
    2.39175e+18         1.12180e+01    4.99223e-01
    2.39175e+18         1.05962e+01    4.99223e-01
    2.39175e+18         9.89941e+00    4.99223e-01
    2.39175e+18         9.10102e+00    4.99223e-01
    2.39175e+18         8.62871e+00    4.99223e-01
    2.39175e+18         8.10328e+00    4.99223e-01
    2.39175e+18         7.50750e+00    4.99223e-01
    2.39175e+18         6.81341e+00    4.99223e-01
    2.39175e+18         6.39206e+00    4.99223e-01
    2.39175e+18         5.91333e+00    4.99223e-01
    2.39175e+18         5.35394e+00    4.99223e-01
    2.39175e+18         5.01275e+00    4.99223e-01
    2.39175e+18         4.62353e+00    4.99223e-01
    2.39175e+18         4.16602e+00    4.99223e-01
    2.39175e+18         3.88427e+00    4.99223e-01
    2.39175e+18         3.56015e+00    4.99223e-01
    2.39175e+18         3.36724e+00    4.99223e-01
    2.39175e+18         3.15160e+00    4.99223e-01
    2.39175e+18         2.90544e+00    4.99223e-01
    2.39175e+18         2.61580e+00    4.99223e-01
    2.39175e+18         2.43713e+00    4.99223e-01
    2.39175e+18         2.23130e+00    4.99223e-01
    2.39175e+18         2.10853e+00    4.99223e-01
    2.39175e+18         1.97104e+00    4.99223e-01
    2.39175e+18         1.81370e+00    4.99223e-01
    2.39175e+18         1.72079e+00    4.99223e-01
    2.39175e+18         1.61757e+00    4.99223e-01
    2.39175e+18         1.50077e+00    4.99223e-01
    2.39175e+18         1.36507e+00    4.99223e-01
    2.39175e+18         1.28306e+00    4.99223e-01
    2.39175e+18         1.19024e+00    4.99223e-01
    2.39175e+18         1.08237e+00    4.99223e-01
    2.39175e+18         1.01715e+00    4.99223e-01
    2.39175e+18         9.43294e-01    4.99223e-01
    2.39175e+18         8.57425e-01    4.99223e-01
    2.39175e+18         8.05459e-01    4.99223e-01
    2.39175e+18         7.46572e-01    4.99223e-01
    2.39175e+18         6.78030e-01    4.99223e-01
    2.39175e+18         6.36479e-01    4.99223e-01
    2.39175e+18         5.89326e-01    4.99223e-01
    2.39175e+18         5.34326e-01    4.99223e-01
    2.39175e+18         5.00873e-01    4.99223e-01
    2.39175e+18         4.62802e-01    4.99223e-01
    2.39175e+18         4.18210e-01    4.99223e-01
    2.39175e+18         3.90907e-01    4.99223e-01
    2.39175e+18         3.59655e-01    4.99223e-01
    2.39175e+18         3.41196e-01    4.99223e-01
    2.39175e+18         3.20685e-01    4.99223e-01
    2.39175e+18         2.97467e-01    4.99223e-01
    2.39175e+18         2.70483e-01    4.99223e-01
    2.39175e+18         2.54165e-01    4.99223e-01
    2.39175e+18         2.35684e-01    4.99223e-01
    2.39175e+18         2.14191e-01    4.99223e-01
    2.39175e+18         2.01179e-01    4.99223e-01
    2.39175e+18         1.86431e-01    4.99223e-01
    2.39175e+18         1.69256e-01    4.99223e-01
    2.39175e+18         1.58837e-01    4.99223e-01
    2.39175e+18         1.47007e-01    4.99223e-01
    2.39175e+18         1.33196e-01    4.99223e-01
    2.39175e+18         1.24784e-01    4.99223e-01
    2.39175e+18         1.15200e-01    4.99223e-01
    2.39175e+18         1.03955e-01    4.99223e-01
    2.39175e+18         9.70509e-02    4.99223e-01
    2.39175e+18         8.91288e-02    4.99223e-01
    2.39175e+18         8.44324e-02    4.99223e-01
    2.39175e+18         7.91989e-02    4.99223e-01
    2.39175e+18         7.32510e-02    4.99223e-01
    2.39175e+18         6.62979e-02    4.99223e-01
    2.39175e+18         6.20539e-02    4.99223e-01
    2.39175e+18         5.72095e-02    4.99223e-01
    2.39175e+18         5.15100e-02    4.99223e-01
    2.39175e+18         4.79946e-02    4.99223e-01
    2.39175e+18         4.39455e-02    4.99223e-01
    2.39175e+18         4.15307e-02    4.99223e-01
    2.39175e+18         3.88269e-02    4.99223e-01
    2.39175e+18         3.57334e-02    4.99223e-01
    2.39175e+18         3.39072e-02    4.99223e-01
    2.39175e+18         3.18791e-02    4.99223e-01
    2.39175e+18         2.95846e-02    4.99223e-01
    2.39175e+18         2.69205e-02    4.99223e-01
    2.39175e+18         2.53118e-02    4.99223e-01
    2.39175e+18         2.34920e-02    4.99223e-01
    2.39175e+18         2.13794e-02    4.99223e-01
    2.39175e+18         2.01041e-02    4.99223e-01
    2.39175e+18         1.86618e-02    4.99223e-01
    2.39175e+18         1.69879e-02    4.99223e-01
    2.39175e+18         1.59779e-02    4.99223e-01
    2.39175e+18         1.48362e-02    4.99223e-01
    2.39175e+18         1.35120e-02    4.99223e-01
    2.39175e+18         1.27138e-02    4.99223e-01
    2.39175e+18         1.18122e-02    4.99223e-01
    2.39175e+18         1.07677e-02    4.99223e-01
    2.39175e+18         1.01392e-02    4.99223e-01
    2.39175e+18         9.43042e-03    4.99223e-01
    2.39175e+18         8.61107e-03    4.99223e-01
    2.39175e+18         8.11971e-03    4.99223e-01
    2.39175e+18         7.56710e-03    4.99223e-01
    2.39175e+18         6.93082e-03    4.99223e-01
    2.39175e+18         6.55159e-03    4.99223e-01
    2.39175e+18         6.12718e-03    4.99223e-01
    2.39175e+18         5.64194e-03    4.99223e-01
    2.39175e+18         5.35580e-03    4.99223e-01
    2.39175e+18         5.03826e-03    4.99223e-01
    2.39175e+18         4.67943e-03    4.99223e-01
    2.39175e+18         4.26346e-03    4.99223e-01
    2.39175e+18         4.01291e-03    4.99223e-01
    2.39175e+18         3.73010e-03    4.99223e-01
    2.39175e+18         3.40278e-03    4.99223e-01
    2.39175e+18         3.20612e-03    4.99223e-01
    2.39175e+18         2.98459e-03    4.99223e-01
    2.39175e+18         2.72896e-03    4.99223e-01
    2.39175e+18         2.57607e-03    4.99223e-01
    2.39175e+18         2.40451e-03    4.99223e-01
    2.39175e+18         2.20758e-03    4.99223e-01
    2.39175e+18         2.09077e-03    4.99223e-01
    2.39175e+18         1.96053e-03    4.99223e-01
    2.39175e+18         1.81243e-03    4.99223e-01
    2.39175e+18         1.63912e-03    4.99223e-01
    2.39175e+18         1.53318e-03    4.99223e-01
    2.39175e+18         1.41209e-03    4.99223e-01
    2.39175e+18         1.34072e-03    4.99223e-01
    2.39175e+18         1.26154e-03    4.99223e-01
    2.39175e+18         1.17212e-03    4.99223e-01
    2.39175e+18         1.06852e-03    4.99223e-01
    2.39175e+18         1.00620e-03    4.99223e-01
    2.39175e+18         9.35913e-04    4.99223e-01
    2.39175e+18         8.54674e-04    4.99223e-01
    2.39175e+18         8.05966e-04    4.99223e-01
    2.39175e+18         7.51192e-04    4.99223e-01
    2.39175e+18         6.88139e-04    4.99223e-01
    2.39175e+18         6.50571e-04    4.99223e-01
    2.39175e+18         6.08538e-04    4.99223e-01
    2.39175e+18         5.60499e-04    4.99223e-01
    2.39175e+18         5.32185e-04    4.99223e-01
    2.39175e+18         5.00778e-04    4.99223e-01
    2.39175e+18         4.65309e-04    4.99223e-01
    2.39175e+18         4.24226e-04    4.99223e-01
    2.39175e+18         3.99513e-04    4.99223e-01
    2.39175e+18         3.71649e-04    4.99223e-01
    2.39175e+18         3.39449e-04    4.99223e-01
    2.39175e+18         3.20150e-04    4.99223e-01
    2.39175e+18         2.98454e-04    4.99223e-01
    2.39175e+18         2.73489e-04    4.99223e-01
    2.39175e+18         2.58623e-04    4.99223e-01
    2.39175e+18         2.42000e-04    4.99223e-01
    2.39175e+18         2.23014e-04    4.99223e-01
    2.39175e+18         2.11837e-04    4.99223e-01
    2.39175e+18         1.99448e-04    4.99223e-01
    2.39175e+18         1.85472e-04    4.99223e-01
    2.39175e+18         1.69312e-04    4.99223e-01
    2.39175e+18         1.59615e-04    4.99223e-01
    2.39175e+18         1.48704e-04    4.99223e-01
    2.39175e+18         1.36134e-04    4.99223e-01
    2.39175e+18         1.28634e-04    4.99223e-01
    2.39175e+18         1.20235e-04    4.99223e-01
    2.39175e+18         1.10621e-04    4.99223e-01
    2.39175e+18         1.04942e-04    4.99223e-01
    2.39175e+18         9.86318e-05    4.99223e-01
    2.39175e+18         9.14884e-05    4.99223e-01
    2.39175e+18         8.31861e-05    4.99223e-01
    2.39175e+18         7.81649e-05    4.99223e-01
    2.39175e+18         7.24779e-05    4.99223e-01
    2.39175e+18         6.58634e-05    4.99223e-01
    2.39175e+18         6.18586e-05    4.99223e-01
    2.39175e+18         5.73184e-05    4.99223e-01
    2.39175e+18         5.20304e-05    4.99223e-01
    2.39175e+18         4.88217e-05    4.99223e-01
    2.39175e+18         4.51773e-05    4.99223e-01
    2.39175e+18         4.09213e-05    4.99223e-01
    2.39175e+18         3.83276e-05    4.99223e-01
    2.39175e+18         3.53710e-05    4.99223e-01
    2.39175e+18         3.18995e-05    4.99223e-01
    2.39175e+18         2.97654e-05    4.99223e-01
    2.39175e+18         2.73143e-05    4.99223e-01
    2.39175e+18         2.58589e-05    4.99223e-01
    2.39175e+18         2.42351e-05    4.99223e-01


