              t                   M              a
    1.23833e-21         1.00000e+17    8.00000e-01
    2.47665e-21         1.00000e+17    8.00000e-01
    4.95331e-21         1.00000e+17    8.00000e-01
    9.90662e-21         1.00000e+17    8.00000e-01
    1.98132e-20         1.00000e+17    8.00000e-01
    3.96265e-20         1.00000e+17    8.00000e-01
    7.92530e-20         1.00000e+17    8.00000e-01
    1.58506e-19         1.00000e+17    8.00000e-01
    3.17012e-19         1.00000e+17    8.00000e-01
    6.34024e-19         1.00000e+17    8.00000e-01
    1.26805e-18         1.00000e+17    8.00000e-01
    2.53609e-18         1.00000e+17    8.00000e-01
    5.07219e-18         1.00000e+17    8.00000e-01
    1.01444e-17         1.00000e+17    8.00000e-01
    2.02888e-17         1.00000e+17    8.00000e-01
    4.05775e-17         1.00000e+17    8.00000e-01
    8.11550e-17         1.00000e+17    8.00000e-01
    1.62310e-16         1.00000e+17    8.00000e-01
    3.24620e-16         1.00000e+17    8.00000e-01
    6.49240e-16         1.00000e+17    8.00000e-01
    1.29848e-15         1.00000e+17    8.00000e-01
    2.59696e-15         1.00000e+17    8.00000e-01
    5.19392e-15         1.00000e+17    8.00000e-01
    1.03878e-14         1.00000e+17    8.00000e-01
    2.07757e-14         1.00000e+17    8.00000e-01
    4.15514e-14         1.00000e+17    8.00000e-01
    8.31027e-14         1.00000e+17    8.00000e-01
    1.66205e-13         1.00000e+17    8.00000e-01
    3.32411e-13         1.00000e+17    8.00000e-01
    6.64822e-13         1.00000e+17    8.00000e-01
    1.32964e-12         1.00000e+17    8.00000e-01
    2.65929e-12         1.00000e+17    8.00000e-01
    5.31858e-12         1.00000e+17    8.00000e-01
    1.06372e-11         1.00000e+17    8.00000e-01
    2.12743e-11         1.00000e+17    8.00000e-01
    4.25486e-11         1.00000e+17    8.00000e-01
    8.50972e-11         1.00000e+17    8.00000e-01
    1.70194e-10         1.00000e+17    8.00000e-01
    3.40389e-10         1.00000e+17    8.00000e-01
    6.80778e-10         1.00000e+17    8.00000e-01
    1.36156e-09         1.00000e+17    8.00000e-01
    2.72311e-09         1.00000e+17    8.00000e-01
    5.44622e-09         1.00000e+17    8.00000e-01
    1.08924e-08         1.00000e+17    8.00000e-01
    2.17849e-08         1.00000e+17    8.00000e-01
    4.35698e-08         1.00000e+17    8.00000e-01
    8.71395e-08         1.00000e+17    8.00000e-01
    1.74279e-07         1.00000e+17    8.00000e-01
    3.48558e-07         1.00000e+17    8.00000e-01
    6.97116e-07         1.00000e+17    8.00000e-01
    1.39423e-06         1.00000e+17    8.00000e-01
    2.78847e-06         1.00000e+17    8.00000e-01
    5.57693e-06         1.00000e+17    8.00000e-01
    1.11539e-05         1.00000e+17    8.00000e-01
    2.23077e-05         1.00000e+17    8.00000e-01
    4.46154e-05         1.00000e+17    8.00000e-01
    8.92309e-05         1.00000e+17    8.00000e-01
    1.78462e-04         1.00000e+17    8.00000e-01
    3.56924e-04         1.00000e+17    8.00000e-01
    7.13847e-04         1.00000e+17    8.00000e-01
    1.42769e-03         1.00000e+17    8.00000e-01
    2.85539e-03         1.00000e+17    8.00000e-01
    5.71078e-03         1.00000e+17    8.00000e-01
    1.14216e-02         1.00000e+17    8.00000e-01
    2.28431e-02         1.00000e+17    8.00000e-01
    4.56862e-02         1.00000e+17    8.00000e-01
    9.13724e-02         1.00000e+17    8.00000e-01
    1.82745e-01         1.00000e+17    8.00000e-01
    3.65490e-01         1.00000e+17    8.00000e-01
    7.30979e-01         1.00000e+17    8.00000e-01
    1.46196e+00         1.00000e+17    8.00000e-01
    2.92392e+00         1.00000e+17    8.00000e-01
    5.84784e+00         1.00000e+17    8.00000e-01
    1.16957e+01         1.00000e+17    8.00000e-01
    2.33913e+01         1.00000e+17    8.00000e-01
    4.67827e+01         1.00000e+17    8.00000e-01
    9.35654e+01         1.00000e+17    8.00000e-01
    1.87131e+02         1.00000e+17    8.00000e-01
    3.74261e+02         1.00000e+17    8.00000e-01
    7.48523e+02         1.00000e+17    8.00000e-01
    1.49705e+03         1.00000e+17    8.00000e-01
    2.99409e+03         1.00000e+17    8.00000e-01
    5.98818e+03         1.00000e+17    8.00000e-01
    1.19764e+04         1.00000e+17    8.00000e-01
    2.39527e+04         1.00000e+17    8.00000e-01
    4.79055e+04         1.00000e+17    8.00000e-01
    9.58109e+04         1.00000e+17    8.00000e-01
    1.91622e+05         1.00000e+17    8.00000e-01
    3.83244e+05         1.00000e+17    8.00000e-01
    7.66488e+05         1.00000e+17    8.00000e-01
    1.53298e+06         1.00000e+17    8.00000e-01
    3.06595e+06         1.00000e+17    8.00000e-01
    6.13190e+06         1.00000e+17    8.00000e-01
    1.22638e+07         1.00000e+17    8.00000e-01
    2.45276e+07         1.00000e+17    8.00000e-01
    4.90552e+07         1.00000e+17    8.00000e-01
    9.81104e+07         1.00000e+17    8.00000e-01
    1.96221e+08         1.00000e+17    8.00000e-01
    3.92442e+08         9.99999e+16    7.99999e-01
    7.84883e+08         9.99999e+16    7.99998e-01
    1.56977e+09         9.99997e+16    7.99997e-01
    3.13953e+09         9.99994e+16    7.99994e-01
    6.27907e+09         9.99989e+16    7.99987e-01
    1.25581e+10         9.99977e+16    7.99974e-01
    2.51163e+10         9.99954e+16    7.99949e-01
    5.02325e+10         9.99909e+16    7.99897e-01
    1.00465e+11         9.99818e+16    7.99795e-01
    2.00930e+11         9.99635e+16    7.99589e-01
    4.01860e+11         9.99271e+16    7.99179e-01
    8.03720e+11         9.98543e+16    7.98360e-01
    1.60744e+12         9.97089e+16    7.96729e-01
    3.21488e+12         9.94192e+16    7.93493e-01
    6.42976e+12         9.88441e+16    7.87128e-01
    1.28595e+13         9.77040e+16    7.74760e-01
    1.92893e+13         9.65740e+16    7.63029e-01
    2.57191e+13         9.54532e+16    7.51911e-01
    3.21488e+13         9.43374e+16    7.41346e-01
    3.85786e+13         9.32155e+16    7.31202e-01
    4.50083e+13         9.20863e+16    7.21466e-01
    5.14381e+13         9.09490e+16    7.12125e-01
    5.78679e+13         8.97979e+16    7.03119e-01
    6.42976e+13         8.86294e+16    6.94410e-01
    7.07274e+13         8.74421e+16    6.85993e-01
    7.71572e+13         8.62344e+16    6.77859e-01
    8.35869e+13         8.50016e+16    6.69977e-01
    9.00167e+13         8.37385e+16    6.62317e-01
    9.64465e+13         8.24427e+16    6.54874e-01
    1.02876e+14         8.11115e+16    6.47641e-01
    1.09306e+14         7.97420e+16    6.40614e-01
    1.15736e+14         7.83308e+16    6.33717e-01
    1.22166e+14         7.68742e+16    6.26914e-01
    1.28595e+14         7.53680e+16    6.20202e-01
    1.35025e+14         7.38071e+16    6.13579e-01
    1.41455e+14         7.21858e+16    6.07041e-01
    1.47885e+14         7.04956e+16    6.00589e-01
    1.54314e+14         6.87239e+16    5.94231e-01
    1.60744e+14         6.68602e+16    5.87961e-01
    1.67174e+14         6.48918e+16    5.81776e-01
    1.73604e+14         6.28027e+16    5.75672e-01
    1.80033e+14         6.05729e+16    5.69643e-01
    1.86463e+14         5.81782e+16    5.63600e-01
    1.92893e+14         5.55861e+16    5.57440e-01
    1.99323e+14         5.27511e+16    5.51135e-01
    2.05752e+14         4.96082e+16    5.44647e-01
    2.12182e+14         4.60603e+16    5.37922e-01
    2.18612e+14         4.19517e+16    5.30882e-01
    2.21827e+14         3.94758e+16    5.27127e-01
    2.25042e+14         3.66793e+16    5.23185e-01
    2.28257e+14         3.34397e+16    5.18998e-01
    2.29864e+14         3.14906e+16    5.16738e-01
    2.31471e+14         2.92926e+16    5.14353e-01
    2.33079e+14         2.67522e+16    5.11807e-01
    2.33883e+14         2.52292e+16    5.10426e-01
    2.34686e+14         2.35166e+16    5.08965e-01
    2.35490e+14         2.15455e+16    5.07403e-01
    2.35892e+14         2.03712e+16    5.06554e-01
    2.36294e+14         1.90577e+16    5.05657e-01
    2.36696e+14         1.75568e+16    5.04698e-01
    2.36897e+14         1.66726e+16    5.04179e-01
    2.37098e+14         1.56920e+16    5.03631e-01
    2.37298e+14         1.45851e+16    5.03049e-01
    2.37499e+14         1.33037e+16    5.02422e-01
    2.37600e+14         1.25337e+16    5.02079e-01
    2.37700e+14         1.16661e+16    5.01714e-01
    2.37801e+14         1.06646e+16    5.01322e-01
    2.37851e+14         1.00654e+16    5.01107e-01
    2.37901e+14         9.39274e+15    5.00879e-01
    2.37951e+14         8.62027e+15    5.00634e-01
    2.37977e+14         8.16171e+15    5.00500e-01
    2.38002e+14         7.65018e+15    5.00359e-01
    2.38027e+14         7.06794e+15    5.00207e-01
    2.38052e+14         6.38583e+15    5.00043e-01
    2.38065e+14         5.96802e+15    4.99952e-01
    2.38077e+14         5.48965e+15    4.99854e-01
    2.38083e+14         5.20697e+15    4.99800e-01
    2.38090e+14         4.89276e+15    4.99742e-01
    2.38096e+14         4.53689e+15    4.99679e-01
    2.38102e+14         4.12300e+15    4.99609e-01
    2.38105e+14         3.87242e+15    4.99571e-01
    2.38108e+14         3.58836e+15    4.99529e-01
    2.38112e+14         3.25754e+15    4.99482e-01
    2.38113e+14         3.05683e+15    4.99456e-01
    2.38115e+14         2.82890e+15    4.99428e-01
    2.38116e+14         2.56276e+15    4.99397e-01
    2.38117e+14         2.40061e+15    4.99379e-01
    2.38118e+14         2.21582e+15    4.99360e-01
    2.38119e+14         1.99893e+15    4.99339e-01
    2.38119e+14         1.86567e+15    4.99327e-01
    2.38119e+14         1.71269e+15    4.99314e-01
    2.38120e+14         1.62193e+15    4.99307e-01
    2.38120e+14         1.52072e+15    4.99299e-01
    2.38120e+14         1.40559e+15    4.99291e-01
    2.38120e+14         1.27084e+15    4.99282e-01
    2.38120e+14         1.18842e+15    4.99277e-01
    2.38120e+14         1.09416e+15    4.99271e-01
    2.38120e+14         1.03856e+15    4.99268e-01
    2.38121e+14         9.76857e+14    4.99264e-01
    2.38121e+14         9.07107e+14    4.99261e-01
    2.38121e+14         8.26217e+14    4.99257e-01
    2.38121e+14         7.77466e+14    4.99254e-01
    2.38121e+14         7.22408e+14    4.99252e-01
    2.38121e+14         6.58639e+14    4.99249e-01
    2.38121e+14         6.20281e+14    4.99248e-01
    2.38121e+14         5.77032e+14    4.99246e-01
    2.38121e+14         5.27058e+14    4.99245e-01
    2.38121e+14         4.97107e+14    4.99244e-01
    2.38121e+14         4.63439e+14    4.99242e-01
    2.38121e+14         4.24702e+14    4.99241e-01
    2.38121e+14         4.01638e+14    4.99241e-01
    2.38121e+14         3.75850e+14    4.99240e-01
    2.38121e+14         3.46402e+14    4.99239e-01
    2.38121e+14         3.29068e+14    4.99239e-01
    2.38121e+14         3.09860e+14    4.99238e-01
    2.38121e+14         2.88196e+14    4.99238e-01
    2.38121e+14         2.63154e+14    4.99237e-01
    2.38121e+14         2.48136e+14    4.99237e-01
    2.38121e+14         2.31245e+14    4.99237e-01
    2.38121e+14         2.11796e+14    4.99236e-01
    2.38121e+14         2.00204e+14    4.99236e-01
    2.38121e+14         1.87231e+14    4.99236e-01
    2.38121e+14         1.72398e+14    4.99236e-01
    2.38121e+14         1.63650e+14    4.99236e-01
    2.38121e+14         1.53941e+14    4.99236e-01
    2.38121e+14         1.42970e+14    4.99235e-01
    2.38121e+14         1.30250e+14    4.99235e-01
    2.38121e+14         1.22588e+14    4.99235e-01
    2.38121e+14         1.13937e+14    4.99235e-01
    2.38121e+14         1.03923e+14    4.99235e-01
    2.38121e+14         9.79046e+13    4.99235e-01
    2.38121e+14         9.11235e+13    4.99235e-01
    2.38121e+14         8.32955e+13    4.99235e-01
    2.38121e+14         7.86113e+13    4.99235e-01
    2.38121e+14         7.33522e+13    4.99235e-01
    2.38121e+14         6.73120e+13    4.99235e-01
    2.38121e+14         6.37256e+13    4.99235e-01
    2.38121e+14         5.97241e+13    4.99235e-01
    2.38121e+14         5.51684e+13    4.99235e-01
    2.38121e+14         4.98293e+13    4.99235e-01
    2.38121e+14         4.65571e+13    4.99235e-01
    2.38121e+14         4.28086e+13    4.99234e-01
    2.38121e+14         4.05918e+13    4.99234e-01
    2.38121e+14         3.81263e+13    4.99234e-01
    2.38121e+14         3.53316e+13    4.99234e-01
    2.38121e+14         3.20772e+13    4.99234e-01
    2.38121e+14         3.01031e+13    4.99234e-01
    2.38121e+14         2.78617e+13    4.99234e-01
    2.38121e+14         2.52450e+13    4.99234e-01
    2.38121e+14         2.36514e+13    4.99234e-01
    2.38121e+14         2.18358e+13    4.99234e-01
    2.38121e+14         1.97058e+13    4.99234e-01
    2.38121e+14         1.83981e+13    4.99234e-01
    2.38121e+14         1.68979e+13    4.99234e-01
    2.38121e+14         1.60086e+13    4.99234e-01
    2.38121e+14         1.50179e+13    4.99234e-01
    2.38121e+14         1.38921e+13    4.99234e-01
    2.38121e+14         1.25765e+13    4.99234e-01
    2.38121e+14         1.17739e+13    4.99234e-01
    2.38121e+14         1.08581e+13    4.99234e-01
    2.38121e+14         9.78128e+12    4.99234e-01
    2.38121e+14         9.11782e+12    4.99234e-01
    2.38121e+14         8.35428e+12    4.99234e-01
    2.38121e+14         7.89955e+12    4.99234e-01
    2.38121e+14         7.39095e+12    4.99234e-01
    2.38121e+14         6.80995e+12    4.99234e-01
    2.38121e+14         6.46776e+12    4.99234e-01
    2.38121e+14         6.08841e+12    4.99234e-01
    2.38121e+14         5.66031e+12    4.99234e-01
    2.38121e+14         5.16501e+12    4.99234e-01
    2.38121e+14         4.86759e+12    4.99234e-01
    2.38121e+14         4.53271e+12    4.99234e-01
    2.38121e+14         4.14651e+12    4.99234e-01
    2.38121e+14         3.91577e+12    4.99234e-01
    2.38121e+14         3.65704e+12    4.99234e-01
    2.38121e+14         3.36040e+12    4.99234e-01
    2.38121e+14         3.18474e+12    4.99234e-01
    2.38121e+14         2.98916e+12    4.99234e-01
    2.38121e+14         2.76716e+12    4.99234e-01
    2.38121e+14         2.50810e+12    4.99234e-01
    2.38121e+14         2.35044e+12    4.99234e-01
    2.38121e+14         2.17091e+12    4.99234e-01
    2.38121e+14         1.96046e+12    4.99234e-01
    2.38121e+14         1.83143e+12    4.99234e-01
    2.38121e+14         1.68358e+12    4.99234e-01
    2.38121e+14         1.59610e+12    4.99234e-01
    2.38121e+14         1.49877e+12    4.99234e-01
    2.38121e+14         1.38839e+12    4.99234e-01
    2.38121e+14         1.25976e+12    4.99234e-01
    2.38121e+14         1.18164e+12    4.99234e-01
    2.38121e+14         1.09285e+12    4.99234e-01
    2.38121e+14         9.89045e+11    4.99234e-01
    2.38121e+14         9.25675e+11    4.99234e-01
    2.38121e+14         8.53333e+11    4.99234e-01
    2.38121e+14         7.68205e+11    4.99234e-01
    2.38121e+14         7.15685e+11    4.99234e-01
    2.38121e+14         6.55174e+11    4.99234e-01
    2.38121e+14         6.19072e+11    4.99234e-01
    2.38121e+14         5.78636e+11    4.99234e-01
    2.38121e+14         5.32351e+11    4.99234e-01
    2.38121e+14         5.05010e+11    4.99234e-01
    2.38121e+14         4.74627e+11    4.99234e-01
    2.38121e+14         4.40231e+11    4.99234e-01
    2.38121e+14         4.00249e+11    4.99234e-01
    2.38121e+14         3.76065e+11    4.99234e-01
    2.38121e+14         3.48671e+11    4.99234e-01
    2.38121e+14         3.16803e+11    4.99234e-01
    2.38121e+14         2.97502e+11    4.99234e-01
    2.38121e+14         2.75615e+11    4.99234e-01
    2.38121e+14         2.50114e+11    4.99234e-01
    2.38121e+14         2.34631e+11    4.99234e-01
    2.38121e+14         2.17038e+11    4.99234e-01
    2.38121e+14         1.96476e+11    4.99234e-01
    2.38121e+14         1.83931e+11    4.99234e-01
    2.38121e+14         1.69616e+11    4.99234e-01
    2.38121e+14         1.52783e+11    4.99234e-01
    2.38121e+14         1.42409e+11    4.99234e-01
    2.38121e+14         1.30470e+11    4.99234e-01
    2.38121e+14         1.23357e+11    4.99234e-01
    2.38121e+14         1.15401e+11    4.99234e-01
    2.38121e+14         1.06310e+11    4.99234e-01
    2.38121e+14         1.00953e+11    4.99234e-01
    2.38121e+14         9.50136e+10    4.99234e-01
    2.38121e+14         8.83080e+10    4.99234e-01
    2.38121e+14         8.05454e+10    4.99234e-01
    2.38121e+14         7.58799e+10    4.99234e-01
    2.38121e+14         7.06230e+10    4.99234e-01
    2.38121e+14         6.45545e+10    4.99234e-01
    2.38121e+14         6.09229e+10    4.99234e-01
    2.38121e+14         5.68454e+10    4.99234e-01
    2.38121e+14         5.21621e+10    4.99234e-01
    2.38121e+14         4.93810e+10    4.99234e-01
    2.38121e+14         4.62779e+10    4.99234e-01
    2.38121e+14         4.27447e+10    4.99234e-01
    2.38121e+14         3.86032e+10    4.99234e-01
    2.38121e+14         3.60643e+10    4.99234e-01
    2.38121e+14         3.31554e+10    4.99234e-01
    2.38121e+14         3.14345e+10    4.99234e-01
    2.38121e+14         2.95200e+10    4.99234e-01
    2.38121e+14         2.73492e+10    4.99234e-01
    2.38121e+14         2.48201e+10    4.99234e-01
    2.38121e+14         2.32847e+10    4.99234e-01
    2.38121e+14         2.15401e+10    4.99234e-01
    2.38121e+14         1.95015e+10    4.99234e-01
    2.38121e+14         1.82579e+10    4.99234e-01
    2.38121e+14         1.68392e+10    4.99234e-01
    2.38121e+14         1.51713e+10    4.99234e-01
    2.38121e+14         1.41440e+10    4.99234e-01
    2.38121e+14         1.29620e+10    4.99234e-01
    2.38121e+14         1.22582e+10    4.99234e-01
    2.38121e+14         1.14714e+10    4.99234e-01
    2.38121e+14         1.05729e+10    4.99234e-01
    2.38121e+14         1.00441e+10    4.99234e-01
    2.38121e+14         9.45811e+09    4.99234e-01
    2.38121e+14         8.79726e+09    4.99234e-01
    2.38121e+14         8.03340e+09    4.99234e-01
    2.38121e+14         7.57538e+09    4.99234e-01
    2.38121e+14         7.06031e+09    4.99234e-01
    2.38121e+14         6.46734e+09    4.99234e-01
    2.38121e+14         6.11400e+09    4.99234e-01
    2.38121e+14         5.71863e+09    4.99234e-01
    2.38121e+14         5.26671e+09    4.99234e-01
    2.38121e+14         5.00030e+09    4.99234e-01
    2.38121e+14         4.70475e+09    4.99234e-01
    2.38121e+14         4.37091e+09    4.99234e-01
    2.38121e+14         3.98412e+09    4.99234e-01
    2.38121e+14         3.75135e+09    4.99234e-01
    2.38121e+14         3.48880e+09    4.99234e-01
    2.38121e+14         3.18524e+09    4.99234e-01
    2.38121e+14         3.00316e+09    4.99234e-01
    2.38121e+14         2.79832e+09    4.99234e-01
    2.38121e+14         2.56240e+09    4.99234e-01
    2.38121e+14         2.42172e+09    4.99234e-01
    2.38121e+14         2.26422e+09    4.99234e-01
    2.38121e+14         2.08405e+09    4.99234e-01
    2.38121e+14         1.97771e+09    4.99234e-01
    2.38121e+14         1.85963e+09    4.99234e-01
    2.38121e+14         1.72608e+09    4.99234e-01
    2.38121e+14         1.57106e+09    4.99234e-01
    2.38121e+14         1.47751e+09    4.99234e-01
    2.38121e+14         1.37172e+09    4.99234e-01
    2.38121e+14         1.24900e+09    4.99234e-01
    2.38121e+14         1.17498e+09    4.99234e-01
    2.38121e+14         1.09135e+09    4.99234e-01
    2.38121e+14         9.94410e+08    4.99234e-01
    2.38121e+14         9.36028e+08    4.99234e-01
    2.38121e+14         8.70137e+08    4.99234e-01
    2.38121e+14         7.93888e+08    4.99234e-01
    2.38121e+14         7.48088e+08    4.99234e-01
    2.38121e+14         6.96509e+08    4.99234e-01
    2.38121e+14         6.37008e+08    4.99234e-01
    2.38121e+14         6.01440e+08    4.99234e-01
    2.38121e+14         5.61540e+08    4.99234e-01
    2.38121e+14         5.15769e+08    4.99234e-01
    2.38121e+14         4.88642e+08    4.99234e-01
    2.38121e+14         4.58419e+08    4.99234e-01
    2.38121e+14         4.24080e+08    4.99234e-01
    2.38121e+14         3.83954e+08    4.99234e-01
    2.38121e+14         3.59478e+08    4.99234e-01
    2.38121e+14         3.31556e+08    4.99234e-01
    2.38121e+14         2.98734e+08    4.99234e-01
    2.38121e+14         2.78518e+08    4.99234e-01
    2.38121e+14         2.55261e+08    4.99234e-01
    2.38121e+14         2.41417e+08    4.99234e-01
    2.38121e+14         2.25940e+08    4.99234e-01
    2.38121e+14         2.08269e+08    4.99234e-01
    2.38121e+14         1.87473e+08    4.99234e-01
    2.38121e+14         1.74640e+08    4.99234e-01
    2.38121e+14         1.59852e+08    4.99234e-01
    2.38121e+14         1.51027e+08    4.99234e-01
    2.38121e+14         1.41140e+08    4.99234e-01
    2.38121e+14         1.29820e+08    4.99234e-01
    2.38121e+14         1.23129e+08    4.99234e-01
    2.38121e+14         1.15692e+08    4.99234e-01
    2.38121e+14         1.07267e+08    4.99234e-01
    2.38121e+14         9.74679e+07    4.99234e-01
    2.38121e+14         9.15333e+07    4.99234e-01
    2.38121e+14         8.48043e+07    4.99234e-01
    2.38121e+14         7.69651e+07    4.99234e-01
    2.38121e+14         7.22063e+07    4.99234e-01
    2.38121e+14         6.67997e+07    4.99234e-01
    2.38121e+14         6.04824e+07    4.99234e-01
    2.38121e+14         5.66295e+07    4.99234e-01
    2.38121e+14         5.22344e+07    4.99234e-01
    2.38121e+14         4.70686e+07    4.99234e-01
    2.38121e+14         4.38877e+07    4.99234e-01
    2.38121e+14         4.02289e+07    4.99234e-01
    2.38121e+14         3.80517e+07    4.99234e-01
    2.38121e+14         3.56181e+07    4.99234e-01
    2.38121e+14         3.28406e+07    4.99234e-01
    2.38121e+14         2.95735e+07    4.99234e-01
    2.38121e+14         2.75591e+07    4.99234e-01
    2.38121e+14         2.52394e+07    4.99234e-01
    2.38121e+14         2.38566e+07    4.99234e-01
    2.38121e+14         2.23088e+07    4.99234e-01
    2.38121e+14         2.05387e+07    4.99234e-01
    2.38121e+14         1.94946e+07    4.99234e-01
    2.38121e+14         1.83356e+07    4.99234e-01
    2.38121e+14         1.70255e+07    4.99234e-01
    2.38121e+14         1.55060e+07    4.99234e-01
    2.38121e+14         1.45901e+07    4.99234e-01
    2.38121e+14         1.35556e+07    4.99234e-01
    2.38121e+14         1.23571e+07    4.99234e-01
    2.38121e+14         1.16359e+07    4.99234e-01
    2.38121e+14         1.08227e+07    4.99234e-01
    2.38121e+14         9.88257e+06    4.99234e-01
    2.38121e+14         9.31884e+06    4.99234e-01
    2.38121e+14         8.68484e+06    4.99234e-01
    2.38121e+14         7.95491e+06    4.99234e-01
    2.38121e+14         7.51989e+06    4.99234e-01
    2.38121e+14         7.03308e+06    4.99234e-01
    2.38121e+14         6.47655e+06    4.99234e-01
    2.38121e+14         6.14841e+06    4.99234e-01
    2.38121e+14         5.78430e+06    4.99234e-01
    2.38121e+14         5.37292e+06    4.99234e-01
    2.38121e+14         4.89613e+06    4.99234e-01
    2.38121e+14         4.60904e+06    4.99234e-01
    2.38121e+14         4.28508e+06    4.99234e-01
    2.38121e+14         3.91028e+06    4.99234e-01
    2.38121e+14         3.68523e+06    4.99234e-01
    2.38121e+14         3.43185e+06    4.99234e-01
    2.38121e+14         3.13969e+06    4.99234e-01
    2.38121e+14         2.96515e+06    4.99234e-01
    2.38121e+14         2.76946e+06    4.99234e-01
    2.38121e+14         2.54514e+06    4.99234e-01
    2.38121e+14         2.41234e+06    4.99234e-01
    2.38121e+14         2.26451e+06    4.99234e-01
    2.38121e+14         2.09676e+06    4.99234e-01
    2.38121e+14         1.90108e+06    4.99234e-01
    2.38121e+14         1.78207e+06    4.99234e-01
    2.38121e+14         1.64663e+06    4.99234e-01
    2.38121e+14         1.48799e+06    4.99234e-01
    2.38121e+14         1.39085e+06    4.99234e-01
    2.38121e+14         1.27968e+06    4.99234e-01
    2.38121e+14         1.21401e+06    4.99234e-01
    2.38121e+14         1.14105e+06    4.99234e-01
    2.38121e+14         1.05846e+06    4.99234e-01
    2.38121e+14         9.62478e+05    4.99234e-01
    2.38121e+14         9.04438e+05    4.99234e-01
    2.38121e+14         8.38710e+05    4.99234e-01
    2.38121e+14         7.62276e+05    4.99234e-01
    2.38121e+14         7.16011e+05    4.99234e-01
    2.38121e+14         6.63574e+05    4.99234e-01
    2.38121e+14         6.02522e+05    4.99234e-01
    2.38121e+14         5.65496e+05    4.99234e-01
    2.38121e+14         5.23463e+05    4.99234e-01
    2.38121e+14         4.74409e+05    4.99234e-01
    2.38121e+14         4.44547e+05    4.99234e-01
    2.38121e+14         4.10539e+05    4.99234e-01
    2.38121e+14         3.70663e+05    4.99234e-01
    2.38121e+14         3.46204e+05    4.99234e-01
    2.38121e+14         3.18167e+05    4.99234e-01
    2.38121e+14         3.01570e+05    4.99234e-01
    2.38121e+14         2.83095e+05    4.99234e-01
    2.38121e+14         2.62130e+05    4.99234e-01
    2.38121e+14         2.37677e+05    4.99234e-01
    2.38121e+14         2.22805e+05    4.99234e-01
    2.38121e+14         2.05882e+05    4.99234e-01
    2.38121e+14         1.86063e+05    4.99234e-01
    2.38121e+14         1.73930e+05    4.99234e-01
    2.38121e+14         1.60044e+05    4.99234e-01
    2.38121e+14         1.51845e+05    4.99234e-01
    2.38121e+14         1.42736e+05    4.99234e-01
    2.38121e+14         1.32427e+05    4.99234e-01
    2.38121e+14         1.20451e+05    4.99234e-01
    2.38121e+14         1.13213e+05    4.99234e-01
    2.38121e+14         1.05020e+05    4.99234e-01
    2.38121e+14         9.54990e+04    4.99234e-01
    2.38121e+14         8.97418e+04    4.99234e-01
    2.38121e+14         8.32222e+04    4.99234e-01
    2.38121e+14         7.56412e+04    4.99234e-01
    2.38121e+14         7.10527e+04    4.99234e-01
    2.38121e+14         6.58526e+04    4.99234e-01
    2.38121e+14         5.97987e+04    4.99234e-01
    2.38121e+14         5.61278e+04    4.99234e-01
    2.38121e+14         5.19611e+04    4.99234e-01
    2.38121e+14         4.70994e+04    4.99234e-01
    2.38121e+14         4.41407e+04    4.99234e-01
    2.38121e+14         4.07722e+04    4.99234e-01
    2.38121e+14         3.68241e+04    4.99234e-01
    2.38121e+14         3.44040e+04    4.99234e-01
    2.38121e+14         3.16315e+04    4.99234e-01
    2.38121e+14         2.99916e+04    4.99234e-01
    2.38121e+14         2.81675e+04    4.99234e-01
    2.38121e+14         2.60994e+04    4.99234e-01
    2.38121e+14         2.36907e+04    4.99234e-01
    2.38121e+14         2.22289e+04    4.99234e-01
    2.38121e+14         2.05686e+04    4.99234e-01
    2.38121e+14         1.86294e+04    4.99234e-01
    2.38121e+14         1.74474e+04    4.99234e-01
    2.38121e+14         1.60999e+04    4.99234e-01
    2.38121e+14         1.45174e+04    4.99234e-01
    2.38121e+14         1.35442e+04    4.99234e-01
    2.38121e+14         1.24261e+04    4.99234e-01
    2.38121e+14         1.17620e+04    4.99234e-01
    2.38121e+14         1.10207e+04    4.99234e-01
    2.38121e+14         1.01763e+04    4.99234e-01
    2.38121e+14         9.18606e+03    4.99234e-01
    2.38121e+14         8.57842e+03    4.99234e-01
    2.38121e+14         7.88164e+03    4.99234e-01
    2.38121e+14         7.46893e+03    4.99234e-01
    2.38121e+14         7.00935e+03    4.99234e-01
    2.38121e+14         6.48752e+03    4.99234e-01
    2.38121e+14         5.87838e+03    4.99234e-01
    2.38121e+14         5.50741e+03    4.99234e-01
    2.38121e+14         5.08478e+03    4.99234e-01
    2.38121e+14         4.58899e+03    4.99234e-01
    2.38121e+14         4.28463e+03    4.99234e-01
    2.38121e+14         3.93549e+03    4.99234e-01
    2.38121e+14         3.72858e+03    4.99234e-01
    2.38121e+14         3.49806e+03    4.99234e-01
    2.38121e+14         3.23616e+03    4.99234e-01
    2.38121e+14         2.93015e+03    4.99234e-01
    2.38121e+14         2.74352e+03    4.99234e-01
    2.38121e+14         2.53064e+03    4.99234e-01
    2.38121e+14         2.28044e+03    4.99234e-01
    2.38121e+14         2.12637e+03    4.99234e-01
    2.38121e+14         1.94918e+03    4.99234e-01
    2.38121e+14         1.84374e+03    4.99234e-01
    2.38121e+14         1.72590e+03    4.99234e-01
    2.38121e+14         1.59142e+03    4.99234e-01
    2.38121e+14         1.43324e+03    4.99234e-01
    2.38121e+14         1.33574e+03    4.99234e-01
    2.38121e+14         1.22348e+03    4.99234e-01
    2.38121e+14         1.15657e+03    4.99234e-01
    2.38121e+14         1.08171e+03    4.99234e-01
    2.38121e+14         9.96117e+02    4.99234e-01
    2.38121e+14         9.45652e+02    4.99234e-01
    2.38121e+14         8.89657e+02    4.99234e-01
    2.38121e+14         8.26392e+02    4.99234e-01
    2.38121e+14         7.53069e+02    4.99234e-01
    2.38121e+14         7.08921e+02    4.99234e-01
    2.38121e+14         6.59104e+02    4.99234e-01
    2.38121e+14         6.01470e+02    4.99234e-01
    2.38121e+14         5.66867e+02    4.99234e-01
    2.38121e+14         5.27910e+02    4.99234e-01
    2.38121e+14         4.82991e+02    4.99234e-01
    2.38121e+14         4.56159e+02    4.99234e-01
    2.38121e+14         4.26079e+02    4.99234e-01
    2.38121e+14         3.91601e+02    4.99234e-01
    2.38121e+14         3.71193e+02    4.99234e-01
    2.38121e+14         3.48479e+02    4.99234e-01
    2.38121e+14         3.22708e+02    4.99234e-01
    2.38121e+14         2.92656e+02    4.99234e-01
    2.38121e+14         2.74386e+02    4.99234e-01
    2.38121e+14         2.53601e+02    4.99234e-01
    2.38121e+14         2.29270e+02    4.99234e-01
    2.38121e+14         2.14386e+02    4.99234e-01
    2.38121e+14         1.97363e+02    4.99234e-01
    2.38121e+14         1.87320e+02    4.99234e-01
    2.38121e+14         1.76171e+02    4.99234e-01
    2.38121e+14         1.63566e+02    4.99234e-01
    2.38121e+14         1.48944e+02    4.99234e-01
    2.38121e+14         1.40127e+02    4.99234e-01
    2.38121e+14         1.30165e+02    4.99234e-01
    2.38121e+14         1.18621e+02    4.99234e-01
    2.38121e+14         1.11670e+02    4.99234e-01
    2.38121e+14         1.03827e+02    4.99234e-01
    2.38121e+14         9.47552e+01    4.99234e-01
    2.38121e+14         8.93089e+01    4.99234e-01
    2.38121e+14         8.31780e+01    4.99234e-01
    2.38121e+14         7.61101e+01    4.99234e-01
    2.38121e+14         7.18893e+01    4.99234e-01
    2.38121e+14         6.71583e+01    4.99234e-01
    2.38121e+14         6.17373e+01    4.99234e-01
    2.38121e+14         5.85299e+01    4.99234e-01
    2.38121e+14         5.49614e+01    4.99234e-01
    2.38121e+14         5.09143e+01    4.99234e-01
    2.38121e+14         4.61984e+01    4.99234e-01
    2.38121e+14         4.33344e+01    4.99234e-01
    2.38121e+14         4.00794e+01    4.99234e-01
    2.38121e+14         3.62742e+01    4.99234e-01
    2.38121e+14         3.39515e+01    4.99234e-01
    2.38121e+14         3.13002e+01    4.99234e-01
    2.38121e+14         2.81806e+01    4.99234e-01
    2.38121e+14         2.62563e+01    4.99234e-01
    2.38121e+14         2.40397e+01    4.99234e-01
    2.38121e+14         2.27176e+01    4.99234e-01
    2.38121e+14         2.12371e+01    4.99234e-01
    2.38121e+14         1.95430e+01    4.99234e-01
    2.38121e+14         1.85427e+01    4.99234e-01
    2.38121e+14         1.74316e+01    4.99234e-01
    2.38121e+14         1.61744e+01    4.99234e-01
    2.38121e+14         1.47140e+01    4.99234e-01
    2.38121e+14         1.38318e+01    4.99234e-01
    2.38121e+14         1.28333e+01    4.99234e-01
    2.38121e+14         1.16735e+01    4.99234e-01
    2.38121e+14         1.09727e+01    4.99234e-01
    2.38121e+14         1.01794e+01    4.99234e-01
    2.38121e+14         9.25768e+00    4.99234e-01
    2.38121e+14         8.70048e+00    4.99234e-01
    2.38121e+14         8.06964e+00    4.99234e-01
    2.38121e+14         7.33630e+00    4.99234e-01
    2.38121e+14         6.89267e+00    4.99234e-01
    2.38121e+14         6.39009e+00    4.99234e-01
    2.38121e+14         5.80535e+00    4.99234e-01
    2.38121e+14         5.45111e+00    4.99234e-01
    2.38121e+14         5.04934e+00    4.99234e-01
    2.38121e+14         4.58108e+00    4.99234e-01
    2.38121e+14         4.29665e+00    4.99234e-01
    2.38121e+14         3.97331e+00    4.99234e-01
    2.38121e+14         3.59520e+00    4.99234e-01
    2.38121e+14         3.36429e+00    4.99234e-01
    2.38121e+14         3.10059e+00    4.99234e-01
    2.38121e+14         2.94536e+00    4.99234e-01
    2.38121e+14         2.77334e+00    4.99234e-01
    2.38121e+14         2.57932e+00    4.99234e-01
    2.38121e+14         2.35501e+00    4.99234e-01
    2.38121e+14         2.22047e+00    4.99234e-01
    2.38121e+14         2.06914e+00    4.99234e-01
    2.38121e+14         1.89485e+00    4.99234e-01
    2.38121e+14         1.79095e+00    4.99234e-01
    2.38121e+14         1.67463e+00    4.99234e-01
    2.38121e+14         1.54160e+00    4.99234e-01
    2.38121e+14         1.46311e+00    4.99234e-01
    2.38121e+14         1.37597e+00    4.99234e-01
    2.38121e+14         1.27744e+00    4.99234e-01
    2.38121e+14         1.16313e+00    4.99234e-01
    2.38121e+14         1.09419e+00    4.99234e-01
    2.38121e+14         1.01628e+00    4.99234e-01
    2.38121e+14         9.25976e-01    4.99234e-01
    2.38121e+14         8.71587e-01    4.99234e-01
    2.38121e+14         8.10199e-01    4.99234e-01
    2.38121e+14         7.39155e-01    4.99234e-01
    2.38121e+14         6.96477e-01    4.99234e-01
    2.38121e+14         6.48407e-01    4.99234e-01
    2.38121e+14         5.92947e-01    4.99234e-01
    2.38121e+14         5.59787e-01    4.99234e-01
    2.38121e+14         5.22581e-01    4.99234e-01
    2.38121e+14         4.79890e-01    4.99234e-01
    2.38121e+14         4.54577e-01    4.99234e-01
    2.38121e+14         4.26367e-01    4.99234e-01
    2.38121e+14         3.94300e-01    4.99234e-01
    2.38121e+14         3.56806e-01    4.99234e-01
    2.38121e+14         3.33912e-01    4.99234e-01
    2.38121e+14         3.07771e-01    4.99234e-01
    2.38121e+14         2.77000e-01    4.99234e-01
    2.38121e+14         2.58007e-01    4.99234e-01
    2.38121e+14         2.36114e-01    4.99234e-01
    2.38121e+14         2.23044e-01    4.99234e-01
    2.38121e+14         2.08397e-01    4.99234e-01
    2.38121e+14         1.91619e-01    4.99234e-01
    2.38121e+14         1.81696e-01    4.99234e-01
    2.38121e+14         1.70660e-01    4.99234e-01
    2.38121e+14         1.58151e-01    4.99234e-01
    2.38121e+14         1.43584e-01    4.99234e-01
    2.38121e+14         1.34748e-01    4.99234e-01
    2.38121e+14         1.24715e-01    4.99234e-01
    2.38121e+14         1.13003e-01    4.99234e-01
    2.38121e+14         1.05871e-01    4.99234e-01
    2.38121e+14         9.77443e-02    4.99234e-01
    2.38121e+14         8.82107e-02    4.99234e-01
    2.38121e+14         8.23579e-02    4.99234e-01
    2.38121e+14         7.56436e-02    4.99234e-01
    2.38121e+14         7.16640e-02    4.99234e-01
    2.38121e+14         6.72302e-02    4.99234e-01
    2.38121e+14         6.21923e-02    4.99234e-01
    2.38121e+14         5.63051e-02    4.99234e-01
    2.38121e+14         5.27138e-02    4.99234e-01
    2.38121e+14         4.86165e-02    4.99234e-01
    2.38121e+14         4.37994e-02    4.99234e-01
    2.38121e+14         4.08320e-02    4.99234e-01
    2.38121e+14         3.74175e-02    4.99234e-01
    2.38121e+14         3.53845e-02    4.99234e-01
    2.38121e+14         3.31112e-02    4.99234e-01
    2.38121e+14         3.05150e-02    4.99234e-01
    2.38121e+14         2.89866e-02    4.99234e-01
    2.38121e+14         2.72928e-02    4.99234e-01
    2.38121e+14         2.53822e-02    4.99234e-01
    2.38121e+14         2.31732e-02    4.99234e-01
    2.38121e+14         2.18481e-02    4.99234e-01
    2.38121e+14         2.03573e-02    4.99234e-01
    2.38121e+14         1.86402e-02    4.99234e-01
    2.38121e+14         1.76162e-02    4.99234e-01
    2.38121e+14         1.64697e-02    4.99234e-01
    2.38121e+14         1.51581e-02    4.99234e-01
    2.38121e+14         1.43838e-02    4.99234e-01
    2.38121e+14         1.35240e-02    4.99234e-01
    2.38121e+14         1.25513e-02    4.99234e-01
    2.38121e+14         1.14220e-02    4.99234e-01
    2.38121e+14         1.07402e-02    4.99234e-01
    2.38121e+14         9.96914e-03    4.99234e-01
    2.38121e+14         9.07414e-03    4.99234e-01
    2.38121e+14         8.53401e-03    4.99234e-01
    2.38121e+14         7.92334e-03    4.99234e-01
    2.38121e+14         7.21492e-03    4.99234e-01
    2.38121e+14         6.78773e-03    4.99234e-01
    2.38121e+14         6.30509e-03    4.99234e-01
    2.38121e+14         5.74572e-03    4.99234e-01
    2.38121e+14         5.40893e-03    4.99234e-01
    2.38121e+14         5.02889e-03    4.99234e-01
    2.38121e+14         4.58924e-03    4.99234e-01
    2.38121e+14         4.32528e-03    4.99234e-01
    2.38121e+14         4.02812e-03    4.99234e-01
    2.38121e+14         3.68550e-03    4.99234e-01
    2.38121e+14         3.48085e-03    4.99234e-01
    2.38121e+14         3.25144e-03    4.99234e-01
    2.38121e+14         2.98851e-03    4.99234e-01
    2.38121e+14         2.83289e-03    4.99234e-01
    2.38121e+14         2.65971e-03    4.99234e-01
    2.38121e+14         2.46325e-03    4.99234e-01
    2.38121e+14         2.23419e-03    4.99234e-01
    2.38121e+14         2.09497e-03    4.99234e-01
    2.38121e+14         1.93664e-03    4.99234e-01
    2.38121e+14         1.75136e-03    4.99234e-01
    2.38121e+14         1.63808e-03    4.99234e-01
    2.38121e+14         1.50859e-03    4.99234e-01
    2.38121e+14         1.43225e-03    4.99234e-01
    2.38121e+14         1.34757e-03    4.99234e-01
    2.38121e+14         1.25190e-03    4.99234e-01
    2.38121e+14         1.14105e-03    4.99234e-01
    2.38121e+14         1.07433e-03    4.99234e-01
    2.38121e+14         9.99071e-04    4.99234e-01
    2.38121e+14         9.12045e-04    4.99234e-01
    2.38121e+14         8.59833e-04    4.99234e-01
    2.38121e+14         8.01086e-04    4.99234e-01
    2.38121e+14         7.33407e-04    4.99234e-01
    2.38121e+14         6.93035e-04    4.99234e-01
    2.38121e+14         6.47821e-04    4.99234e-01
    2.38121e+14         5.96076e-04    4.99234e-01
    2.38121e+14         5.65516e-04    4.99234e-01
    2.38121e+14         5.31565e-04    4.99234e-01
    2.38121e+14         4.93137e-04    4.99234e-01
    2.38121e+14         4.48488e-04    4.99234e-01
    2.38121e+14         4.21497e-04    4.99234e-01
    2.38121e+14         3.90939e-04    4.99234e-01
    2.38121e+14         3.55417e-04    4.99234e-01
    2.38121e+14         3.33928e-04    4.99234e-01
    2.38121e+14         3.09584e-04    4.99234e-01
    2.38121e+14         2.81261e-04    4.99234e-01
    2.38121e+14         2.64104e-04    4.99234e-01
    2.38121e+14         2.44646e-04    4.99234e-01
    2.38121e+14         2.21969e-04    4.99234e-01
    2.38121e+14         2.08196e-04    4.99234e-01
    2.38121e+14         1.92539e-04    4.99234e-01
    2.38121e+14         1.74233e-04    4.99234e-01
    2.38121e+14         1.63056e-04    4.99234e-01
    2.38121e+14         1.50294e-04    4.99234e-01
    2.38121e+14         1.35272e-04    4.99234e-01
    2.38121e+14         1.26001e-04    4.99234e-01
    2.38121e+14         1.15314e-04    4.99234e-01
    2.38121e+14         1.08935e-04    4.99234e-01
    2.38121e+14         1.01787e-04    4.99234e-01
    2.38121e+14         9.35993e-05    4.99234e-01
    2.38121e+14         8.87579e-05    4.99234e-01
    2.38121e+14         8.33740e-05    4.99234e-01
    2.38121e+14         7.72724e-05    4.99234e-01
    2.38121e+14         7.01691e-05    4.99234e-01
    2.38121e+14         6.58619e-05    4.99234e-01
    2.38121e+14         6.09730e-05    4.99234e-01
    2.38121e+14         5.52687e-05    4.99234e-01
    2.38121e+14         5.17974e-05    4.99234e-01
    2.38121e+14         4.78452e-05    4.99234e-01
    2.38121e+14         4.32132e-05    4.99234e-01
    2.38121e+14         4.03741e-05    4.99234e-01
    2.38121e+14         3.71216e-05    4.99234e-01
    2.38121e+14         3.51979e-05    4.99234e-01
    2.38121e+14         3.30582e-05    4.99234e-01
    2.38121e+14         3.06325e-05    4.99234e-01
    2.38121e+14         2.78074e-05    4.99234e-01
    2.38121e+14         2.60933e-05    4.99234e-01
    2.38121e+14         2.41466e-05    4.99234e-01


