              t                   M              a
    1.23833e-21         1.00000e+17    8.00000e-01
    2.47665e-21         1.00000e+17    8.00000e-01
    4.95331e-21         1.00000e+17    8.00000e-01
    9.90662e-21         1.00000e+17    8.00000e-01
    1.98132e-20         1.00000e+17    8.00000e-01
    3.96265e-20         1.00000e+17    8.00000e-01
    7.92530e-20         1.00000e+17    8.00000e-01
    1.58506e-19         1.00000e+17    8.00000e-01
    3.17012e-19         1.00000e+17    8.00000e-01
    6.34024e-19         1.00000e+17    8.00000e-01
    1.26805e-18         1.00000e+17    8.00000e-01
    2.53609e-18         1.00000e+17    8.00000e-01
    5.07219e-18         1.00000e+17    8.00000e-01
    1.01444e-17         1.00000e+17    8.00000e-01
    2.02888e-17         1.00000e+17    8.00000e-01
    4.05775e-17         1.00000e+17    8.00000e-01
    8.11550e-17         1.00000e+17    8.00000e-01
    1.62310e-16         1.00000e+17    8.00000e-01
    3.24620e-16         1.00000e+17    8.00000e-01
    6.49240e-16         1.00000e+17    8.00000e-01
    1.29848e-15         1.00000e+17    8.00000e-01
    2.59696e-15         1.00000e+17    8.00000e-01
    5.19392e-15         1.00000e+17    8.00000e-01
    1.03878e-14         1.00000e+17    8.00000e-01
    2.07757e-14         1.00000e+17    8.00000e-01
    4.15514e-14         1.00000e+17    8.00000e-01
    8.31027e-14         1.00000e+17    8.00000e-01
    1.66205e-13         1.00000e+17    8.00000e-01
    3.32411e-13         1.00000e+17    8.00000e-01
    6.64822e-13         1.00000e+17    8.00000e-01
    1.32964e-12         1.00000e+17    8.00000e-01
    2.65929e-12         1.00000e+17    8.00000e-01
    5.31858e-12         1.00000e+17    8.00000e-01
    1.06372e-11         1.00000e+17    8.00000e-01
    2.12743e-11         1.00000e+17    8.00000e-01
    4.25486e-11         1.00000e+17    8.00000e-01
    8.50972e-11         1.00000e+17    8.00000e-01
    1.70194e-10         1.00000e+17    8.00000e-01
    3.40389e-10         1.00000e+17    8.00000e-01
    6.80778e-10         1.00000e+17    8.00000e-01
    1.36156e-09         1.00000e+17    8.00000e-01
    2.72311e-09         1.00000e+17    8.00000e-01
    5.44622e-09         1.00000e+17    8.00000e-01
    1.08924e-08         1.00000e+17    8.00000e-01
    2.17849e-08         1.00000e+17    8.00000e-01
    4.35698e-08         1.00000e+17    8.00000e-01
    8.71395e-08         1.00000e+17    8.00000e-01
    1.74279e-07         1.00000e+17    8.00000e-01
    3.48558e-07         1.00000e+17    8.00000e-01
    6.97116e-07         1.00000e+17    8.00000e-01
    1.39423e-06         1.00000e+17    8.00000e-01
    2.78847e-06         1.00000e+17    8.00000e-01
    5.57693e-06         1.00000e+17    8.00000e-01
    1.11539e-05         1.00000e+17    8.00000e-01
    2.23077e-05         1.00000e+17    8.00000e-01
    4.46154e-05         1.00000e+17    8.00000e-01
    8.92309e-05         1.00000e+17    8.00000e-01
    1.78462e-04         1.00000e+17    8.00000e-01
    3.56924e-04         1.00000e+17    8.00000e-01
    7.13847e-04         1.00000e+17    8.00000e-01
    1.42769e-03         1.00000e+17    8.00000e-01
    2.85539e-03         1.00000e+17    8.00000e-01
    5.71078e-03         1.00000e+17    8.00000e-01
    1.14216e-02         1.00000e+17    8.00000e-01
    2.28431e-02         1.00000e+17    8.00000e-01
    4.56862e-02         1.00000e+17    8.00000e-01
    9.13724e-02         1.00000e+17    8.00000e-01
    1.82745e-01         1.00000e+17    8.00000e-01
    3.65490e-01         9.99999e+16    7.99999e-01
    7.30979e-01         9.99999e+16    7.99999e-01
    1.46196e+00         9.99997e+16    7.99997e-01
    2.92392e+00         9.99995e+16    7.99994e-01
    5.84784e+00         9.99989e+16    7.99988e-01
    1.16957e+01         9.99979e+16    7.99976e-01
    2.33913e+01         9.99958e+16    7.99952e-01
    4.67827e+01         9.99915e+16    7.99904e-01
    9.35654e+01         9.99830e+16    7.99809e-01
    1.87131e+02         9.99660e+16    7.99617e-01
    3.74261e+02         9.99321e+16    7.99235e-01
    7.48523e+02         9.98643e+16    7.98472e-01
    1.49705e+03         9.97288e+16    7.96952e-01
    2.99409e+03         9.94589e+16    7.93935e-01
    5.98818e+03         9.89228e+16    7.87994e-01
    1.19764e+04         9.78603e+16    7.76434e-01
    1.79646e+04         9.68066e+16    7.65428e-01
    2.39527e+04         9.57610e+16    7.54955e-01
    2.99409e+04         9.47228e+16    7.44997e-01
    3.59291e+04         9.36798e+16    7.35412e-01
    4.19173e+04         9.26310e+16    7.26184e-01
    4.79055e+04         9.15754e+16    7.17303e-01
    5.38937e+04         9.05117e+16    7.08753e-01
    5.98818e+04         8.94334e+16    7.00465e-01
    6.58700e+04         8.83397e+16    6.92434e-01
    7.18582e+04         8.72293e+16    6.84652e-01
    7.78464e+04         8.61008e+16    6.77114e-01
    8.38346e+04         8.49496e+16    6.69788e-01
    8.98228e+04         8.37720e+16    6.62654e-01
    9.58109e+04         8.25659e+16    6.55707e-01
    1.01799e+05         8.13292e+16    6.48942e-01
    1.07787e+05         8.00596e+16    6.42357e-01
    1.13775e+05         7.87545e+16    6.35904e-01
    1.19764e+05         7.74108e+16    6.29533e-01
    1.25752e+05         7.60252e+16    6.23242e-01
    1.31740e+05         7.45939e+16    6.17028e-01
    1.37728e+05         7.31127e+16    6.10889e-01
    1.43716e+05         7.15764e+16    6.04822e-01
    1.49705e+05         6.99756e+16    5.98834e-01
    1.55693e+05         6.83010e+16    5.92925e-01
    1.61681e+05         6.65439e+16    5.87091e-01
    1.67669e+05         6.46932e+16    5.81329e-01
    1.73657e+05         6.27357e+16    5.75636e-01
    1.79646e+05         6.06546e+16    5.70007e-01
    1.85634e+05         5.84302e+16    5.64368e-01
    1.91622e+05         5.60365e+16    5.58629e-01
    1.97610e+05         5.34376e+16    5.52766e-01
    2.03598e+05         5.05841e+16    5.46749e-01
    2.09586e+05         4.74044e+16    5.40537e-01
    2.15575e+05         4.37895e+16    5.34074e-01
    2.21563e+05         3.95573e+16    5.27261e-01
    2.24557e+05         3.69636e+16    5.23594e-01
    2.27551e+05         3.39928e+16    5.19715e-01
    2.29048e+05         3.22361e+16    5.17636e-01
    2.30545e+05         3.02827e+16    5.15455e-01
    2.32042e+05         2.80690e+16    5.13147e-01
    2.33539e+05         2.54922e+16    5.10674e-01
    2.34288e+05         2.39300e+16    5.09325e-01
    2.35036e+05         2.21571e+16    5.07892e-01
    2.35785e+05         2.00891e+16    5.06349e-01
    2.36159e+05         1.88312e+16    5.05502e-01
    2.36533e+05         1.73995e+16    5.04600e-01
    2.36908e+05         1.57225e+16    5.03624e-01
    2.37095e+05         1.46956e+16    5.03086e-01
    2.37282e+05         1.35201e+16    5.02510e-01
    2.37375e+05         1.28257e+16    5.02197e-01
    2.37469e+05         1.20541e+16    5.01866e-01
    2.37562e+05         1.11805e+16    5.01514e-01
    2.37656e+05         1.01650e+16    5.01133e-01
    2.37703e+05         9.55079e+15    5.00924e-01
    2.37750e+05         8.85499e+15    5.00701e-01
    2.37796e+05         8.04554e+15    5.00459e-01
    2.37820e+05         7.55527e+15    5.00326e-01
    2.37843e+05         6.99932e+15    5.00185e-01
    2.37867e+05         6.35153e+15    5.00031e-01
    2.37878e+05         5.95820e+15    4.99947e-01
    2.37890e+05         5.51122e+15    4.99855e-01
    2.37902e+05         4.98879e+15    4.99755e-01
    2.37908e+05         4.66999e+15    4.99698e-01
    2.37913e+05         4.30619e+15    4.99637e-01
    2.37919e+05         3.87832e+15    4.99568e-01
    2.37922e+05         3.61457e+15    4.99530e-01
    2.37925e+05         3.31093e+15    4.99487e-01
    2.37927e+05         3.12998e+15    4.99464e-01
    2.37928e+05         2.92751e+15    4.99439e-01
    2.37929e+05         2.69606e+15    4.99411e-01
    2.37930e+05         2.55961e+15    4.99396e-01
    2.37931e+05         2.40823e+15    4.99379e-01
    2.37932e+05         2.23722e+15    4.99362e-01
    2.37932e+05         2.03907e+15    4.99343e-01
    2.37933e+05         1.91980e+15    4.99332e-01
    2.37933e+05         1.78525e+15    4.99320e-01
    2.37933e+05         1.62965e+15    4.99307e-01
    2.37934e+05         1.53629e+15    4.99300e-01
    2.37934e+05         1.43123e+15    4.99293e-01
    2.37934e+05         1.31018e+15    4.99284e-01
    2.37934e+05         1.23796e+15    4.99280e-01
    2.37934e+05         1.15707e+15    4.99275e-01
    2.37934e+05         1.06446e+15    4.99269e-01
    2.37934e+05         1.00976e+15    4.99266e-01
    2.37934e+05         9.48961e+14    4.99263e-01
    2.37934e+05         8.80126e+14    4.99259e-01
    2.37934e+05         8.00102e+14    4.99255e-01
    2.37934e+05         7.51686e+14    4.99253e-01
    2.37935e+05         6.96833e+14    4.99251e-01
    2.37935e+05         6.33003e+14    4.99248e-01
    2.37935e+05         5.94328e+14    4.99247e-01
    2.37935e+05         5.50455e+14    4.99245e-01
    2.37935e+05         4.99309e+14    4.99244e-01
    2.37935e+05         4.68229e+14    4.99243e-01
    2.37935e+05         4.32887e+14    4.99242e-01
    2.37935e+05         3.91537e+14    4.99240e-01
    2.37935e+05         3.66265e+14    4.99240e-01
    2.37935e+05         3.37385e+14    4.99239e-01
    2.37935e+05         3.20367e+14    4.99239e-01
    2.37935e+05         3.01493e+14    4.99238e-01
    2.37935e+05         2.80182e+14    4.99238e-01
    2.37935e+05         2.55506e+14    4.99237e-01
    2.37935e+05         2.40669e+14    4.99237e-01
    2.37935e+05         2.23947e+14    4.99237e-01
    2.37935e+05         2.04635e+14    4.99236e-01
    2.37935e+05         1.93070e+14    4.99236e-01
    2.37935e+05         1.80078e+14    4.99236e-01
    2.37935e+05         1.65144e+14    4.99236e-01
    2.37935e+05         1.56265e+14    4.99236e-01
    2.37935e+05         1.46349e+14    4.99235e-01
    2.37935e+05         1.35044e+14    4.99235e-01
    2.37935e+05         1.21766e+14    4.99235e-01
    2.37935e+05         1.13600e+14    4.99235e-01
    2.37935e+05         1.04219e+14    4.99235e-01
    2.37935e+05         9.86454e+13    4.99235e-01
    2.37935e+05         9.24244e+13    4.99235e-01
    2.37935e+05         8.53379e+13    4.99235e-01
    2.37935e+05         7.70255e+13    4.99235e-01
    2.37935e+05         7.19238e+13    4.99235e-01
    2.37935e+05         6.60728e+13    4.99235e-01
    2.37935e+05         6.26062e+13    4.99235e-01
    2.37935e+05         5.87450e+13    4.99235e-01
    2.37935e+05         5.43596e+13    4.99235e-01
    2.37935e+05         4.92382e+13    4.99235e-01
    2.37935e+05         4.61170e+13    4.99235e-01
    2.37935e+05         4.25591e+13    4.99234e-01
    2.37935e+05         3.83814e+13    4.99234e-01
    2.37935e+05         3.58131e+13    4.99234e-01
    2.37935e+05         3.28632e+13    4.99234e-01
    2.37935e+05         3.11116e+13    4.99234e-01
    2.37935e+05         2.91572e+13    4.99234e-01
    2.37935e+05         2.69320e+13    4.99234e-01
    2.37935e+05         2.43239e+13    4.99234e-01
    2.37935e+05         2.27252e+13    4.99234e-01
    2.37935e+05         2.08937e+13    4.99234e-01
    2.37935e+05         1.98103e+13    4.99234e-01
    2.37935e+05         1.86052e+13    4.99234e-01
    2.37935e+05         1.72390e+13    4.99234e-01
    2.37935e+05         1.56476e+13    4.99234e-01
    2.37935e+05         1.46818e+13    4.99234e-01
    2.37935e+05         1.35848e+13    4.99234e-01
    2.37935e+05         1.23035e+13    4.99234e-01
    2.37935e+05         1.15224e+13    4.99234e-01
    2.37935e+05         1.06319e+13    4.99234e-01
    2.37935e+05         9.58592e+12    4.99234e-01
    2.37935e+05         8.94258e+12    4.99234e-01
    2.37935e+05         8.20335e+12    4.99234e-01
    2.37935e+05         7.76411e+12    4.99234e-01
    2.37935e+05         7.27377e+12    4.99234e-01
    2.37935e+05         6.71510e+12    4.99234e-01
    2.37935e+05         6.05960e+12    4.99234e-01
    2.37935e+05         5.65710e+12    4.99234e-01
    2.37935e+05         5.19529e+12    4.99234e-01
    2.37935e+05         4.92151e+12    4.99234e-01
    2.37935e+05         4.61643e+12    4.99234e-01
    2.37935e+05         4.26968e+12    4.99234e-01
    2.37935e+05         3.86433e+12    4.99234e-01
    2.37935e+05         3.61691e+12    4.99234e-01
    2.37935e+05         3.33448e+12    4.99234e-01
    2.37935e+05         3.00218e+12    4.99234e-01
    2.37935e+05         2.79721e+12    4.99234e-01
    2.37935e+05         2.56110e+12    4.99234e-01
    2.37935e+05         2.42028e+12    4.99234e-01
    2.37935e+05         2.26259e+12    4.99234e-01
    2.37935e+05         2.08216e+12    4.99234e-01
    2.37935e+05         1.97563e+12    4.99234e-01
    2.37935e+05         1.85730e+12    4.99234e-01
    2.37935e+05         1.72341e+12    4.99234e-01
    2.37935e+05         1.56791e+12    4.99234e-01
    2.37935e+05         1.47398e+12    4.99234e-01
    2.37935e+05         1.36769e+12    4.99234e-01
    2.37935e+05         1.24424e+12    4.99234e-01
    2.37935e+05         1.16966e+12    4.99234e-01
    2.37935e+05         1.08526e+12    4.99234e-01
    2.37935e+05         9.87232e+11    4.99234e-01
    2.37935e+05         9.27998e+11    4.99234e-01
    2.37935e+05         8.60961e+11    4.99234e-01
    2.37935e+05         7.83078e+11    4.99234e-01
    2.37935e+05         7.36005e+11    4.99234e-01
    2.37935e+05         6.82719e+11    4.99234e-01
    2.37935e+05         6.20790e+11    4.99234e-01
    2.37935e+05         5.83339e+11    4.99234e-01
    2.37935e+05         5.40925e+11    4.99234e-01
    2.37935e+05         4.91599e+11    4.99234e-01
    2.37935e+05         4.61739e+11    4.99234e-01
    2.37935e+05         4.27891e+11    4.99234e-01
    2.37935e+05         3.88477e+11    4.99234e-01
    2.37935e+05         3.64568e+11    4.99234e-01
    2.37935e+05         3.37420e+11    4.99234e-01
    2.37935e+05         3.05728e+11    4.99234e-01
    2.37935e+05         2.86427e+11    4.99234e-01
    2.37935e+05         2.64437e+11    4.99234e-01
    2.37935e+05         2.38637e+11    4.99234e-01
    2.37935e+05         2.22797e+11    4.99234e-01
    2.37935e+05         2.04625e+11    4.99234e-01
    2.37935e+05         1.93853e+11    4.99234e-01
    2.37935e+05         1.81851e+11    4.99234e-01
    2.37935e+05         1.68212e+11    4.99234e-01
    2.37935e+05         1.52273e+11    4.99234e-01
    2.37935e+05         1.42547e+11    4.99234e-01
    2.37935e+05         1.31448e+11    4.99234e-01
    2.37935e+05         1.18397e+11    4.99234e-01
    2.37935e+05         1.10353e+11    4.99234e-01
    2.37935e+05         1.01094e+11    4.99234e-01
    2.37935e+05         9.55777e+10    4.99234e-01
    2.37935e+05         8.94062e+10    4.99234e-01
    2.37935e+05         8.23532e+10    4.99234e-01
    2.37935e+05         7.81968e+10    4.99234e-01
    2.37935e+05         7.35867e+10    4.99234e-01
    2.37935e+05         6.83810e+10    4.99234e-01
    2.37935e+05         6.23525e+10    4.99234e-01
    2.37935e+05         5.87273e+10    4.99234e-01
    2.37935e+05         5.46406e+10    4.99234e-01
    2.37935e+05         4.99198e+10    4.99234e-01
    2.37935e+05         4.70918e+10    4.99234e-01
    2.37935e+05         4.39140e+10    4.99234e-01
    2.37935e+05         4.02596e+10    4.99234e-01
    2.37935e+05         3.80856e+10    4.99234e-01
    2.37935e+05         3.56564e+10    4.99234e-01
    2.37935e+05         3.28849e+10    4.99234e-01
    2.37935e+05         2.96266e+10    4.99234e-01
    2.37935e+05         2.76194e+10    4.99234e-01
    2.37935e+05         2.53098e+10    4.99234e-01
    2.37935e+05         2.39346e+10    4.99234e-01
    2.37935e+05         2.23969e+10    4.99234e-01
    2.37935e+05         2.06408e+10    4.99234e-01
    2.37935e+05         1.96070e+10    4.99234e-01
    2.37935e+05         1.84613e+10    4.99234e-01
    2.37935e+05         1.71689e+10    4.99234e-01
    2.37935e+05         1.56747e+10    4.99234e-01
    2.37935e+05         1.47784e+10    4.99234e-01
    2.37935e+05         1.37700e+10    4.99234e-01
    2.37935e+05         1.26086e+10    4.99234e-01
    2.37935e+05         1.19159e+10    4.99234e-01
    2.37935e+05         1.11404e+10    4.99234e-01
    2.37935e+05         1.02532e+10    4.99234e-01
    2.37935e+05         9.72948e+09    4.99234e-01
    2.37935e+05         9.14787e+09    4.99234e-01
    2.37935e+05         8.48996e+09    4.99234e-01
    2.37935e+05         7.72613e+09    4.99234e-01
    2.37935e+05         7.26496e+09    4.99234e-01
    2.37935e+05         6.74339e+09    4.99234e-01
    2.37935e+05         6.13802e+09    4.99234e-01
    2.37935e+05         5.77268e+09    4.99234e-01
    2.37935e+05         5.35964e+09    4.99234e-01
    2.37935e+05         4.88049e+09    4.99234e-01
    2.37935e+05         4.59155e+09    4.99234e-01
    2.37935e+05         4.26512e+09    4.99234e-01
    2.37935e+05         3.88680e+09    4.99234e-01
    2.37935e+05         3.65902e+09    4.99234e-01
    2.37935e+05         3.40201e+09    4.99234e-01
    2.37935e+05         3.10469e+09    4.99234e-01
    2.37935e+05         2.92620e+09    4.99234e-01
    2.37935e+05         2.72527e+09    4.99234e-01
    2.37935e+05         2.49361e+09    4.99234e-01
    2.37935e+05         2.35526e+09    4.99234e-01
    2.37935e+05         2.20018e+09    4.99234e-01
    2.37935e+05         2.02247e+09    4.99234e-01
    2.37935e+05         1.91732e+09    4.99234e-01
    2.37935e+05         1.80031e+09    4.99234e-01
    2.37935e+05         1.66760e+09    4.99234e-01
    2.37935e+05         1.51293e+09    4.99234e-01
    2.37935e+05         1.41897e+09    4.99234e-01
    2.37935e+05         1.31216e+09    4.99234e-01
    2.37935e+05         1.18725e+09    4.99234e-01
    2.37935e+05         1.11096e+09    4.99234e-01
    2.37935e+05         1.02384e+09    4.99234e-01
    2.37935e+05         9.72545e+08    4.99234e-01
    2.37935e+05         9.15700e+08    4.99234e-01
    2.37935e+05         8.51578e+08    4.99234e-01
    2.37935e+05         7.77437e+08    4.99234e-01
    2.37935e+05         7.32959e+08    4.99234e-01
    2.37935e+05         6.82918e+08    4.99234e-01
    2.37935e+05         6.25276e+08    4.99234e-01
    2.37935e+05         5.90896e+08    4.99234e-01
    2.37935e+05         5.52399e+08    4.99234e-01
    2.37935e+05         5.08349e+08    4.99234e-01
    2.37935e+05         4.82342e+08    4.99234e-01
    2.37935e+05         4.53454e+08    4.99234e-01
    2.37935e+05         4.20769e+08    4.99234e-01
    2.37935e+05         3.82808e+08    4.99234e-01
    2.37935e+05         3.59877e+08    4.99234e-01
    2.37935e+05         3.33931e+08    4.99234e-01
    2.37935e+05         3.03795e+08    4.99234e-01
    2.37935e+05         2.85590e+08    4.99234e-01
    2.37935e+05         2.64990e+08    4.99234e-01
    2.37935e+05         2.41062e+08    4.99234e-01
    2.37935e+05         2.26605e+08    4.99234e-01
    2.37935e+05         2.10245e+08    4.99234e-01
    2.37935e+05         1.91239e+08    4.99234e-01
    2.37935e+05         1.79754e+08    4.99234e-01
    2.37935e+05         1.66754e+08    4.99234e-01
    2.37935e+05         1.51648e+08    4.99234e-01
    2.37935e+05         1.42515e+08    4.99234e-01
    2.37935e+05         1.32175e+08    4.99234e-01
    2.37935e+05         1.20153e+08    4.99234e-01
    2.37935e+05         1.12879e+08    4.99234e-01
    2.37935e+05         1.04637e+08    4.99234e-01
    2.37935e+05         9.50460e+07    4.99234e-01
    2.37935e+05         8.92337e+07    4.99234e-01
    2.37935e+05         8.26397e+07    4.99234e-01
    2.37935e+05         7.49514e+07    4.99234e-01
    2.37935e+05         7.02781e+07    4.99234e-01
    2.37935e+05         6.49626e+07    4.99234e-01
    2.37935e+05         5.87418e+07    4.99234e-01
    2.37935e+05         5.49376e+07    4.99234e-01
    2.37935e+05         5.05884e+07    4.99234e-01
    2.37935e+05         4.80238e+07    4.99234e-01
    2.37935e+05         4.51780e+07    4.99234e-01
    2.37935e+05         4.19624e+07    4.99234e-01
    2.37935e+05         3.82351e+07    4.99234e-01
    2.37935e+05         3.59903e+07    4.99234e-01
    2.37935e+05         3.34568e+07    4.99234e-01
    2.37935e+05         3.05252e+07    4.99234e-01
    2.37935e+05         2.87642e+07    4.99234e-01
    2.37935e+05         2.67811e+07    4.99234e-01
    2.37935e+05         2.44933e+07    4.99234e-01
    2.37935e+05         2.31258e+07    4.99234e-01
    2.37935e+05         2.15918e+07    4.99234e-01
    2.37935e+05         1.98320e+07    4.99234e-01
    2.37935e+05         1.87891e+07    4.99234e-01
    2.37935e+05         1.76271e+07    4.99234e-01
    2.37935e+05         1.63069e+07    4.99234e-01
    2.37935e+05         1.47643e+07    4.99234e-01
    2.37935e+05         1.38234e+07    4.99234e-01
    2.37935e+05         1.27501e+07    4.99234e-01
    2.37935e+05         1.14884e+07    4.99234e-01
    2.37935e+05         1.07114e+07    4.99234e-01
    2.37935e+05         9.81763e+06    4.99234e-01
    2.37935e+05         9.28565e+06    4.99234e-01
    2.37935e+05         8.69096e+06    4.99234e-01
    2.37935e+05         8.01211e+06    4.99234e-01
    2.37935e+05         7.21335e+06    4.99234e-01
    2.37935e+05         6.72063e+06    4.99234e-01
    2.37935e+05         6.15301e+06    4.99234e-01
    2.37935e+05         5.81441e+06    4.99234e-01
    2.37935e+05         5.43524e+06    4.99234e-01
    2.37935e+05         5.00132e+06    4.99234e-01
    2.37935e+05         4.74508e+06    4.99234e-01
    2.37935e+05         4.46041e+06    4.99234e-01
    2.37935e+05         4.13825e+06    4.99234e-01
    2.37935e+05         3.76398e+06    4.99234e-01
    2.37935e+05         3.53778e+06    4.99234e-01
    2.37935e+05         3.28173e+06    4.99234e-01
    2.37935e+05         2.98417e+06    4.99234e-01
    2.37935e+05         2.80423e+06    4.99234e-01
    2.37935e+05         2.60047e+06    4.99234e-01
    2.37935e+05         2.36352e+06    4.99234e-01
    2.37935e+05         2.22010e+06    4.99234e-01
    2.37935e+05         2.05755e+06    4.99234e-01
    2.37935e+05         1.86830e+06    4.99234e-01
    2.37935e+05         1.75353e+06    4.99234e-01
    2.37935e+05         1.62326e+06    4.99234e-01
    2.37935e+05         1.47123e+06    4.99234e-01
    2.37935e+05         1.37869e+06    4.99234e-01
    2.37935e+05         1.27332e+06    4.99234e-01
    2.37935e+05         1.14978e+06    4.99234e-01
    2.37935e+05         1.07402e+06    4.99234e-01
    2.37935e+05         9.87206e+05    4.99234e-01
    2.37935e+05         9.35826e+05    4.99234e-01
    2.37935e+05         8.78650e+05    4.99234e-01
    2.37935e+05         8.13790e+05    4.99234e-01
    2.37935e+05         7.38179e+05    4.99234e-01
    2.37935e+05         6.92232e+05    4.99234e-01
    2.37935e+05         6.39983e+05    4.99234e-01
    2.37935e+05         5.78854e+05    4.99234e-01
    2.37935e+05         5.41494e+05    4.99234e-01
    2.37935e+05         4.98800e+05    4.99234e-01
    2.37935e+05         4.73643e+05    4.99234e-01
    2.37935e+05         4.45742e+05    4.99234e-01
    2.37935e+05         4.14239e+05    4.99234e-01
    2.37935e+05         3.77762e+05    4.99234e-01
    2.37935e+05         3.55831e+05    4.99234e-01
    2.37935e+05         3.31114e+05    4.99234e-01
    2.37935e+05         3.02569e+05    4.99234e-01
    2.37935e+05         2.85476e+05    4.99234e-01
    2.37935e+05         2.66275e+05    4.99234e-01
    2.37935e+05         2.44206e+05    4.99234e-01
    2.37935e+05         2.31086e+05    4.99234e-01
    2.37935e+05         2.16434e+05    4.99234e-01
    2.37935e+05         1.99732e+05    4.99234e-01
    2.37935e+05         1.80120e+05    4.99234e-01
    2.37935e+05         1.68062e+05    4.99234e-01
    2.37935e+05         1.54211e+05    4.99234e-01
    2.37935e+05         1.45986e+05    4.99234e-01
    2.37935e+05         1.36808e+05    4.99234e-01
    2.37935e+05         1.26357e+05    4.99234e-01
    2.37935e+05         1.14107e+05    4.99234e-01
    2.37935e+05         1.06595e+05    4.99234e-01
    2.37935e+05         9.79879e+04    4.99234e-01
    2.37935e+05         9.28950e+04    4.99234e-01
    2.37935e+05         8.72284e+04    4.99234e-01
    2.37935e+05         8.08016e+04    4.99234e-01
    2.37935e+05         7.33118e+04    4.99234e-01
    2.37935e+05         6.87626e+04    4.99234e-01
    2.37935e+05         6.35917e+04    4.99234e-01
    2.37935e+05         5.75455e+04    4.99234e-01
    2.37935e+05         5.38538e+04    4.99234e-01
    2.37935e+05         4.96386e+04    4.99234e-01
    2.37935e+05         4.46771e+04    4.99234e-01
    2.37935e+05         4.16148e+04    4.99234e-01
    2.37935e+05         3.80852e+04    4.99234e-01
    2.37935e+05         3.59782e+04    4.99234e-01
    2.37935e+05         3.36171e+04    4.99234e-01
    2.37935e+05         3.09127e+04    4.99234e-01
    2.37935e+05         2.93136e+04    4.99234e-01
    2.37935e+05         2.75352e+04    4.99234e-01
    2.37935e+05         2.55197e+04    4.99234e-01
    2.37935e+05         2.31732e+04    4.99234e-01
    2.37935e+05         2.17504e+04    4.99234e-01
    2.37935e+05         2.01353e+04    4.99234e-01
    2.37935e+05         1.82507e+04    4.99234e-01
    2.37935e+05         1.71038e+04    4.99234e-01
    2.37935e+05         1.57979e+04    4.99234e-01
    2.37935e+05         1.42671e+04    4.99234e-01
    2.37935e+05         1.33287e+04    4.99234e-01
    2.37935e+05         1.22535e+04    4.99234e-01
    2.37935e+05         1.16174e+04    4.99234e-01
    2.37935e+05         1.09098e+04    4.99234e-01
    2.37935e+05         1.01073e+04    4.99234e-01
    2.37935e+05         9.17244e+03    4.99234e-01
    2.37935e+05         8.60484e+03    4.99234e-01
    2.37935e+05         7.95989e+03    4.99234e-01
    2.37935e+05         7.20620e+03    4.99234e-01
    2.37935e+05         6.74640e+03    4.99234e-01
    2.37935e+05         6.22179e+03    4.99234e-01
    2.37935e+05         5.60498e+03    4.99234e-01
    2.37935e+05         5.22497e+03    4.99234e-01
    2.37935e+05         4.78767e+03    4.99234e-01
    2.37935e+05         4.52725e+03    4.99234e-01
    2.37935e+05         4.23601e+03    4.99234e-01
    2.37935e+05         3.90334e+03    4.99234e-01
    2.37935e+05         3.70745e+03    4.99234e-01
    2.37935e+05         3.49031e+03    4.99234e-01
    2.37935e+05         3.24531e+03    4.99234e-01
    2.37935e+05         2.96193e+03    4.99234e-01
    2.37935e+05         2.79183e+03    4.99234e-01
    2.37935e+05         2.60037e+03    4.99234e-01
    2.37935e+05         2.37967e+03    4.99234e-01
    2.37935e+05         2.24791e+03    4.99234e-01
    2.37935e+05         2.10024e+03    4.99234e-01
    2.37935e+05         1.93109e+03    4.99234e-01
    2.37935e+05         1.83104e+03    4.99234e-01
    2.37935e+05         1.71977e+03    4.99234e-01
    2.37935e+05         1.59362e+03    4.99234e-01
    2.37935e+05         1.44672e+03    4.99234e-01
    2.37935e+05         1.35760e+03    4.99234e-01
    2.37935e+05         1.25639e+03    4.99234e-01
    2.37935e+05         1.13821e+03    4.99234e-01
    2.37935e+05         1.06622e+03    4.99234e-01
    2.37935e+05         9.84174e+02    4.99234e-01
    2.37935e+05         8.87880e+02    4.99234e-01
    2.37935e+05         8.28724e+02    4.99234e-01
    2.37935e+05         7.60821e+02    4.99234e-01
    2.37935e+05         7.20538e+02    4.99234e-01
    2.37935e+05         6.75626e+02    4.99234e-01
    2.37935e+05         6.24544e+02    4.99234e-01
    2.37935e+05         5.64765e+02    4.99234e-01
    2.37935e+05         5.28212e+02    4.99234e-01
    2.37935e+05         4.86426e+02    4.99234e-01
    2.37935e+05         4.61789e+02    4.99234e-01
    2.37935e+05         4.34453e+02    4.99234e-01
    2.37935e+05         4.03569e+02    4.99234e-01
    2.37935e+05         3.67778e+02    4.99234e-01
    2.37935e+05         3.46229e+02    4.99234e-01
    2.37935e+05         3.21915e+02    4.99234e-01
    2.37935e+05         2.93789e+02    4.99234e-01
    2.37935e+05         2.76904e+02    4.99234e-01
    2.37935e+05         2.57898e+02    4.99234e-01
    2.37935e+05         2.35987e+02    4.99234e-01
    2.37935e+05         2.22902e+02    4.99234e-01
    2.37935e+05         2.08237e+02    4.99234e-01
    2.37935e+05         1.91433e+02    4.99234e-01
    2.37935e+05         1.81491e+02    4.99234e-01
    2.37935e+05         1.70430e+02    4.99234e-01
    2.37935e+05         1.57887e+02    4.99234e-01
    2.37935e+05         1.43271e+02    4.99234e-01
    2.37935e+05         1.34396e+02    4.99234e-01
    2.37935e+05         1.24311e+02    4.99234e-01
    2.37935e+05         1.12523e+02    4.99234e-01
    2.37935e+05         1.05329e+02    4.99234e-01
    2.37935e+05         9.71189e+01    4.99234e-01
    2.37935e+05         8.74622e+01    4.99234e-01
    2.37935e+05         8.15087e+01    4.99234e-01
    2.37935e+05         7.46538e+01    4.99234e-01
    2.37935e+05         7.05680e+01    4.99234e-01
    2.37935e+05         6.59954e+01    4.99234e-01
    2.37935e+05         6.07672e+01    4.99234e-01
    2.37935e+05         5.76840e+01    4.99234e-01
    2.37935e+05         5.42623e+01    4.99234e-01
    2.37935e+05         5.03955e+01    4.99234e-01
    2.37935e+05         4.59125e+01    4.99234e-01
    2.37935e+05         4.32119e+01    4.99234e-01
    2.37935e+05         4.01632e+01    4.99234e-01
    2.37935e+05         3.66341e+01    4.99234e-01
    2.37935e+05         3.45132e+01    4.99234e-01
    2.37935e+05         3.21236e+01    4.99234e-01
    2.37935e+05         2.93653e+01    4.99234e-01
    2.37935e+05         2.77149e+01    4.99234e-01
    2.37935e+05         2.58621e+01    4.99234e-01
    2.37935e+05         2.37343e+01    4.99234e-01
    2.37935e+05         2.24711e+01    4.99234e-01
    2.37935e+05         2.10619e+01    4.99234e-01
    2.37935e+05         1.94578e+01    4.99234e-01
    2.37935e+05         1.75783e+01    4.99234e-01
    2.37935e+05         1.64268e+01    4.99234e-01
    2.37935e+05         1.51083e+01    4.99234e-01
    2.37935e+05         1.43289e+01    4.99234e-01
    2.37935e+05         1.34624e+01    4.99234e-01
    2.37935e+05         1.24809e+01    4.99234e-01
    2.37935e+05         1.13388e+01    4.99234e-01
    2.37935e+05         1.06470e+01    4.99234e-01
    2.37935e+05         9.86234e+00    4.99234e-01
    2.37935e+05         8.94785e+00    4.99234e-01
    2.37935e+05         8.39237e+00    4.99234e-01
    2.37935e+05         7.76091e+00    4.99234e-01
    2.37935e+05         7.02252e+00    4.99234e-01
    2.37935e+05         6.57161e+00    4.99234e-01
    2.37935e+05         6.05670e+00    4.99234e-01
    2.37935e+05         5.75360e+00    4.99234e-01
    2.37935e+05         5.41773e+00    4.99234e-01
    2.37935e+05         5.03893e+00    4.99234e-01
    2.37935e+05         4.60103e+00    4.99234e-01
    2.37935e+05         4.33842e+00    4.99234e-01
    2.37935e+05         4.04305e+00    4.99234e-01
    2.37935e+05         3.70296e+00    4.99234e-01
    2.37935e+05         3.50024e+00    4.99234e-01
    2.37935e+05         3.27336e+00    4.99234e-01
    2.37935e+05         3.01394e+00    4.99234e-01
    2.37935e+05         2.86095e+00    4.99234e-01
    2.37935e+05         2.69114e+00    4.99234e-01
    2.37935e+05         2.49924e+00    4.99234e-01
    2.37935e+05         2.27673e+00    4.99234e-01
    2.37935e+05         2.14267e+00    4.99234e-01
    2.37935e+05         1.99131e+00    4.99234e-01
    2.37935e+05         1.81606e+00    4.99234e-01
    2.37935e+05         1.71071e+00    4.99234e-01
    2.37935e+05         1.59198e+00    4.99234e-01
    2.37935e+05         1.45488e+00    4.99234e-01
    2.37935e+05         1.37281e+00    4.99234e-01
    2.37935e+05         1.28063e+00    4.99234e-01
    2.37935e+05         1.17469e+00    4.99234e-01
    2.37935e+05         1.11175e+00    4.99234e-01
    2.37935e+05         1.04147e+00    4.99234e-01
    2.37935e+05         9.61382e-01    4.99234e-01
    2.37935e+05         8.67399e-01    4.99234e-01
    2.37935e+05         8.09673e-01    4.99234e-01
    2.37935e+05         7.43422e-01    4.99234e-01
    2.37935e+05         7.04129e-01    4.99234e-01
    2.37935e+05         6.60329e-01    4.99234e-01
    2.37935e+05         6.10526e-01    4.99234e-01
    2.37935e+05         5.52266e-01    4.99234e-01
    2.37935e+05         5.16666e-01    4.99234e-01
    2.37935e+05         4.75990e-01    4.99234e-01
    2.37935e+05         4.52028e-01    4.99234e-01
    2.37935e+05         4.25458e-01    4.99234e-01
    2.37935e+05         3.95466e-01    4.99234e-01
    2.37935e+05         3.60753e-01    4.99234e-01
    2.37935e+05         3.39895e-01    4.99234e-01
    2.37935e+05         3.16398e-01    4.99234e-01
    2.37935e+05         2.89283e-01    4.99234e-01
    2.37935e+05         2.73064e-01    4.99234e-01
    2.37935e+05         2.54861e-01    4.99234e-01
    2.37935e+05         2.33966e-01    4.99234e-01
    2.37935e+05         2.21569e-01    4.99234e-01
    2.37935e+05         2.07745e-01    4.99234e-01
    2.37935e+05         1.92021e-01    4.99234e-01
    2.37935e+05         1.73616e-01    4.99234e-01
    2.37935e+05         1.62360e-01    4.99234e-01
    2.37935e+05         1.49488e-01    4.99234e-01
    2.37935e+05         1.41896e-01    4.99234e-01
    2.37935e+05         1.33469e-01    4.99234e-01
    2.37935e+05         1.23946e-01    4.99234e-01
    2.37935e+05         1.12902e-01    4.99234e-01
    2.37935e+05         1.06247e-01    4.99234e-01
    2.37935e+05         9.87326e-02    4.99234e-01
    2.37935e+05         9.00306e-02    4.99234e-01
    2.37935e+05         8.47979e-02    4.99234e-01
    2.37935e+05         7.88994e-02    4.99234e-01
    2.37935e+05         7.20861e-02    4.99234e-01
    2.37935e+05         6.80050e-02    4.99234e-01
    2.37935e+05         6.34193e-02    4.99234e-01
    2.37935e+05         5.81466e-02    4.99234e-01
    2.37935e+05         5.50104e-02    4.99234e-01
    2.37935e+05         5.15064e-02    4.99234e-01
    2.37935e+05         4.75095e-02    4.99234e-01
    2.37935e+05         4.28118e-02    4.99234e-01
    2.37935e+05         3.99191e-02    4.99234e-01
    2.37935e+05         3.65921e-02    4.99234e-01
    2.37935e+05         3.46123e-02    4.99234e-01
    2.37935e+05         3.23996e-02    4.99234e-01
    2.37935e+05         2.98743e-02    4.99234e-01
    2.37935e+05         2.69040e-02    4.99234e-01
    2.37935e+05         2.50729e-02    4.99234e-01
    2.37935e+05         2.29645e-02    4.99234e-01
    2.37935e+05         2.17078e-02    4.99234e-01
    2.37935e+05         2.03015e-02    4.99234e-01
    2.37935e+05         1.86935e-02    4.99234e-01
    2.37935e+05         1.77453e-02    4.99234e-01
    2.37935e+05         1.66930e-02    4.99234e-01
    2.37935e+05         1.55039e-02    4.99234e-01
    2.37935e+05         1.41253e-02    4.99234e-01
    2.37935e+05         1.32949e-02    4.99234e-01
    2.37935e+05         1.23576e-02    4.99234e-01
    2.37935e+05         1.12727e-02    4.99234e-01
    2.37935e+05         1.06207e-02    4.99234e-01
    2.37935e+05         9.88635e-03    4.99234e-01
    2.37935e+05         9.03880e-03    4.99234e-01
    2.37935e+05         8.53182e-03    4.99234e-01
    2.37935e+05         7.96280e-03    4.99234e-01
    2.37935e+05         7.30956e-03    4.99234e-01
    2.37935e+05         6.92194e-03    4.99234e-01
    2.37935e+05         6.48970e-03    4.99234e-01
    2.37935e+05         5.99797e-03    4.99234e-01
    2.37935e+05         5.42230e-03    4.99234e-01
    2.37935e+05         5.07011e-03    4.99234e-01
    2.37935e+05         4.66728e-03    4.99234e-01
    2.37935e+05         4.42960e-03    4.99234e-01
    2.37935e+05         4.16573e-03    4.99234e-01
    2.37935e+05         3.86738e-03    4.99234e-01
    2.37935e+05         3.52121e-03    4.99234e-01
    2.37935e+05         3.31242e-03    4.99234e-01
    2.37935e+05         3.07648e-03    4.99234e-01
    2.37935e+05         2.80297e-03    4.99234e-01
    2.37935e+05         2.63822e-03    4.99234e-01
    2.37935e+05         2.45225e-03    4.99234e-01
    2.37935e+05         2.23701e-03    4.99234e-01
    2.37935e+05         2.10768e-03    4.99234e-01
    2.37935e+05         1.96199e-03    4.99234e-01
    2.37935e+05         1.79386e-03    4.99234e-01
    2.37935e+05         1.69330e-03    4.99234e-01
    2.37935e+05         1.58045e-03    4.99234e-01
    2.37935e+05         1.45090e-03    4.99234e-01
    2.37935e+05         1.37404e-03    4.99234e-01
    2.37935e+05         1.28834e-03    4.99234e-01
    2.37935e+05         1.19086e-03    4.99234e-01
    2.37935e+05         1.07677e-03    4.99234e-01
    2.37935e+05         1.00700e-03    4.99234e-01
    2.37935e+05         9.27217e-04    4.99234e-01
    2.37935e+05         8.80169e-04    4.99234e-01
    2.37935e+05         8.27956e-04    4.99234e-01
    2.37935e+05         7.68950e-04    4.99234e-01
    2.37935e+05         7.00541e-04    4.99234e-01
    2.37935e+05         6.59330e-04    4.99234e-01
    2.37935e+05         6.12806e-04    4.99234e-01
    2.37935e+05         5.58950e-04    4.99234e-01
    2.37935e+05         5.26583e-04    4.99234e-01
    2.37935e+05         4.90114e-04    4.99234e-01
    2.37935e+05         4.48017e-04    4.99234e-01
    2.37935e+05         4.22826e-04    4.99234e-01
    2.37935e+05         3.94545e-04    4.99234e-01
    2.37935e+05         3.62065e-04    4.99234e-01
    2.37935e+05         3.42780e-04    4.99234e-01
    2.37935e+05         3.21264e-04    4.99234e-01
    2.37935e+05         2.96769e-04    4.99234e-01
    2.37935e+05         2.68065e-04    4.99234e-01
    2.37935e+05         2.50474e-04    4.99234e-01
    2.37935e+05         2.30326e-04    4.99234e-01
    2.37935e+05         2.18413e-04    4.99234e-01
    2.37935e+05         2.05164e-04    4.99234e-01
    2.37935e+05         1.90149e-04    4.99234e-01
    2.37935e+05         1.72669e-04    4.99234e-01
    2.37935e+05         1.62069e-04    4.99234e-01
    2.37935e+05         1.50039e-04    4.99234e-01
    2.37935e+05         1.36001e-04    4.99234e-01
    2.37935e+05         1.27458e-04    4.99234e-01
    2.37935e+05         1.17732e-04    4.99234e-01
    2.37935e+05         1.06333e-04    4.99234e-01
    2.37935e+05         9.93459e-05    4.99234e-01
    2.37935e+05         9.13413e-05    4.99234e-01
    2.37935e+05         8.66068e-05    4.99234e-01
    2.37935e+05         8.13405e-05    4.99234e-01
    2.37935e+05         7.53702e-05    4.99234e-01
    2.37935e+05         6.84166e-05    4.99234e-01
    2.37935e+05         6.41971e-05    4.99234e-01
    2.37935e+05         5.94047e-05    4.99234e-01
    2.37935e+05         5.38080e-05    4.99234e-01
    2.37935e+05         5.03972e-05    4.99234e-01
    2.37935e+05         4.65091e-05    4.99234e-01
    2.37935e+05         4.19437e-05    4.99234e-01
    2.37935e+05         3.91371e-05    4.99234e-01
    2.37935e+05         3.59134e-05    4.99234e-01
    2.37935e+05         3.39993e-05    4.99234e-01
    2.37935e+05         3.18635e-05    4.99234e-01
    2.37935e+05         2.94319e-05    4.99234e-01
    2.37935e+05         2.65818e-05    4.99234e-01
    2.37935e+05         2.48348e-05    4.99234e-01


