              t                   M              a
    1.23833e-21         1.00000e+17    8.00000e-01
    2.47665e-21         1.00000e+17    8.00000e-01
    4.95331e-21         1.00000e+17    8.00000e-01
    9.90662e-21         1.00000e+17    8.00000e-01
    1.98132e-20         1.00000e+17    8.00000e-01
    3.96265e-20         1.00000e+17    8.00000e-01
    7.92530e-20         1.00000e+17    8.00000e-01
    1.58506e-19         1.00000e+17    8.00000e-01
    3.17012e-19         1.00000e+17    8.00000e-01
    6.34024e-19         1.00000e+17    8.00000e-01
    1.26805e-18         1.00000e+17    8.00000e-01
    2.53609e-18         1.00000e+17    8.00000e-01
    5.07219e-18         1.00000e+17    8.00000e-01
    1.01444e-17         1.00000e+17    8.00000e-01
    2.02888e-17         1.00000e+17    8.00000e-01
    4.05775e-17         1.00000e+17    8.00000e-01
    8.11550e-17         1.00000e+17    8.00000e-01
    1.62310e-16         1.00000e+17    8.00000e-01
    3.24620e-16         1.00000e+17    8.00000e-01
    6.49240e-16         1.00000e+17    8.00000e-01
    1.29848e-15         1.00000e+17    8.00000e-01
    2.59696e-15         1.00000e+17    8.00000e-01
    5.19392e-15         1.00000e+17    8.00000e-01
    1.03878e-14         1.00000e+17    8.00000e-01
    2.07757e-14         1.00000e+17    8.00000e-01
    4.15514e-14         1.00000e+17    8.00000e-01
    8.31027e-14         1.00000e+17    8.00000e-01
    1.66205e-13         1.00000e+17    8.00000e-01
    3.32411e-13         1.00000e+17    8.00000e-01
    6.64822e-13         1.00000e+17    8.00000e-01
    1.32964e-12         1.00000e+17    8.00000e-01
    2.65929e-12         1.00000e+17    8.00000e-01
    5.31858e-12         1.00000e+17    8.00000e-01
    1.06372e-11         1.00000e+17    8.00000e-01
    2.12743e-11         1.00000e+17    8.00000e-01
    4.25486e-11         1.00000e+17    8.00000e-01
    8.50972e-11         1.00000e+17    8.00000e-01
    1.70194e-10         1.00000e+17    8.00000e-01
    3.40389e-10         1.00000e+17    8.00000e-01
    6.80778e-10         1.00000e+17    8.00000e-01
    1.36156e-09         1.00000e+17    8.00000e-01
    2.72311e-09         1.00000e+17    8.00000e-01
    5.44622e-09         1.00000e+17    8.00000e-01
    1.08924e-08         1.00000e+17    8.00000e-01
    2.17849e-08         1.00000e+17    8.00000e-01
    4.35698e-08         1.00000e+17    8.00000e-01
    8.71395e-08         1.00000e+17    8.00000e-01
    1.74279e-07         1.00000e+17    8.00000e-01
    3.48558e-07         1.00000e+17    8.00000e-01
    6.97116e-07         1.00000e+17    8.00000e-01
    1.39423e-06         1.00000e+17    8.00000e-01
    2.78847e-06         1.00000e+17    8.00000e-01
    5.57693e-06         1.00000e+17    8.00000e-01
    1.11539e-05         1.00000e+17    8.00000e-01
    2.23077e-05         1.00000e+17    8.00000e-01
    4.46154e-05         1.00000e+17    8.00000e-01
    8.92309e-05         1.00000e+17    8.00000e-01
    1.78462e-04         1.00000e+17    8.00000e-01
    3.56924e-04         1.00000e+17    8.00000e-01
    7.13847e-04         1.00000e+17    8.00000e-01
    1.42769e-03         1.00000e+17    8.00000e-01
    2.85539e-03         1.00000e+17    8.00000e-01
    5.71078e-03         1.00000e+17    8.00000e-01
    1.14216e-02         1.00000e+17    8.00000e-01
    2.28431e-02         1.00000e+17    8.00000e-01
    4.56862e-02         1.00000e+17    8.00000e-01
    9.13724e-02         1.00000e+17    8.00000e-01
    1.82745e-01         1.00000e+17    8.00000e-01
    3.65490e-01         1.00000e+17    8.00000e-01
    7.30979e-01         1.00000e+17    8.00000e-01
    1.46196e+00         1.00000e+17    8.00000e-01
    2.92392e+00         1.00000e+17    8.00000e-01
    5.84784e+00         1.00000e+17    8.00000e-01
    1.16957e+01         1.00000e+17    8.00000e-01
    2.33913e+01         1.00000e+17    8.00000e-01
    4.67827e+01         1.00000e+17    8.00000e-01
    9.35654e+01         1.00000e+17    8.00000e-01
    1.87131e+02         1.00000e+17    8.00000e-01
    3.74261e+02         1.00000e+17    8.00000e-01
    7.48523e+02         1.00000e+17    8.00000e-01
    1.49705e+03         1.00000e+17    8.00000e-01
    2.99409e+03         1.00000e+17    8.00000e-01
    5.98818e+03         1.00000e+17    8.00000e-01
    1.19764e+04         1.00000e+17    8.00000e-01
    2.39527e+04         1.00000e+17    8.00000e-01
    4.79055e+04         1.00000e+17    8.00000e-01
    9.58109e+04         1.00000e+17    8.00000e-01
    1.91622e+05         1.00000e+17    8.00000e-01
    3.83244e+05         1.00000e+17    8.00000e-01
    7.66488e+05         1.00000e+17    8.00000e-01
    1.53298e+06         1.00000e+17    8.00000e-01
    3.06595e+06         1.00000e+17    8.00000e-01
    6.13190e+06         1.00000e+17    8.00000e-01
    1.22638e+07         1.00000e+17    8.00000e-01
    2.45276e+07         1.00000e+17    8.00000e-01
    4.90552e+07         1.00000e+17    8.00000e-01
    9.81104e+07         1.00000e+17    8.00000e-01
    1.96221e+08         1.00000e+17    8.00000e-01
    3.92442e+08         1.00000e+17    8.00000e-01
    7.84883e+08         1.00000e+17    8.00000e-01
    1.56977e+09         1.00000e+17    8.00000e-01
    3.13953e+09         1.00000e+17    8.00000e-01
    6.27907e+09         1.00000e+17    8.00000e-01
    1.25581e+10         1.00000e+17    8.00000e-01
    2.51163e+10         1.00000e+17    8.00000e-01
    5.02325e+10         1.00000e+17    8.00000e-01
    1.00465e+11         1.00000e+17    8.00000e-01
    2.00930e+11         1.00000e+17    8.00000e-01
    4.01860e+11         1.00000e+17    8.00000e-01
    8.03720e+11         1.00000e+17    8.00000e-01
    1.60744e+12         1.00000e+17    8.00000e-01
    3.21488e+12         1.00000e+17    8.00000e-01
    6.42976e+12         1.00000e+17    8.00000e-01
    1.28595e+13         1.00000e+17    8.00000e-01
    2.57191e+13         1.00000e+17    8.00000e-01
    5.14381e+13         1.00000e+17    8.00000e-01
    1.02876e+14         1.00000e+17    8.00000e-01
    2.05752e+14         1.00000e+17    8.00000e-01
    4.11505e+14         1.00000e+17    8.00000e-01
    8.23010e+14         1.00000e+17    8.00000e-01
    1.64602e+15         1.00000e+17    8.00000e-01
    3.29204e+15         1.00000e+17    8.00000e-01
    6.58408e+15         1.00000e+17    8.00000e-01
    1.31682e+16         1.00000e+17    8.00000e-01
    2.63363e+16         1.00000e+17    8.00000e-01
    5.26726e+16         1.00000e+17    8.00000e-01
    1.05345e+17         1.00000e+17    8.00000e-01
    2.10690e+17         1.00000e+17    7.99999e-01
    4.21381e+17         9.99999e+16    7.99999e-01
    8.42762e+17         9.99998e+16    7.99998e-01
    1.68552e+18         9.99996e+16    7.99996e-01
    3.37105e+18         9.99993e+16    7.99992e-01
    6.74210e+18         9.99985e+16    7.99983e-01
    1.34842e+19         9.99971e+16    7.99966e-01
    2.69684e+19         9.99942e+16    7.99932e-01
    5.39368e+19         9.99884e+16    7.99865e-01
    1.07874e+20         9.99767e+16    7.99729e-01
    2.15747e+20         9.99534e+16    7.99459e-01
    4.31494e+20         9.99069e+16    7.98918e-01
    8.62988e+20         9.98140e+16    7.97839e-01
    1.72598e+21         9.96287e+16    7.95691e-01
    3.45195e+21         9.92599e+16    7.91434e-01
    6.90391e+21         9.85300e+16    7.83071e-01
    1.03559e+22         9.78070e+16    7.74946e-01
    1.38078e+22         9.70908e+16    7.67050e-01
    2.07117e+22         9.56714e+16    7.51712e-01
    2.76156e+22         9.42715e+16    7.37206e-01
    3.45195e+22         9.28700e+16    7.23319e-01
    4.14234e+22         9.14655e+16    7.10032e-01
    4.83273e+22         9.00488e+16    6.97262e-01
    5.52312e+22         8.86133e+16    6.84944e-01
    6.21352e+22         8.71568e+16    6.73064e-01
    6.90391e+22         8.56687e+16    6.61543e-01
    7.59430e+22         8.41432e+16    6.50345e-01
    8.28469e+22         8.25769e+16    6.39459e-01
    8.97508e+22         8.09649e+16    6.28790e-01
    9.66547e+22         7.93023e+16    6.18261e-01
    1.03559e+23         7.75839e+16    6.07865e-01
    1.10462e+23         7.58030e+16    5.97602e-01
    1.17366e+23         7.39426e+16    5.87409e-01
    1.24270e+23         7.19925e+16    5.77267e-01
    1.31174e+23         6.99410e+16    5.67160e-01
    1.38078e+23         6.77748e+16    5.56983e-01
    1.44982e+23         6.54773e+16    5.46640e-01
    1.51886e+23         6.30266e+16    5.36094e-01
    1.58790e+23         6.03932e+16    5.25293e-01
    1.65694e+23         5.75256e+16    5.14040e-01
    1.72598e+23         5.43695e+16    5.02307e-01
    1.79502e+23         5.08386e+16    4.89830e-01
    1.86405e+23         4.67958e+16    4.76021e-01
    1.89857e+23         4.44098e+16    4.68247e-01
    1.93309e+23         4.17595e+16    4.59789e-01
    1.96761e+23         3.87587e+16    4.50393e-01
    2.00213e+23         3.52705e+16    4.39670e-01
    2.01939e+23         3.31572e+16    4.33220e-01
    2.03665e+23         3.07586e+16    4.25862e-01
    2.05391e+23         2.79561e+16    4.17027e-01
    2.06254e+23         2.62470e+16    4.11243e-01
    2.07117e+23         2.42957e+16    4.04162e-01
    2.07980e+23         2.19994e+16    3.94859e-01
    2.08412e+23         2.05846e+16    3.88240e-01
    2.08843e+23         1.89614e+16    3.80136e-01
    2.09059e+23         1.79978e+16    3.74772e-01
    2.09275e+23         1.69240e+16    3.68452e-01
    2.09490e+23         1.57043e+16    3.60823e-01
    2.09706e+23         1.42807e+16    3.51266e-01
    2.09814e+23         1.34146e+16    3.44952e-01
    2.09922e+23         1.24274e+16    3.37152e-01
    2.10030e+23         1.12692e+16    3.27094e-01
    2.10084e+23         1.05590e+16    3.20127e-01
    2.10138e+23         9.74560e+15    3.11473e-01
    2.10192e+23         8.78491e+15    3.00236e-01
    2.10219e+23         8.19047e+15    2.92537e-01
    2.10246e+23         7.50451e+15    2.83087e-01
    2.10259e+23         7.09485e+15    2.77055e-01
    2.10272e+23         6.63581e+15    2.70005e-01
    2.10286e+23         6.11042e+15    2.61585e-01
    2.10293e+23         5.80013e+15    2.56314e-01
    2.10299e+23         5.45563e+15    2.50303e-01
    2.10306e+23         5.06611e+15    2.43277e-01
    2.10313e+23         4.61418e+15    2.34782e-01
    2.10316e+23         4.34168e+15    2.29391e-01
    2.10320e+23         4.03385e+15    2.23106e-01
    2.10323e+23         3.67727e+15    2.15570e-01
    2.10325e+23         3.46272e+15    2.10824e-01
    2.10326e+23         3.22079e+15    2.05314e-01
    2.10328e+23         2.94116e+15    1.98716e-01
    2.10329e+23         2.77351e+15    1.94582e-01
    2.10330e+23         2.58500e+15    1.89797e-01
    2.10331e+23         2.36802e+15    1.84100e-01
    2.10331e+23         2.23875e+15    1.80556e-01
    2.10331e+23         2.09413e+15    1.76481e-01
    2.10332e+23         1.92888e+15    1.71668e-01
    2.10332e+23         1.83150e+15    1.68713e-01
    2.10332e+23         1.72349e+15    1.65349e-01
    2.10333e+23         1.60153e+15    1.61429e-01
    2.10333e+23         1.46030e+15    1.56709e-01
    2.10333e+23         1.37536e+15    1.53726e-01
    2.10333e+23         1.27961e+15    1.50244e-01
    2.10333e+23         1.16898e+15    1.46042e-01
    2.10333e+23         1.10267e+15    1.43361e-01
    2.10333e+23         1.02812e+15    1.40211e-01
    2.10333e+23         9.42310e+14    1.36390e-01
    2.10333e+23         8.91174e+14    1.33941e-01
    2.10333e+23         8.33930e+14    1.31068e-01
    2.10333e+23         7.68451e+14    1.27593e-01
    2.10333e+23         7.29785e+14    1.25381e-01
    2.10333e+23         6.86840e+14    1.22810e-01
    2.10333e+23         6.38188e+14    1.19684e-01
    2.10333e+23         5.81543e+14    1.15679e-01
    2.10333e+23         5.47192e+14    1.12922e-01
    2.10333e+23         5.08167e+14    1.09485e-01
    2.10333e+23         4.62647e+14    1.05064e-01
    2.10333e+23         4.34932e+14    1.01961e-01
    2.10333e+23         4.03384e+14    9.80908e-02
    2.10333e+23         3.66480e+14    9.30474e-02
    2.10333e+23         3.43940e+14    8.95111e-02
    2.10333e+23         3.18210e+14    8.50810e-02
    2.10333e+23         2.87967e+14    7.93138e-02
    2.10333e+23         2.69387e+14    7.53727e-02
    2.10333e+23         2.48095e+14    7.06208e-02
    2.10333e+23         2.35507e+14    6.76605e-02
    2.10333e+23         2.21516e+14    6.42705e-02
    2.10333e+23         2.05680e+14    6.03246e-02
    2.10333e+23         1.87294e+14    5.56223e-02
    2.10333e+23         1.76196e+14    5.27021e-02
    2.10333e+23         1.63651e+14    4.93482e-02
    2.10333e+23         1.49101e+14    4.53939e-02
    2.10333e+23         1.40335e+14    4.29707e-02
    2.10333e+23         1.30437e+14    4.02090e-02
    2.10333e+23         1.18978e+14    3.69769e-02
    2.10333e+23         1.12091e+14    3.50106e-02
    2.10333e+23         1.04332e+14    3.27799e-02
    2.10333e+23         9.53748e+13    3.01839e-02
    2.10333e+23         9.00145e+13    2.86139e-02
    2.10333e+23         8.39956e+13    2.68383e-02
    2.10333e+23         7.70808e+13    2.47793e-02
    2.10333e+23         7.29730e+13    2.35424e-02
    2.10333e+23         6.83868e+13    2.21505e-02
    2.10333e+23         6.31600e+13    2.05497e-02
    2.10333e+23         5.70240e+13    1.86500e-02
    2.10333e+23         5.32503e+13    1.74634e-02
    2.10333e+23         4.89113e+13    1.60818e-02
    2.10333e+23         4.63289e+13    1.52445e-02
    2.10333e+23         4.34415e+13    1.42968e-02
    2.10333e+23         4.01460e+13    1.32012e-02
    2.10333e+23         3.62672e+13    1.18874e-02
    2.10333e+23         3.38731e+13    1.10566e-02
    2.10333e+23         3.11172e+13    1.00895e-02
    2.10333e+23         2.94757e+13    9.50590e-03
    2.10333e+23         2.76404e+13    8.84880e-03
    2.10333e+23         2.55462e+13    8.09458e-03
    2.10333e+23         2.43155e+13    7.64844e-03
    2.10333e+23         2.29544e+13    7.15418e-03
    2.10333e+23         2.14236e+13    6.59816e-03
    2.10333e+23         1.96623e+13    5.95930e-03
    2.10333e+23         1.86134e+13    5.57996e-03
    2.10333e+23         1.74406e+13    5.15730e-03
    2.10333e+23         1.61011e+13    4.67655e-03
    2.10333e+23         1.53127e+13    4.39561e-03
    2.10333e+23         1.44394e+13    4.08602e-03
    2.10333e+23         1.34540e+13    3.73809e-03
    2.10333e+23         1.28841e+13    3.53789e-03
    2.10333e+23         1.22610e+13    3.31976e-03
    2.10333e+23         1.15712e+13    3.07968e-03
    2.10333e+23         1.07944e+13    2.81139e-03
    2.10333e+23         1.03464e+13    2.65800e-03
    2.10333e+23         9.85756e+12    2.49178e-03
    2.10333e+23         9.31779e+12    2.30980e-03
    2.10333e+23         8.71226e+12    2.10809e-03
    2.10333e+23         8.36523e+12    1.99446e-03
    2.10333e+23         7.98844e+12    1.87248e-03
    2.10333e+23         7.57478e+12    1.74022e-03
    2.10333e+23         7.11412e+12    1.59510e-03
    2.10333e+23         6.85268e+12    1.51429e-03
    2.10333e+23         6.57077e+12    1.42819e-03
    2.10333e+23         6.26401e+12    1.33581e-03
    2.10333e+23         5.92630e+12    1.23575e-03
    2.10333e+23         5.54878e+12    1.12602e-03
    2.10333e+23         5.33335e+12    1.06487e-03
    2.10333e+23         5.10010e+12    0.00000e+00
    2.10333e+23         4.84496e+12    0.00000e+00
    2.10333e+23         4.56218e+12    0.00000e+00
    2.10333e+23         4.24319e+12    0.00000e+00
    2.10333e+23         3.87436e+12    0.00000e+00
    2.10333e+23         3.65312e+12    0.00000e+00
    2.10333e+23         3.40424e+12    0.00000e+00
    2.10333e+23         3.11761e+12    0.00000e+00
    2.10333e+23         2.94672e+12    0.00000e+00
    2.10333e+23         2.75543e+12    0.00000e+00
    2.10333e+23         2.53664e+12    0.00000e+00
    2.10333e+23         2.40756e+12    0.00000e+00
    2.10333e+23         2.26426e+12    0.00000e+00
    2.10333e+23         2.10225e+12    0.00000e+00
    2.10333e+23         1.91430e+12    0.00000e+00
    2.10333e+23         1.80097e+12    0.00000e+00
    2.10333e+23         1.67292e+12    0.00000e+00
    2.10333e+23         1.52451e+12    0.00000e+00
    2.10333e+23         1.43515e+12    0.00000e+00
    2.10333e+23         1.33430e+12    0.00000e+00
    2.10333e+23         1.21761e+12    0.00000e+00
    2.10333e+23         1.14753e+12    0.00000e+00
    2.10333e+23         1.06860e+12    0.00000e+00
    2.10333e+23         9.77531e+11    0.00000e+00
    2.10333e+23         9.23058e+11    0.00000e+00
    2.10333e+23         8.61906e+11    0.00000e+00
    2.10333e+23         7.91675e+11    0.00000e+00
    2.10333e+23         7.49977e+11    0.00000e+00
    2.10333e+23         7.03465e+11    0.00000e+00
    2.10333e+23         6.50526e+11    0.00000e+00
    2.10333e+23         5.88517e+11    0.00000e+00
    2.10333e+23         5.50563e+11    0.00000e+00
    2.10333e+23         5.07137e+11    0.00000e+00
    2.10333e+23         4.81503e+11    0.00000e+00
    2.10333e+23         4.53035e+11    0.00000e+00
    2.10333e+23         4.20838e+11    0.00000e+00
    2.10333e+23         3.83441e+11    0.00000e+00
    2.10333e+23         3.60834e+11    0.00000e+00
    2.10333e+23         3.35243e+11    0.00000e+00
    2.10333e+23         3.05490e+11    0.00000e+00
    2.10333e+23         2.87476e+11    0.00000e+00
    2.10333e+23         2.67057e+11    0.00000e+00
    2.10333e+23         2.43296e+11    0.00000e+00
    2.10333e+23         2.28925e+11    0.00000e+00
    2.10333e+23         2.12648e+11    0.00000e+00
    2.10333e+23         1.93729e+11    0.00000e+00
    2.10333e+23         1.82304e+11    0.00000e+00
    2.10333e+23         1.69384e+11    0.00000e+00
    2.10333e+23         1.54396e+11    0.00000e+00
    2.10333e+23         1.45363e+11    0.00000e+00
    2.10333e+23         1.35166e+11    0.00000e+00
    2.10333e+23         1.23366e+11    0.00000e+00
    2.10333e+23         1.16279e+11    0.00000e+00
    2.10333e+23         1.08299e+11    0.00000e+00
    2.10333e+23         9.90968e+10    0.00000e+00
    2.10333e+23         9.35999e+10    0.00000e+00
    2.10333e+23         8.74377e+10    0.00000e+00
    2.10333e+23         8.03752e+10    0.00000e+00
    2.10333e+23         7.61955e+10    0.00000e+00
    2.10333e+23         7.15445e+10    0.00000e+00
    2.10333e+23         6.62687e+10    0.00000e+00
    2.10333e+23         6.01191e+10    0.00000e+00
    2.10333e+23         5.63829e+10    0.00000e+00
    2.10333e+23         5.21350e+10    0.00000e+00
    2.10333e+23         4.71665e+10    0.00000e+00
    2.10333e+23         4.41312e+10    0.00000e+00
    2.10333e+23         4.06640e+10    0.00000e+00
    2.10333e+23         3.86221e+10    0.00000e+00
    2.10333e+23         3.63587e+10    0.00000e+00
    2.10333e+23         3.38046e+10    0.00000e+00
    2.10333e+23         3.08500e+10    0.00000e+00
    2.10333e+23         2.90761e+10    0.00000e+00
    2.10333e+23         2.70793e+10    0.00000e+00
    2.10333e+23         2.47770e+10    0.00000e+00
    2.10333e+23         2.34020e+10    0.00000e+00
    2.10333e+23         2.18607e+10    0.00000e+00
    2.10333e+23         2.00944e+10    0.00000e+00
    2.10333e+23         1.90491e+10    0.00000e+00
    2.10333e+23         1.78860e+10    0.00000e+00
    2.10333e+23         1.65667e+10    0.00000e+00
    2.10333e+23         1.50289e+10    0.00000e+00
    2.10333e+23         1.40946e+10    0.00000e+00
    2.10333e+23         1.30323e+10    0.00000e+00
    2.10333e+23         1.17898e+10    0.00000e+00
    2.10333e+23         1.10307e+10    0.00000e+00
    2.10333e+23         1.01636e+10    0.00000e+00
    2.10333e+23         9.65284e+09    0.00000e+00
    2.10333e+23         9.08663e+09    0.00000e+00
    2.10333e+23         8.44767e+09    0.00000e+00
    2.10333e+23         7.70839e+09    0.00000e+00
    2.10333e+23         7.26445e+09    0.00000e+00
    2.10333e+23         6.76459e+09    0.00000e+00
    2.10333e+23         6.18814e+09    0.00000e+00
    2.10333e+23         5.84370e+09    0.00000e+00
    2.10333e+23         5.45747e+09    0.00000e+00
    2.10333e+23         5.01464e+09    0.00000e+00
    2.10333e+23         4.75240e+09    0.00000e+00
    2.10333e+23         4.46041e+09    0.00000e+00
    2.10333e+23         4.12894e+09    0.00000e+00
    2.10333e+23         3.74211e+09    0.00000e+00
    2.10333e+23         3.50664e+09    0.00000e+00
    2.10333e+23         3.23849e+09    0.00000e+00
    2.10333e+23         2.92410e+09    0.00000e+00
    2.10333e+23         2.73128e+09    0.00000e+00
    2.10333e+23         2.51028e+09    0.00000e+00
    2.10333e+23         2.37946e+09    0.00000e+00
    2.10333e+23         2.23387e+09    0.00000e+00
    2.10333e+23         2.06867e+09    0.00000e+00
    2.10333e+23         1.87605e+09    0.00000e+00
    2.10333e+23         1.75894e+09    0.00000e+00
    2.10333e+23         1.62572e+09    0.00000e+00
    2.10333e+23         1.46977e+09    0.00000e+00
    2.10333e+23         1.37437e+09    0.00000e+00
    2.10333e+23         1.26527e+09    0.00000e+00
    2.10333e+23         1.20090e+09    0.00000e+00
    2.10333e+23         1.12946e+09    0.00000e+00
    2.10333e+23         1.04868e+09    0.00000e+00
    2.10333e+23         9.54984e+08    0.00000e+00
    2.10333e+23         8.98492e+08    0.00000e+00
    2.10333e+23         8.34673e+08    0.00000e+00
    2.10333e+23         7.60721e+08    0.00000e+00
    2.10333e+23         7.16206e+08    0.00000e+00
    2.10333e+23         6.65986e+08    0.00000e+00
    2.10333e+23         6.07907e+08    0.00000e+00
    2.10333e+23         5.73053e+08    0.00000e+00
    2.10333e+23         5.33831e+08    0.00000e+00
    2.10333e+23         4.88633e+08    0.00000e+00
    2.10333e+23         4.61661e+08    0.00000e+00
    2.10333e+23         4.31444e+08    0.00000e+00
    2.10333e+23         3.96846e+08    0.00000e+00
    2.10333e+23         3.76400e+08    0.00000e+00
    2.10333e+23         3.53672e+08    0.00000e+00
    2.10333e+23         3.27929e+08    0.00000e+00
    2.10333e+23         2.97985e+08    0.00000e+00
    2.10333e+23         2.79854e+08    0.00000e+00
    2.10333e+23         2.59296e+08    0.00000e+00
    2.10333e+23         2.35350e+08    0.00000e+00
    2.10333e+23         2.20816e+08    0.00000e+00
    2.10333e+23         2.04306e+08    0.00000e+00
    2.10333e+23         1.85020e+08    0.00000e+00
    2.10333e+23         1.73262e+08    0.00000e+00
    2.10333e+23         1.59854e+08    0.00000e+00
    2.10333e+23         1.44103e+08    0.00000e+00
    2.10333e+23         1.34411e+08    0.00000e+00
    2.10333e+23         1.23271e+08    0.00000e+00
    2.10333e+23         1.16649e+08    0.00000e+00
    2.10333e+23         1.09254e+08    0.00000e+00
    2.10333e+23         1.00824e+08    0.00000e+00
    2.10333e+23         9.09251e+07    0.00000e+00
    2.10333e+23         8.48393e+07    0.00000e+00
    2.10333e+23         7.78492e+07    0.00000e+00
    2.10333e+23         7.36982e+07    0.00000e+00
    2.10333e+23         6.90666e+07    0.00000e+00
    2.10333e+23         6.37929e+07    0.00000e+00
    2.10333e+23         5.76112e+07    0.00000e+00
    2.10333e+23         5.38214e+07    0.00000e+00
    2.10333e+23         4.94792e+07    0.00000e+00
    2.10333e+23         4.69103e+07    0.00000e+00
    2.10333e+23         4.40523e+07    0.00000e+00
    2.10333e+23         4.08115e+07    0.00000e+00
    2.10333e+23         3.70356e+07    0.00000e+00
    2.10333e+23         3.47430e+07    0.00000e+00
    2.10333e+23         3.21379e+07    0.00000e+00
    2.10333e+23         2.90933e+07    0.00000e+00
    2.10333e+23         2.72357e+07    0.00000e+00
    2.10333e+23         2.51161e+07    0.00000e+00
    2.10333e+23         2.26236e+07    0.00000e+00
    2.10333e+23         2.10877e+07    0.00000e+00
    2.10333e+23         1.93198e+07    0.00000e+00
    2.10333e+23         1.82667e+07    0.00000e+00
    2.10333e+23         1.70887e+07    0.00000e+00
    2.10333e+23         1.57427e+07    0.00000e+00
    2.10333e+23         1.49497e+07    0.00000e+00
    2.10333e+23         1.40703e+07    0.00000e+00
    2.10333e+23         1.30776e+07    0.00000e+00
    2.10333e+23         1.19284e+07    0.00000e+00
    2.10333e+23         1.12378e+07    0.00000e+00
    2.10333e+23         1.04596e+07    0.00000e+00
    2.10333e+23         9.56141e+06    0.00000e+00
    2.10333e+23         9.02396e+06    0.00000e+00
    2.10333e+23         8.42059e+06    0.00000e+00
    2.10333e+23         7.72764e+06    0.00000e+00
    2.10333e+23         7.31625e+06    0.00000e+00
    2.10333e+23         6.85729e+06    0.00000e+00
    2.10333e+23         6.33484e+06    0.00000e+00
    2.10333e+23         5.72265e+06    0.00000e+00
    2.10333e+23         5.34757e+06    0.00000e+00
    2.10333e+23         4.91803e+06    0.00000e+00
    2.10333e+23         4.66410e+06    0.00000e+00
    2.10333e+23         4.38177e+06    0.00000e+00
    2.10333e+23         4.06188e+06    0.00000e+00
    2.10333e+23         3.68963e+06    0.00000e+00
    2.10333e+23         3.46405e+06    0.00000e+00
    2.10333e+23         3.20814e+06    0.00000e+00
    2.10333e+23         2.90977e+06    0.00000e+00
    2.10333e+23         2.72842e+06    0.00000e+00
    2.10333e+23         2.52216e+06    0.00000e+00
    2.10333e+23         2.28079e+06    0.00000e+00
    2.10333e+23         2.13321e+06    0.00000e+00
    2.10333e+23         1.96450e+06    0.00000e+00
    2.10333e+23         1.86503e+06    0.00000e+00
    2.10333e+23         1.75468e+06    0.00000e+00
    2.10333e+23         1.63000e+06    0.00000e+00
    2.10333e+23         1.48552e+06    0.00000e+00
    2.10333e+23         1.39855e+06    0.00000e+00
    2.10333e+23         1.30043e+06    0.00000e+00
    2.10333e+23         1.18693e+06    0.00000e+00
    2.10333e+23         1.11881e+06    0.00000e+00
    2.10333e+23         1.04215e+06    0.00000e+00
    2.10333e+23         9.53790e+05    0.00000e+00
    2.10333e+23         9.01046e+05    0.00000e+00
    2.10333e+23         8.41946e+05    0.00000e+00
    2.10333e+23         7.74257e+05    0.00000e+00
    2.10333e+23         7.34237e+05    0.00000e+00
    2.10333e+23         6.89735e+05    0.00000e+00
    2.10333e+23         6.39305e+05    0.00000e+00
    2.10333e+23         5.80605e+05    0.00000e+00
    2.10333e+23         5.45021e+05    0.00000e+00
    2.10333e+23         5.04638e+05    0.00000e+00
    2.10333e+23         4.57534e+05    0.00000e+00
    2.10333e+23         4.28883e+05    0.00000e+00
    2.10333e+23         3.96275e+05    0.00000e+00
    2.10333e+23         3.58081e+05    0.00000e+00
    2.10333e+23         3.34692e+05    0.00000e+00
    2.10333e+23         3.07921e+05    0.00000e+00
    2.10333e+23         2.92107e+05    0.00000e+00
    2.10333e+23         2.74534e+05    0.00000e+00
    2.10333e+23         2.54639e+05    0.00000e+00
    2.10333e+23         2.31514e+05    0.00000e+00
    2.10333e+23         2.17526e+05    0.00000e+00
    2.10333e+23         2.01681e+05    0.00000e+00
    2.10333e+23         1.83249e+05    0.00000e+00
    2.10333e+23         1.72086e+05    0.00000e+00
    2.10333e+23         1.59427e+05    0.00000e+00
    2.10333e+23         1.44679e+05    0.00000e+00
    2.10333e+23         1.35725e+05    0.00000e+00
    2.10333e+23         1.25550e+05    0.00000e+00
    2.10333e+23         1.13659e+05    0.00000e+00
    2.10333e+23         1.06405e+05    0.00000e+00
    2.10333e+23         9.81276e+04    0.00000e+00
    2.10333e+23         8.83949e+04    0.00000e+00
    2.10333e+23         8.23980e+04    0.00000e+00
    2.10333e+23         7.54964e+04    0.00000e+00
    2.10333e+23         7.13859e+04    0.00000e+00
    2.10333e+23         6.67883e+04    0.00000e+00
    2.10333e+23         6.15360e+04    0.00000e+00
    2.10333e+23         5.84424e+04    0.00000e+00
    2.10333e+23         5.50126e+04    0.00000e+00
    2.10333e+23         5.11419e+04    0.00000e+00
    2.10333e+23         4.66630e+04    0.00000e+00
    2.10333e+23         4.39730e+04    0.00000e+00
    2.10333e+23         4.09439e+04    0.00000e+00
    2.10333e+23         3.74499e+04    0.00000e+00
    2.10333e+23         3.53618e+04    0.00000e+00
    2.10333e+23         3.30197e+04    0.00000e+00
    2.10333e+23         3.03337e+04    0.00000e+00
    2.10333e+23         2.87423e+04    0.00000e+00
    2.10333e+23         2.69698e+04    0.00000e+00
    2.10333e+23         2.49566e+04    0.00000e+00
    2.10333e+23         2.26056e+04    0.00000e+00
    2.10333e+23         2.11728e+04    0.00000e+00
    2.10333e+23         1.95396e+04    0.00000e+00
    2.10333e+23         1.76219e+04    0.00000e+00
    2.10333e+23         1.64431e+04    0.00000e+00
    2.10333e+23         1.50891e+04    0.00000e+00
    2.10333e+23         1.42852e+04    0.00000e+00
    2.10333e+23         1.33882e+04    0.00000e+00
    2.10333e+23         1.23670e+04    0.00000e+00
    2.10333e+23         1.11703e+04    0.00000e+00
    2.10333e+23         1.04368e+04    0.00000e+00
    2.10333e+23         9.59660e+03    0.00000e+00
    2.10333e+23         9.09973e+03    0.00000e+00
    2.10333e+23         8.54711e+03    0.00000e+00
    2.10333e+23         7.92072e+03    0.00000e+00
    2.10333e+23         7.19134e+03    0.00000e+00
    2.10333e+23         6.74892e+03    0.00000e+00
    2.10333e+23         6.24660e+03    0.00000e+00
    2.10333e+23         5.66024e+03    0.00000e+00
    2.10333e+23         5.30317e+03    0.00000e+00
    2.10333e+23         4.89639e+03    0.00000e+00
    2.10333e+23         4.41923e+03    0.00000e+00
    2.10333e+23         4.12634e+03    0.00000e+00
    2.10333e+23         3.79040e+03    0.00000e+00
    2.10333e+23         3.59133e+03    0.00000e+00
    2.10333e+23         3.36959e+03    0.00000e+00
    2.10333e+23         3.11770e+03    0.00000e+00
    2.10333e+23         2.82347e+03    0.00000e+00
    2.10333e+23         2.64409e+03    0.00000e+00
    2.10333e+23         2.43955e+03    0.00000e+00
    2.10333e+23         2.19927e+03    0.00000e+00
    2.10333e+23         2.05145e+03    0.00000e+00
    2.10333e+23         1.88156e+03    0.00000e+00
    2.10333e+23         1.78058e+03    0.00000e+00
    2.10333e+23         1.66782e+03    0.00000e+00
    2.10333e+23         1.53929e+03    0.00000e+00
    2.10333e+23         1.38842e+03    0.00000e+00
    2.10333e+23         1.29569e+03    0.00000e+00
    2.10333e+23         1.18922e+03    0.00000e+00
    2.10333e+23         1.12602e+03    0.00000e+00
    2.10333e+23         1.05553e+03    0.00000e+00
    2.10333e+23         9.75312e+02    0.00000e+00
    2.10333e+23         8.81356e+02    0.00000e+00
    2.10333e+23         8.23828e+02    0.00000e+00
    2.10333e+23         7.57985e+02    0.00000e+00
    2.10333e+23         7.19096e+02    0.00000e+00
    2.10333e+23         6.75886e+02    0.00000e+00
    2.10333e+23         6.26975e+02    0.00000e+00
    2.10333e+23         5.70135e+02    0.00000e+00
    2.10333e+23         5.35767e+02    0.00000e+00
    2.10333e+23         4.96847e+02    0.00000e+00
    2.10333e+23         4.51591e+02    0.00000e+00
    2.10333e+23         4.24200e+02    0.00000e+00
    2.10333e+23         3.93158e+02    0.00000e+00
    2.10333e+23         3.57020e+02    0.00000e+00
    2.10333e+23         3.35108e+02    0.00000e+00
    2.10333e+23         3.10237e+02    0.00000e+00
    2.10333e+23         2.81219e+02    0.00000e+00
    2.10333e+23         2.63561e+02    0.00000e+00
    2.10333e+23         2.43458e+02    0.00000e+00
    2.10333e+23         2.19897e+02    0.00000e+00
    2.10333e+23         2.05457e+02    0.00000e+00
    2.10333e+23         1.88916e+02    0.00000e+00
    2.10333e+23         1.79134e+02    0.00000e+00
    2.10333e+23         1.68254e+02    0.00000e+00
    2.10333e+23         1.55922e+02    0.00000e+00
    2.10333e+23         1.41562e+02    0.00000e+00
    2.10333e+23         1.32851e+02    0.00000e+00
    2.10333e+23         1.22961e+02    0.00000e+00
    2.10333e+23         1.11416e+02    0.00000e+00
    2.10333e+23         1.04385e+02    0.00000e+00
    2.10333e+23         9.63745e+01    0.00000e+00
    2.10333e+23         8.69775e+01    0.00000e+00
    2.10333e+23         8.12090e+01    0.00000e+00
    2.10333e+23         7.45917e+01    0.00000e+00
    2.10333e+23         7.06701e+01    0.00000e+00
    2.10333e+23         6.63011e+01    0.00000e+00
    2.10333e+23         6.13373e+01    0.00000e+00
    2.10333e+23         5.55377e+01    0.00000e+00
    2.10333e+23         5.20006e+01    0.00000e+00
    2.10333e+23         4.79659e+01    0.00000e+00
    2.10333e+23         4.32240e+01    0.00000e+00
    2.10333e+23         4.03042e+01    0.00000e+00
    2.10333e+23         3.69461e+01    0.00000e+00
    2.10333e+23         3.49480e+01    0.00000e+00
    2.10333e+23         3.27149e+01    0.00000e+00
    2.10333e+23         3.01664e+01    0.00000e+00
    2.10333e+23         2.71692e+01    0.00000e+00
    2.10333e+23         2.53218e+01    0.00000e+00
    2.10333e+23         2.31949e+01    0.00000e+00
    2.10333e+23         2.19275e+01    0.00000e+00
    2.10333e+23         2.05093e+01    0.00000e+00
    2.10333e+23         1.88882e+01    0.00000e+00
    2.10333e+23         1.79326e+01    0.00000e+00
    2.10333e+23         1.68724e+01    0.00000e+00
    2.10333e+23         1.56748e+01    0.00000e+00
    2.10333e+23         1.42872e+01    0.00000e+00
    2.10333e+23         1.34520e+01    0.00000e+00
    2.10333e+23         1.25100e+01    0.00000e+00
    2.10333e+23         1.14207e+01    0.00000e+00
    2.10333e+23         1.07673e+01    0.00000e+00
    2.10333e+23         1.00321e+01    0.00000e+00
    2.10333e+23         9.18519e+00    0.00000e+00
    2.10333e+23         8.68005e+00    0.00000e+00
    2.10333e+23         8.11442e+00    0.00000e+00
    2.10333e+23         7.46717e+00    0.00000e+00
    2.10333e+23         7.08502e+00    0.00000e+00
    2.10333e+23         6.66053e+00    0.00000e+00
    2.10333e+23         6.18020e+00    0.00000e+00
    2.10333e+23         5.62231e+00    0.00000e+00
    2.10333e+23         5.28526e+00    0.00000e+00
    2.10333e+23         4.90386e+00    0.00000e+00
    2.10333e+23         4.46081e+00    0.00000e+00
    2.10333e+23         4.19310e+00    0.00000e+00
    2.10333e+23         3.89012e+00    0.00000e+00
    2.10333e+23         3.53810e+00    0.00000e+00
    2.10333e+23         3.32532e+00    0.00000e+00
    2.10333e+23         3.08444e+00    0.00000e+00
    2.10333e+23         2.80448e+00    0.00000e+00
    2.10333e+23         2.63515e+00    0.00000e+00
    2.10333e+23         2.44336e+00    0.00000e+00
    2.10333e+23         2.22028e+00    0.00000e+00
    2.10333e+23         2.08520e+00    0.00000e+00
    2.10333e+23         1.93206e+00    0.00000e+00
    2.10333e+23         1.75367e+00    0.00000e+00
    2.10333e+23         1.64541e+00    0.00000e+00
    2.10333e+23         1.52243e+00    0.00000e+00
    2.10333e+23         1.37878e+00    0.00000e+00
    2.10333e+23         1.29121e+00    0.00000e+00
    2.10333e+23         1.19136e+00    0.00000e+00
    2.10333e+23         1.07407e+00    0.00000e+00
    2.10333e+23         1.00192e+00    0.00000e+00
    2.10333e+23         9.19006e-01    0.00000e+00
    2.10333e+23         8.69729e-01    0.00000e+00
    2.10333e+23         8.14709e-01    0.00000e+00
    2.10333e+23         7.52008e-01    0.00000e+00
    2.10333e+23         6.78415e-01    0.00000e+00
    2.10333e+23         6.33202e-01    0.00000e+00
    2.10333e+23         5.81302e-01    0.00000e+00
    2.10333e+23         5.50511e-01    0.00000e+00
    2.10333e+23         5.16180e-01    0.00000e+00
    2.10333e+23         4.77130e-01    0.00000e+00
    2.10333e+23         4.31427e-01    0.00000e+00
    2.10333e+23         4.03477e-01    0.00000e+00
    2.10333e+23         3.71521e-01    0.00000e+00
    2.10333e+23         3.52676e-01    0.00000e+00
    2.10333e+23         3.31763e-01    0.00000e+00
    2.10333e+23         3.08130e-01    0.00000e+00
    2.10333e+23         2.80734e-01    0.00000e+00
    2.10333e+23         2.64232e-01    0.00000e+00
    2.10333e+23         2.45604e-01    0.00000e+00
    2.10333e+23         2.24043e-01    0.00000e+00
    2.10333e+23         2.11088e-01    0.00000e+00
    2.10333e+23         1.96494e-01    0.00000e+00
    2.10333e+23         1.79652e-01    0.00000e+00
    2.10333e+23         1.69578e-01    0.00000e+00
    2.10333e+23         1.58271e-01    0.00000e+00
    2.10333e+23         1.45291e-01    0.00000e+00
    2.10333e+23         1.37590e-01    0.00000e+00
    2.10333e+23         1.29002e-01    0.00000e+00
    2.10333e+23         1.19233e-01    0.00000e+00
    2.10333e+23         1.07798e-01    0.00000e+00
    2.10333e+23         1.00803e-01    0.00000e+00
    2.10333e+23         9.28032e-02    0.00000e+00
    2.10333e+23         8.80841e-02    0.00000e+00
    2.10333e+23         8.28459e-02    0.00000e+00
    2.10333e+23         7.69242e-02    0.00000e+00
    2.10333e+23         7.00558e-02    0.00000e+00
    2.10333e+23         6.59152e-02    0.00000e+00
    2.10333e+23         6.12381e-02    0.00000e+00
    2.10333e+23         5.58192e-02    0.00000e+00
    2.10333e+23         5.25582e-02    0.00000e+00
    2.10333e+23         4.88799e-02    0.00000e+00
    2.10333e+23         4.46273e-02    0.00000e+00
    2.10333e+23         4.20764e-02    0.00000e+00
    2.10333e+23         3.92068e-02    0.00000e+00
    2.10333e+23         3.59018e-02    0.00000e+00
    2.10333e+23         3.39311e-02    0.00000e+00
    2.10333e+23         3.17247e-02    0.00000e+00
    2.10333e+23         2.92009e-02    0.00000e+00
    2.10333e+23         2.77114e-02    0.00000e+00
    2.10333e+23         2.60575e-02    0.00000e+00
    2.10333e+23         2.41869e-02    0.00000e+00
    2.10333e+23         2.20158e-02    0.00000e+00
    2.10333e+23         2.07057e-02    0.00000e+00
    2.10333e+23         1.92244e-02    0.00000e+00
    2.10333e+23         1.75061e-02    0.00000e+00
    2.10333e+23         1.64701e-02    0.00000e+00
    2.10333e+23         1.52995e-02    0.00000e+00
    2.10333e+23         1.39430e-02    0.00000e+00
    2.10333e+23         1.31264e-02    0.00000e+00
    2.10333e+23         1.22050e-02    0.00000e+00
    2.10333e+23         1.11392e-02    0.00000e+00
    2.10333e+23         1.04995e-02    0.00000e+00
    2.10333e+23         9.77940e-03    0.00000e+00
    2.10333e+23         8.94938e-03    0.00000e+00
    2.10333e+23         8.45382e-03    0.00000e+00
    2.10333e+23         7.89846e-03    0.00000e+00
    2.10333e+23         7.26225e-03    0.00000e+00
    2.10333e+23         6.88597e-03    0.00000e+00
    2.10333e+23         6.46745e-03    0.00000e+00
    2.10333e+23         5.99300e-03    0.00000e+00
    2.10333e+23         5.44046e-03    0.00000e+00
    2.10333e+23         5.10522e-03    0.00000e+00
    2.10333e+23         4.72451e-03    0.00000e+00
    2.10333e+23         4.27998e-03    0.00000e+00
    2.10333e+23         4.00914e-03    0.00000e+00
    2.10333e+23         3.70047e-03    0.00000e+00
    2.10333e+23         3.33816e-03    0.00000e+00
    2.10333e+23         3.11555e-03    0.00000e+00
    2.10333e+23         2.85999e-03    0.00000e+00
    2.10333e+23         2.70836e-03    0.00000e+00
    2.10333e+23         2.53927e-03    0.00000e+00
    2.10333e+23         2.34691e-03    0.00000e+00
    2.10333e+23         2.12172e-03    0.00000e+00
    2.10333e+23         1.98396e-03    0.00000e+00
    2.10333e+23         1.82640e-03    0.00000e+00
    2.10333e+23         1.73344e-03    0.00000e+00
    2.10333e+23         1.63025e-03    0.00000e+00
    2.10333e+23         1.51358e-03    0.00000e+00
    2.10333e+23         1.37823e-03    0.00000e+00
    2.10333e+23         1.29661e-03    0.00000e+00
    2.10333e+23         1.20439e-03    0.00000e+00
    2.10333e+23         1.09750e-03    0.00000e+00
    2.10333e+23         1.03315e-03    0.00000e+00
    2.10333e+23         9.60520e-04    0.00000e+00
    2.10333e+23         8.76497e-04    0.00000e+00
    2.10333e+23         8.26044e-04    0.00000e+00
    2.10333e+23         7.69240e-04    0.00000e+00
    2.10333e+23         7.03738e-04    0.00000e+00
    2.10333e+23         6.64606e-04    0.00000e+00
    2.10333e+23         6.20730e-04    0.00000e+00
    2.10333e+23         5.70433e-04    0.00000e+00
    2.10333e+23         5.40653e-04    0.00000e+00
    2.10333e+23         5.07503e-04    0.00000e+00
    2.10333e+23         4.69881e-04    0.00000e+00
    2.10333e+23         4.25993e-04    0.00000e+00
    2.10333e+23         3.99294e-04    0.00000e+00
    2.10333e+23         3.68906e-04    0.00000e+00
    2.10333e+23         3.33305e-04    0.00000e+00
    2.10333e+23         3.11499e-04    0.00000e+00
    2.10333e+23         2.86533e-04    0.00000e+00
    2.10333e+23         2.71780e-04    0.00000e+00
    2.10333e+23         2.55381e-04    0.00000e+00
    2.10333e+23         2.36810e-04    0.00000e+00
    2.10333e+23         2.15211e-04    0.00000e+00
    2.10333e+23         2.02135e-04    0.00000e+00
    2.10333e+23         1.87312e-04    0.00000e+00
    2.10333e+23         1.70051e-04    0.00000e+00
    2.10333e+23         1.59579e-04    0.00000e+00
    2.10333e+23         1.47688e-04    0.00000e+00
    2.10333e+23         1.33805e-04    0.00000e+00
    2.10333e+23         1.25349e-04    0.00000e+00
    2.10333e+23         1.15713e-04    0.00000e+00
    2.10333e+23         1.04405e-04    0.00000e+00
    2.10333e+23         9.74597e-05    0.00000e+00
    2.10333e+23         8.94897e-05    0.00000e+00
    2.10333e+23         8.47632e-05    0.00000e+00
    2.10333e+23         7.94949e-05    0.00000e+00
    2.10333e+23         7.35052e-05    0.00000e+00
    2.10333e+23         6.64996e-05    0.00000e+00
    2.10333e+23         6.22199e-05    0.00000e+00
    2.10333e+23         5.73312e-05    0.00000e+00
    2.10333e+23         5.44522e-05    0.00000e+00
    2.10333e+23         5.12607e-05    0.00000e+00
    2.10333e+23         4.76595e-05    0.00000e+00
    2.10333e+23         4.34934e-05    0.00000e+00
    2.10333e+23         4.09922e-05    0.00000e+00
    2.10333e+23         3.81765e-05    0.00000e+00
    2.10333e+23         3.49301e-05    0.00000e+00
    2.10333e+23         3.29912e-05    0.00000e+00
    2.10333e+23         3.08177e-05    0.00000e+00
    2.10333e+23         2.83267e-05    0.00000e+00
    2.10333e+23         2.68526e-05    0.00000e+00
    2.10333e+23         2.52122e-05    0.00000e+00


