              t                   M              a
    1.23833e-21         1.00000e+17    8.00000e-01
    2.47665e-21         1.00000e+17    8.00000e-01
    4.95331e-21         1.00000e+17    8.00000e-01
    9.90662e-21         1.00000e+17    8.00000e-01
    1.98132e-20         1.00000e+17    8.00000e-01
    3.96265e-20         1.00000e+17    8.00000e-01
    7.92530e-20         1.00000e+17    8.00000e-01
    1.58506e-19         1.00000e+17    8.00000e-01
    3.17012e-19         1.00000e+17    8.00000e-01
    6.34024e-19         1.00000e+17    8.00000e-01
    1.26805e-18         1.00000e+17    8.00000e-01
    2.53609e-18         1.00000e+17    8.00000e-01
    5.07219e-18         1.00000e+17    8.00000e-01
    1.01444e-17         1.00000e+17    8.00000e-01
    2.02888e-17         1.00000e+17    8.00000e-01
    4.05775e-17         1.00000e+17    8.00000e-01
    8.11550e-17         1.00000e+17    8.00000e-01
    1.62310e-16         1.00000e+17    8.00000e-01
    3.24620e-16         1.00000e+17    8.00000e-01
    6.49240e-16         1.00000e+17    8.00000e-01
    1.29848e-15         1.00000e+17    8.00000e-01
    2.59696e-15         1.00000e+17    8.00000e-01
    5.19392e-15         1.00000e+17    8.00000e-01
    1.03878e-14         1.00000e+17    8.00000e-01
    2.07757e-14         1.00000e+17    8.00000e-01
    4.15514e-14         1.00000e+17    8.00000e-01
    8.31027e-14         1.00000e+17    8.00000e-01
    1.66205e-13         1.00000e+17    8.00000e-01
    3.32411e-13         1.00000e+17    8.00000e-01
    6.64822e-13         1.00000e+17    8.00000e-01
    1.32964e-12         1.00000e+17    8.00000e-01
    2.65929e-12         1.00000e+17    8.00000e-01
    5.31858e-12         1.00000e+17    8.00000e-01
    1.06372e-11         1.00000e+17    8.00000e-01
    2.12743e-11         1.00000e+17    8.00000e-01
    4.25486e-11         1.00000e+17    8.00000e-01
    8.50972e-11         1.00000e+17    8.00000e-01
    1.70194e-10         1.00000e+17    8.00000e-01
    3.40389e-10         1.00000e+17    8.00000e-01
    6.80778e-10         1.00000e+17    8.00000e-01
    1.36156e-09         1.00000e+17    8.00000e-01
    2.72311e-09         1.00000e+17    8.00000e-01
    5.44622e-09         1.00000e+17    8.00000e-01
    1.08924e-08         1.00000e+17    8.00000e-01
    2.17849e-08         1.00000e+17    8.00000e-01
    4.35698e-08         1.00000e+17    8.00000e-01
    8.71395e-08         1.00000e+17    8.00000e-01
    1.74279e-07         1.00000e+17    8.00000e-01
    3.48558e-07         1.00000e+17    8.00000e-01
    6.97116e-07         1.00000e+17    8.00000e-01
    1.39423e-06         1.00000e+17    8.00000e-01
    2.78847e-06         1.00000e+17    8.00000e-01
    5.57693e-06         1.00000e+17    8.00000e-01
    1.11539e-05         1.00000e+17    8.00000e-01
    2.23077e-05         1.00000e+17    8.00000e-01
    4.46154e-05         1.00000e+17    8.00000e-01
    8.92309e-05         1.00000e+17    8.00000e-01
    1.78462e-04         1.00000e+17    8.00000e-01
    3.56924e-04         1.00000e+17    8.00000e-01
    7.13847e-04         1.00000e+17    8.00000e-01
    1.42769e-03         1.00000e+17    8.00000e-01
    2.85539e-03         1.00000e+17    8.00000e-01
    5.71078e-03         1.00000e+17    8.00000e-01
    1.14216e-02         1.00000e+17    8.00000e-01
    2.28431e-02         1.00000e+17    8.00000e-01
    4.56862e-02         1.00000e+17    8.00000e-01
    9.13724e-02         1.00000e+17    8.00000e-01
    1.82745e-01         1.00000e+17    8.00000e-01
    3.65490e-01         1.00000e+17    8.00000e-01
    7.30979e-01         1.00000e+17    8.00000e-01
    1.46196e+00         1.00000e+17    8.00000e-01
    2.92392e+00         1.00000e+17    8.00000e-01
    5.84784e+00         1.00000e+17    8.00000e-01
    1.16957e+01         1.00000e+17    8.00000e-01
    2.33913e+01         1.00000e+17    8.00000e-01
    4.67827e+01         1.00000e+17    8.00000e-01
    9.35654e+01         1.00000e+17    8.00000e-01
    1.87131e+02         1.00000e+17    8.00000e-01
    3.74261e+02         1.00000e+17    8.00000e-01
    7.48523e+02         1.00000e+17    8.00000e-01
    1.49705e+03         1.00000e+17    8.00000e-01
    2.99409e+03         1.00000e+17    8.00000e-01
    5.98818e+03         1.00000e+17    8.00000e-01
    1.19764e+04         1.00000e+17    8.00000e-01
    2.39527e+04         1.00000e+17    8.00000e-01
    4.79055e+04         1.00000e+17    8.00000e-01
    9.58109e+04         1.00000e+17    8.00000e-01
    1.91622e+05         1.00000e+17    8.00000e-01
    3.83244e+05         1.00000e+17    8.00000e-01
    7.66488e+05         1.00000e+17    8.00000e-01
    1.53298e+06         1.00000e+17    8.00000e-01
    3.06595e+06         1.00000e+17    8.00000e-01
    6.13190e+06         1.00000e+17    8.00000e-01
    1.22638e+07         1.00000e+17    8.00000e-01
    2.45276e+07         1.00000e+17    8.00000e-01
    4.90552e+07         1.00000e+17    8.00000e-01
    9.81104e+07         1.00000e+17    8.00000e-01
    1.96221e+08         1.00000e+17    8.00000e-01
    3.92442e+08         1.00000e+17    8.00000e-01
    7.84883e+08         1.00000e+17    8.00000e-01
    1.56977e+09         1.00000e+17    8.00000e-01
    3.13953e+09         1.00000e+17    8.00000e-01
    6.27907e+09         1.00000e+17    8.00000e-01
    1.25581e+10         1.00000e+17    8.00000e-01
    2.51163e+10         1.00000e+17    8.00000e-01
    5.02325e+10         1.00000e+17    8.00000e-01
    1.00465e+11         1.00000e+17    8.00000e-01
    2.00930e+11         1.00000e+17    8.00000e-01
    4.01860e+11         1.00000e+17    8.00000e-01
    8.03720e+11         1.00000e+17    8.00000e-01
    1.60744e+12         1.00000e+17    8.00000e-01
    3.21488e+12         1.00000e+17    8.00000e-01
    6.42976e+12         1.00000e+17    8.00000e-01
    1.28595e+13         1.00000e+17    8.00000e-01
    2.57191e+13         1.00000e+17    8.00000e-01
    5.14381e+13         1.00000e+17    8.00000e-01
    1.02876e+14         1.00000e+17    8.00000e-01
    2.05752e+14         1.00000e+17    8.00000e-01
    4.11505e+14         1.00000e+17    8.00000e-01
    8.23010e+14         1.00000e+17    8.00000e-01
    1.64602e+15         1.00000e+17    8.00000e-01
    3.29204e+15         9.99999e+16    7.99999e-01
    6.58408e+15         9.99999e+16    7.99999e-01
    1.31682e+16         9.99998e+16    7.99997e-01
    2.63363e+16         9.99995e+16    7.99995e-01
    5.26726e+16         9.99990e+16    7.99989e-01
    1.05345e+17         9.99981e+16    7.99978e-01
    2.10690e+17         9.99962e+16    7.99957e-01
    4.21381e+17         9.99923e+16    7.99914e-01
    8.42762e+17         9.99847e+16    7.99827e-01
    1.68552e+18         9.99693e+16    7.99655e-01
    3.37105e+18         9.99387e+16    7.99309e-01
    6.74210e+18         9.98775e+16    7.98621e-01
    1.34842e+19         9.97552e+16    7.97247e-01
    2.69684e+19         9.95115e+16    7.94520e-01
    5.39368e+19         9.90270e+16    7.89139e-01
    1.07874e+20         9.80674e+16    7.78653e-01
    1.61810e+20         9.71151e+16    7.68618e-01
    2.15747e+20         9.61695e+16    7.59020e-01
    2.69684e+20         9.52301e+16    7.49843e-01
    3.23621e+20         9.42914e+16    7.41022e-01
    3.77557e+20         9.33482e+16    7.32494e-01
    4.31494e+20         9.24000e+16    7.24253e-01
    4.85431e+20         9.14461e+16    7.16292e-01
    5.39368e+20         9.04848e+16    7.08590e-01
    5.93304e+20         8.95116e+16    7.01100e-01
    6.47241e+20         8.85259e+16    6.93819e-01
    7.01178e+20         8.75267e+16    6.86740e-01
    7.55115e+20         8.65131e+16    6.79861e-01
    8.09051e+20         8.54829e+16    6.73167e-01
    8.62988e+20         8.44317e+16    6.66630e-01
    9.16925e+20         8.33582e+16    6.60246e-01
    9.70862e+20         8.22609e+16    6.54013e-01
    1.02480e+21         8.11382e+16    6.47927e-01
    1.07874e+21         7.99883e+16    6.41985e-01
    1.13267e+21         7.88091e+16    6.36142e-01
    1.18661e+21         7.75986e+16    6.30366e-01
    1.24055e+21         7.63543e+16    6.24653e-01
    1.29448e+21         7.50734e+16    6.19004e-01
    1.34842e+21         7.37528e+16    6.13415e-01
    1.40236e+21         7.23891e+16    6.07886e-01
    1.45629e+21         7.09772e+16    6.02416e-01
    1.51023e+21         6.95090e+16    5.97010e-01
    1.56417e+21         6.79785e+16    5.91667e-01
    1.61810e+21         6.63787e+16    5.86383e-01
    1.67204e+21         6.47013e+16    5.81155e-01
    1.72598e+21         6.29363e+16    5.75980e-01
    1.77991e+21         6.10713e+16    5.70857e-01
    1.83385e+21         5.90920e+16    5.65738e-01
    1.88779e+21         5.69805e+16    5.60537e-01
    1.94172e+21         5.47125e+16    5.55238e-01
    1.99566e+21         5.22560e+16    5.49819e-01
    2.04960e+21         4.95667e+16    5.44255e-01
    2.10353e+21         4.65818e+16    5.38507e-01
    2.15747e+21         4.32071e+16    5.32525e-01
    2.21141e+21         3.92861e+16    5.26214e-01
    2.23838e+21         3.69142e+16    5.22823e-01
    2.26534e+21         3.42274e+16    5.19247e-01
    2.29231e+21         3.11018e+16    5.15429e-01
    2.30580e+21         2.92087e+16    5.13353e-01
    2.31928e+21         2.70619e+16    5.11147e-01
    2.33277e+21         2.45607e+16    5.08766e-01
    2.33951e+21         2.30420e+16    5.07450e-01
    2.34625e+21         2.13162e+16    5.06038e-01
    2.35299e+21         1.92995e+16    5.04501e-01
    2.35636e+21         1.80691e+16    5.03641e-01
    2.35973e+21         1.66654e+16    5.02713e-01
    2.36310e+21         1.50150e+16    5.01696e-01
    2.36479e+21         1.39983e+16    5.01119e-01
    2.36648e+21         1.28284e+16    5.00489e-01
    2.36732e+21         1.21318e+16    5.00136e-01
    2.36816e+21         1.13529e+16    4.99756e-01
    2.36900e+21         1.04633e+16    4.99332e-01
    2.36943e+21         9.93957e+15    4.99089e-01
    2.36985e+21         9.35913e+15    4.98824e-01
    2.37027e+21         8.70443e+15    4.98531e-01
    2.37069e+21         7.94746e+15    4.98199e-01
    2.37090e+21         7.49340e+15    4.98004e-01
    2.37111e+21         6.98261e+15    4.97789e-01
    2.37132e+21         6.39434e+15    4.97549e-01
    2.37143e+21         6.04357e+15    4.97411e-01
    2.37153e+21         5.65090e+15    4.97258e-01
    2.37164e+21         5.20174e+15    4.97089e-01
    2.37169e+21         4.93670e+15    4.96992e-01
    2.37174e+21         4.64242e+15    4.96888e-01
    2.37180e+21         4.30966e+15    4.96772e-01
    2.37185e+21         3.92351e+15    4.96643e-01
    2.37187e+21         3.69056e+15    4.96569e-01
    2.37190e+21         3.42727e+15    4.96487e-01
    2.37193e+21         3.12197e+15    4.96396e-01
    2.37194e+21         2.93800e+15    4.96343e-01
    2.37195e+21         2.73027e+15    4.96286e-01
    2.37197e+21         2.48972e+15    4.96223e-01
    2.37197e+21         2.34509e+15    4.96186e-01
    2.37198e+21         2.18206e+15    4.96146e-01
    2.37199e+21         1.99376e+15    4.96101e-01
    2.37199e+21         1.88099e+15    4.96076e-01
    2.37199e+21         1.75429e+15    4.96048e-01
    2.37200e+21         1.60862e+15    4.96016e-01
    2.37200e+21         1.52200e+15    4.95997e-01
    2.37200e+21         1.42524e+15    4.95976e-01
    2.37200e+21         1.31489e+15    4.95952e-01
    2.37200e+21         1.18524e+15    4.95921e-01
    2.37200e+21         1.10546e+15    4.95897e-01
    2.37200e+21         1.01374e+15    4.95865e-01
    2.37200e+21         9.59198e+14    4.95842e-01
    2.37201e+21         8.98281e+14    4.95815e-01
    2.37201e+21         8.28819e+14    4.95781e-01
    2.37201e+21         7.47220e+14    4.95736e-01
    2.37201e+21         6.97019e+14    4.95703e-01
    2.37201e+21         6.39320e+14    4.95655e-01
    2.37201e+21         6.05022e+14    4.95617e-01
    2.37201e+21         5.66723e+14    4.95572e-01
    2.37201e+21         5.23067e+14    4.95508e-01
    2.37201e+21         4.71809e+14    4.95413e-01
    2.37201e+21         4.40301e+14    4.95333e-01
    2.37201e+21         4.04115e+14    4.95215e-01
    2.37201e+21         3.82632e+14    4.95129e-01
    2.37201e+21         3.58664e+14    4.95012e-01
    2.37201e+21         3.31380e+14    4.94844e-01
    2.37201e+21         2.99413e+14    4.94622e-01
    2.37201e+21         2.79830e+14    4.94466e-01
    2.37201e+21         2.57408e+14    4.94270e-01
    2.37201e+21         2.44158e+14    4.94147e-01
    2.37201e+21         2.29430e+14    4.94007e-01
    2.37201e+21         2.12749e+14    4.93847e-01
    2.37201e+21         1.93349e+14    4.93658e-01
    2.37201e+21         1.81604e+14    4.93544e-01
    2.37201e+21         1.68291e+14    4.93413e-01
    2.37201e+21         1.52788e+14    4.93264e-01
    2.37201e+21         1.43383e+14    4.93175e-01
    2.37201e+21         1.32704e+14    4.93074e-01
    2.37201e+21         1.20237e+14    4.92958e-01
    2.37201e+21         1.12644e+14    4.92889e-01
    2.37201e+21         1.03992e+14    4.92811e-01
    2.37201e+21         9.38404e+13    4.92719e-01
    2.37201e+21         8.76067e+13    4.92661e-01
    2.37201e+21         8.04542e+13    4.92593e-01
    2.37201e+21         7.62136e+13    4.92551e-01
    2.37201e+21         7.14879e+13    4.92503e-01
    2.37201e+21         6.61166e+13    4.92447e-01
    2.37201e+21         5.98369e+13    4.92381e-01
    2.37201e+21         5.60031e+13    4.92336e-01
    2.37201e+21         5.16263e+13    4.92284e-01
    2.37201e+21         4.64753e+13    4.92216e-01
    2.37201e+21         4.32969e+13    4.92167e-01
    2.37201e+21         3.96343e+13    4.92103e-01
    2.37201e+21         3.74485e+13    4.92056e-01
    2.37201e+21         3.50000e+13    4.92000e-01
    2.37201e+21         3.21967e+13    4.91927e-01
    2.37201e+21         3.05401e+13    4.91877e-01
    2.37201e+21         2.86988e+13    4.91816e-01
    2.37201e+21         2.66134e+13    4.91739e-01
    2.37201e+21         2.41882e+13    4.91638e-01
    2.37201e+21         2.27201e+13    4.91570e-01
    2.37201e+21         2.10561e+13    4.91488e-01
    2.37201e+21         1.91185e+13    4.91386e-01
    2.37201e+21         1.79433e+13    4.91321e-01
    2.37201e+21         1.66091e+13    4.91246e-01
    2.37201e+21         1.50517e+13    4.91152e-01
    2.37201e+21         1.41034e+13    4.91087e-01
    2.37201e+21         1.30233e+13    4.91009e-01
    2.37201e+21         1.17564e+13    4.90910e-01
    2.37201e+21         1.09789e+13    4.90840e-01
    2.37201e+21         1.00874e+13    4.90752e-01
    2.37201e+21         9.55929e+12    4.90696e-01
    2.37201e+21         8.97122e+12    4.90632e-01
    2.37201e+21         8.30350e+12    4.90555e-01
    2.37201e+21         7.52403e+12    4.90460e-01
    2.37201e+21         7.04935e+12    4.90401e-01
    2.37201e+21         6.50856e+12    4.90332e-01
    2.37201e+21         5.87417e+12    4.90250e-01
    2.37201e+21         5.48475e+12    4.90200e-01
    2.37201e+21         5.03807e+12    4.90142e-01
    2.37201e+21         4.77336e+12    4.90108e-01
    2.37201e+21         4.47848e+12    4.90071e-01
    2.37201e+21         4.14349e+12    4.90028e-01
    2.37201e+21         3.75214e+12    4.89980e-01
    2.37201e+21         3.51351e+12    4.89950e-01
    2.37201e+21         3.24137e+12    4.89918e-01
    2.37201e+21         2.92162e+12    4.89881e-01
    2.37201e+21         2.72483e+12    4.89859e-01
    2.37201e+21         2.49859e+12    4.89834e-01
    2.37201e+21         2.36406e+12    4.89819e-01
    2.37201e+21         2.21377e+12    4.89803e-01
    2.37201e+21         2.04240e+12    4.89785e-01
    2.37201e+21         1.84105e+12    4.89765e-01
    2.37201e+21         1.71715e+12    4.89751e-01
    2.37201e+21         1.57472e+12    4.89734e-01
    2.37201e+21         1.49004e+12    4.89722e-01
    2.37201e+21         1.39547e+12    4.89708e-01
    2.37201e+21         1.28763e+12    4.89691e-01
    2.37201e+21         1.16098e+12    4.89669e-01
    2.37201e+21         1.08308e+12    4.89651e-01
    2.37201e+21         9.93567e+11    4.89622e-01
    2.37201e+21         9.40377e+11    4.89597e-01
    2.37201e+21         8.80996e+11    4.89560e-01
    2.37201e+21         8.13335e+11    4.89508e-01
    2.37201e+21         7.33941e+11    4.89426e-01
    2.37201e+21         6.85186e+11    4.89361e-01
    2.37201e+21         6.29241e+11    4.89277e-01
    2.37201e+21         5.96071e+11    4.89219e-01
    2.37201e+21         5.59105e+11    4.89150e-01
    2.37201e+21         5.17088e+11    4.89067e-01
    2.37201e+21         4.67962e+11    4.88966e-01
    2.37201e+21         4.37969e+11    4.88902e-01
    2.37201e+21         4.03726e+11    4.88825e-01
    2.37201e+21         3.63425e+11    4.88734e-01
    2.37201e+21         3.38555e+11    4.88672e-01
    2.37201e+21         3.09893e+11    4.88592e-01
    2.37201e+21         2.92787e+11    4.88540e-01
    2.37201e+21         2.73622e+11    4.88479e-01
    2.37201e+21         2.51677e+11    4.88401e-01
    2.37201e+21         2.38706e+11    4.88351e-01
    2.37201e+21         2.24286e+11    4.88292e-01
    2.37201e+21         2.07952e+11    4.88223e-01
    2.37201e+21         1.88950e+11    4.88139e-01
    2.37201e+21         1.77441e+11    4.88085e-01
    2.37201e+21         1.64390e+11    4.88024e-01
    2.37201e+21         1.49185e+11    4.87951e-01
    2.37201e+21         1.39954e+11    4.87906e-01
    2.37201e+21         1.29464e+11    4.87855e-01
    2.37201e+21         1.17206e+11    4.87796e-01
    2.37201e+21         1.09727e+11    4.87760e-01
    2.37201e+21         1.01194e+11    4.87720e-01
    2.37201e+21         9.11618e+10    4.87673e-01
    2.37201e+21         8.49807e+10    4.87644e-01
    2.37201e+21         7.78676e+10    4.87613e-01
    2.37201e+21         7.36317e+10    4.87595e-01
    2.37201e+21         6.88943e+10    4.87575e-01
    2.37201e+21         6.34830e+10    4.87552e-01
    2.37201e+21         6.02964e+10    4.87539e-01
    2.37201e+21         5.67641e+10    4.87525e-01
    2.37201e+21         5.27785e+10    4.87509e-01
    2.37201e+21         4.81682e+10    4.87492e-01
    2.37201e+21         4.54007e+10    4.87482e-01
    2.37201e+21         4.22855e+10    4.87471e-01
    2.37201e+21         3.86944e+10    4.87459e-01
    2.37201e+21         3.65501e+10    4.87452e-01
    2.37201e+21         3.41468e+10    4.87445e-01
    2.37201e+21         3.13933e+10    4.87436e-01
    2.37201e+21         2.97645e+10    4.87431e-01
    2.37201e+21         2.79525e+10    4.87426e-01
    2.37201e+21         2.58980e+10    4.87420e-01
    2.37201e+21         2.35045e+10    4.87414e-01
    2.37201e+21         2.20517e+10    4.87411e-01
    2.37201e+21         2.04011e+10    4.87407e-01
    2.37201e+21         1.84726e+10    4.87402e-01
    2.37201e+21         1.72965e+10    4.87400e-01
    2.37201e+21         1.59551e+10    4.87397e-01
    2.37201e+21         1.43785e+10    4.87394e-01
    2.37201e+21         1.34079e+10    4.87392e-01
    2.37201e+21         1.22917e+10    4.87390e-01
    2.37201e+21         1.16277e+10    4.87389e-01
    2.37201e+21         1.08856e+10    4.87387e-01
    2.37201e+21         1.00389e+10    4.87386e-01
    2.37201e+21         9.04336e+09    4.87385e-01
    2.37201e+21         8.42996e+09    4.87384e-01
    2.37201e+21         7.72404e+09    4.87383e-01
    2.37201e+21         7.30362e+09    4.87382e-01
    2.37201e+21         6.83340e+09    4.87382e-01
    2.37201e+21         6.29625e+09    4.87381e-01
    2.37201e+21         5.97989e+09    4.87381e-01
    2.37201e+21         5.62917e+09    4.87381e-01
    2.37201e+21         5.23338e+09    4.87380e-01
    2.37201e+21         4.77547e+09    4.87380e-01
    2.37201e+21         4.50050e+09    4.87380e-01
    2.37201e+21         4.19091e+09    4.87379e-01
    2.37201e+21         3.83388e+09    4.87379e-01
    2.37201e+21         3.62057e+09    4.87379e-01
    2.37201e+21         3.38139e+09    4.87379e-01
    2.37201e+21         3.10717e+09    4.87378e-01
    2.37201e+21         2.94480e+09    4.87378e-01
    2.37201e+21         2.76402e+09    4.87378e-01
    2.37201e+21         2.55882e+09    4.87378e-01
    2.37201e+21         2.31939e+09    4.87378e-01
    2.37201e+21         2.17369e+09    4.87378e-01
    2.37201e+21         2.00779e+09    4.87378e-01
    2.37201e+21         1.81335e+09    4.87378e-01
    2.37201e+21         1.69416e+09    4.87378e-01
    2.37201e+21         1.55761e+09    4.87378e-01
    2.37201e+21         1.47685e+09    4.87378e-01
    2.37201e+21         1.38700e+09    4.87378e-01
    2.37201e+21         1.28514e+09    4.87378e-01
    2.37201e+21         1.16649e+09    4.87377e-01
    2.37201e+21         1.09448e+09    4.87377e-01
    2.37201e+21         1.01269e+09    4.87377e-01
    2.37201e+21         9.17148e+08    4.87377e-01
    2.37201e+21         8.58907e+08    4.87377e-01
    2.37201e+21         7.92500e+08    4.87377e-01
    2.37201e+21         7.14498e+08    4.87377e-01
    2.37201e+21         6.66516e+08    4.87377e-01
    2.37201e+21         6.11378e+08    4.87377e-01
    2.37201e+21         5.78612e+08    4.87377e-01
    2.37201e+21         5.42029e+08    4.87377e-01
    2.37201e+21         5.00342e+08    4.87377e-01
    2.37201e+21         4.51420e+08    4.87377e-01
    2.37201e+21         4.21369e+08    4.87377e-01
    2.37201e+21         3.86879e+08    4.87377e-01
    2.37201e+21         3.66422e+08    4.87377e-01
    2.37201e+21         3.43618e+08    4.87377e-01
    2.37201e+21         3.17686e+08    4.87377e-01
    2.37201e+21         2.87348e+08    4.87377e-01
    2.37201e+21         2.68807e+08    4.87377e-01
    2.37201e+21         2.47619e+08    4.87377e-01
    2.37201e+21         2.35135e+08    4.87377e-01
    2.37201e+21         2.21290e+08    4.87377e-01
    2.37201e+21         2.05659e+08    4.87377e-01
    2.37201e+21         1.87561e+08    4.87377e-01
    2.37201e+21         1.76681e+08    4.87377e-01
    2.37201e+21         1.64420e+08    4.87377e-01
    2.37201e+21         1.50263e+08    4.87377e-01
    2.37201e+21         1.41787e+08    4.87377e-01
    2.37201e+21         1.32268e+08    4.87377e-01
    2.37201e+21         1.21330e+08    4.87377e-01
    2.37201e+21         1.14830e+08    4.87377e-01
    2.37201e+21         1.07574e+08    4.87377e-01
    2.37201e+21         9.93055e+07    4.87377e-01
    2.37201e+21         8.96029e+07    4.87377e-01
    2.37201e+21         8.36440e+07    4.87377e-01
    2.37201e+21         7.68059e+07    4.87377e-01
    2.37201e+21         7.27510e+07    4.87377e-01
    2.37201e+21         6.82314e+07    4.87377e-01
    2.37201e+21         6.30932e+07    4.87377e-01
    2.37201e+21         5.70841e+07    4.87377e-01
    2.37201e+21         5.34137e+07    4.87377e-01
    2.37201e+21         4.92215e+07    4.87377e-01
    2.37201e+21         4.67532e+07    4.87377e-01
    2.37201e+21         4.40173e+07    4.87377e-01
    2.37201e+21         4.09308e+07    4.87377e-01
    2.37201e+21         3.73612e+07    4.87377e-01
    2.37201e+21         3.52191e+07    4.87377e-01
    2.37201e+21         3.28085e+07    4.87377e-01
    2.37201e+21         3.00306e+07    4.87377e-01
    2.37201e+21         2.83728e+07    4.87377e-01
    2.37201e+21         2.65156e+07    4.87377e-01
    2.37201e+21         2.43892e+07    4.87377e-01
    2.37201e+21         2.31325e+07    4.87377e-01
    2.37201e+21         2.17355e+07    4.87377e-01
    2.37201e+21         2.01533e+07    4.87377e-01
    2.37201e+21         1.83128e+07    4.87377e-01
    2.37201e+21         1.71982e+07    4.87377e-01
    2.37201e+21         1.59346e+07    4.87377e-01
    2.37201e+21         1.44626e+07    4.87377e-01
    2.37201e+21         1.35691e+07    4.87377e-01
    2.37201e+21         1.25541e+07    4.87377e-01
    2.37201e+21         1.13683e+07    4.87377e-01
    2.37201e+21         1.06453e+07    4.87377e-01
    2.37201e+21         9.82079e+06    4.87377e-01
    2.37201e+21         8.85197e+06    4.87377e-01
    2.37201e+21         8.25573e+06    4.87377e-01
    2.37201e+21         7.57025e+06    4.87377e-01
    2.37201e+21         7.16263e+06    4.87377e-01
    2.37201e+21         6.70729e+06    4.87377e-01
    2.37201e+21         6.18803e+06    4.87377e-01
    2.37201e+21         5.57798e+06    4.87377e-01
    2.37201e+21         5.20258e+06    4.87377e-01
    2.37201e+21         4.77105e+06    4.87377e-01
    2.37201e+21         4.51449e+06    4.87377e-01
    2.37201e+21         4.22794e+06    4.87377e-01
    2.37201e+21         3.90124e+06    4.87377e-01
    2.37201e+21         3.51752e+06    4.87377e-01
    2.37201e+21         3.28152e+06    4.87377e-01
    2.37201e+21         3.01036e+06    4.87377e-01
    2.37201e+21         2.84925e+06    4.87377e-01
    2.37201e+21         2.66940e+06    4.87377e-01
    2.37201e+21         2.46451e+06    4.87377e-01
    2.37201e+21         2.22413e+06    4.87377e-01
    2.37201e+21         2.07656e+06    4.87377e-01
    2.37201e+21         1.90727e+06    4.87377e-01
    2.37201e+21         1.80693e+06    4.87377e-01
    2.37201e+21         1.69513e+06    4.87377e-01
    2.37201e+21         1.56811e+06    4.87377e-01
    2.37201e+21         1.41967e+06    4.87377e-01
    2.37201e+21         1.32912e+06    4.87377e-01
    2.37201e+21         1.22581e+06    4.87377e-01
    2.37201e+21         1.10435e+06    4.87377e-01
    2.37201e+21         1.02953e+06    4.87377e-01
    2.37201e+21         9.43443e+05    4.87377e-01
    2.37201e+21         8.92183e+05    4.87377e-01
    2.37201e+21         8.34864e+05    4.87377e-01
    2.37201e+21         7.69405e+05    4.87377e-01
    2.37201e+21         7.30869e+05    4.87377e-01
    2.37201e+21         6.88162e+05    4.87377e-01
    2.37201e+21         6.39990e+05    4.87377e-01
    2.37201e+21         5.84293e+05    4.87377e-01
    2.37201e+21         5.50883e+05    4.87377e-01
    2.37201e+21         5.13296e+05    4.87377e-01
    2.37201e+21         4.70004e+05    4.87377e-01
    2.37201e+21         4.44187e+05    4.87377e-01
    2.37201e+21         4.15281e+05    4.87377e-01
    2.37201e+21         3.82211e+05    4.87377e-01
    2.37201e+21         3.62691e+05    4.87377e-01
    2.37201e+21         3.41014e+05    4.87377e-01
    2.37201e+21         3.16492e+05    4.87377e-01
    2.37201e+21         2.88024e+05    4.87377e-01
    2.37201e+21         2.70837e+05    4.87377e-01
    2.37201e+21         2.51400e+05    4.87377e-01
    2.37201e+21         2.28840e+05    4.87377e-01
    2.37201e+21         2.15227e+05    4.87377e-01
    2.37201e+21         1.99838e+05    4.87377e-01
    2.37201e+21         1.81986e+05    4.87377e-01
    2.37201e+21         1.71224e+05    4.87377e-01
    2.37201e+21         1.59065e+05    4.87377e-01
    2.37201e+21         1.44977e+05    4.87377e-01
    2.37201e+21         1.36498e+05    4.87377e-01
    2.37201e+21         1.26932e+05    4.87377e-01
    2.37201e+21         1.15871e+05    4.87377e-01
    2.37201e+21         1.09234e+05    4.87377e-01
    2.37201e+21         1.01765e+05    4.87377e-01
    2.37201e+21         9.31605e+04    4.87377e-01
    2.37201e+21         8.80267e+04    4.87377e-01
    2.37201e+21         8.22765e+04    4.87377e-01
    2.37201e+21         7.56946e+04    4.87377e-01
    2.37201e+21         7.18064e+04    4.87377e-01
    2.37201e+21         6.74858e+04    4.87377e-01
    2.37201e+21         6.25942e+04    4.87377e-01
    2.37201e+21         5.69082e+04    4.87377e-01
    2.37201e+21         5.34686e+04    4.87377e-01
    2.37201e+21         4.95724e+04    4.87377e-01
    2.37201e+21         4.50396e+04    4.87377e-01
    2.37201e+21         4.22941e+04    4.87377e-01
    2.37201e+21         3.91805e+04    4.87377e-01
    2.37201e+21         3.55524e+04    4.87377e-01
    2.37201e+21         3.33493e+04    4.87377e-01
    2.37201e+21         3.08454e+04    4.87377e-01
    2.37201e+21         2.79185e+04    4.87377e-01
    2.37201e+21         2.61321e+04    4.87377e-01
    2.37201e+21         2.40932e+04    4.87377e-01
    2.37201e+21         2.16945e+04    4.87377e-01
    2.37201e+21         2.02153e+04    4.87377e-01
    2.37201e+21         1.85117e+04    4.87377e-01
    2.37201e+21         1.74959e+04    4.87377e-01
    2.37201e+21         1.63588e+04    4.87377e-01
    2.37201e+21         1.50580e+04    4.87377e-01
    2.37201e+21         1.42904e+04    4.87377e-01
    2.37201e+21         1.34382e+04    4.87377e-01
    2.37201e+21         1.24744e+04    4.87377e-01
    2.37201e+21         1.13559e+04    4.87377e-01
    2.37201e+21         1.06811e+04    4.87377e-01
    2.37201e+21         9.91827e+03    4.87377e-01
    2.37201e+21         9.03364e+03    4.87377e-01
    2.37201e+21         8.50045e+03    4.87377e-01
    2.37201e+21         7.89828e+03    4.87377e-01
    2.37201e+21         7.20078e+03    4.87377e-01
    2.37201e+21         6.78120e+03    4.87377e-01
    2.37201e+21         6.30809e+03    4.87377e-01
    2.37201e+21         5.76135e+03    4.87377e-01
    2.37201e+21         5.43363e+03    4.87377e-01
    2.37201e+21         5.06519e+03    4.87377e-01
    2.37201e+21         4.64120e+03    4.87377e-01
    2.37201e+21         4.38871e+03    4.87377e-01
    2.37201e+21         4.10632e+03    4.87377e-01
    2.37201e+21         3.78376e+03    4.87377e-01
    2.37201e+21         3.59381e+03    4.87377e-01
    2.37201e+21         3.38325e+03    4.87377e-01
    2.37201e+21         3.14567e+03    4.87377e-01
    2.37201e+21         2.87084e+03    4.87377e-01
    2.37201e+21         2.70586e+03    4.87377e-01
    2.37201e+21         2.52014e+03    4.87377e-01
    2.37201e+21         2.30605e+03    4.87377e-01
    2.37201e+21         2.17820e+03    4.87377e-01
    2.37201e+21         2.03491e+03    4.87377e-01
    2.37201e+21         1.87072e+03    4.87377e-01
    2.37201e+21         1.77358e+03    4.87377e-01
    2.37201e+21         1.66552e+03    4.87377e-01
    2.37201e+21         1.54297e+03    4.87377e-01
    2.37201e+21         1.40019e+03    4.87377e-01
    2.37201e+21         1.31349e+03    4.87377e-01
    2.37201e+21         1.21498e+03    4.87377e-01
    2.37201e+21         1.09983e+03    4.87377e-01
    2.37201e+21         1.02958e+03    4.87377e-01
    2.37201e+21         9.49409e+02    4.87377e-01
    2.37201e+21         8.55126e+02    4.87377e-01
    2.37201e+21         7.97017e+02    4.87377e-01
    2.37201e+21         7.30126e+02    4.87377e-01
    2.37201e+21         6.90271e+02    4.87377e-01
    2.37201e+21         6.45681e+02    4.87377e-01
    2.37201e+21         5.94720e+02    4.87377e-01
    2.37201e+21         5.64685e+02    4.87377e-01
    2.37201e+21         5.31370e+02    4.87377e-01
    2.37201e+21         4.93748e+02    4.87377e-01
    2.37201e+21         4.50173e+02    4.87377e-01
    2.37201e+21         4.23963e+02    4.87377e-01
    2.37201e+21         3.94413e+02    4.87377e-01
    2.37201e+21         3.60269e+02    4.87377e-01
    2.37201e+21         3.39808e+02    4.87377e-01
    2.37201e+21         3.16808e+02    4.87377e-01
    2.37201e+21         2.90348e+02    4.87377e-01
    2.37201e+21         2.74597e+02    4.87377e-01
    2.37201e+21         2.56987e+02    4.87377e-01
    2.37201e+21         2.36880e+02    4.87377e-01
    2.37201e+21         2.13216e+02    4.87377e-01
    2.37201e+21         1.98611e+02    4.87377e-01
    2.37201e+21         1.81780e+02    4.87377e-01
    2.37201e+21         1.71734e+02    4.87377e-01
    2.37201e+21         1.60478e+02    4.87377e-01
    2.37201e+21         1.47587e+02    4.87377e-01
    2.37201e+21         1.39967e+02    4.87377e-01
    2.37201e+21         1.31494e+02    4.87377e-01
    2.37201e+21         1.21895e+02    4.87377e-01
    2.37201e+21         1.10724e+02    4.87377e-01
    2.37201e+21         1.03954e+02    4.87377e-01
    2.37201e+21         9.62746e+01    4.87377e-01
    2.37201e+21         8.73207e+01    4.87377e-01
    2.37201e+21         8.18786e+01    4.87377e-01
    2.37201e+21         7.56889e+01    4.87377e-01
    2.37201e+21         6.84455e+01    4.87377e-01
    2.37201e+21         6.40167e+01    4.87377e-01
    2.37201e+21         5.89540e+01    4.87377e-01
    2.37201e+21         5.59691e+01    4.87377e-01
    2.37201e+21         5.26574e+01    4.87377e-01
    2.37201e+21         4.89161e+01    4.87377e-01
    2.37201e+21         4.45806e+01    4.87377e-01
    2.37201e+21         4.19707e+01    4.87377e-01
    2.37201e+21         3.90261e+01    4.87377e-01
    2.37201e+21         3.56204e+01    4.87377e-01
    2.37201e+21         3.35763e+01    4.87377e-01
    2.37201e+21         3.12759e+01    4.87377e-01
    2.37201e+21         2.86245e+01    4.87377e-01
    2.37201e+21         2.70419e+01    4.87377e-01
    2.37201e+21         2.52686e+01    4.87377e-01
    2.37201e+21         2.32377e+01    4.87377e-01
    2.37201e+21         2.20369e+01    4.87377e-01
    2.37201e+21         2.07018e+01    4.87377e-01
    2.37201e+21         1.91889e+01    4.87377e-01
    2.37201e+21         1.74280e+01    4.87377e-01
    2.37201e+21         1.63607e+01    4.87377e-01
    2.37201e+21         1.51496e+01    4.87377e-01
    2.37201e+21         1.37371e+01    4.87377e-01
    2.37201e+21         1.28781e+01    4.87377e-01
    2.37201e+21         1.19007e+01    4.87377e-01
    2.37201e+21         1.07562e+01    4.87377e-01
    2.37201e+21         1.00557e+01    4.87377e-01
    2.37201e+21         9.25417e+00    4.87377e-01
    2.37201e+21         8.78099e+00    4.87377e-01
    2.37201e+21         8.25543e+00    4.87377e-01
    2.37201e+21         7.66083e+00    4.87377e-01
    2.37201e+21         6.97034e+00    4.87377e-01
    2.37201e+21         6.55331e+00    4.87377e-01
    2.37201e+21         6.08151e+00    4.87377e-01
    2.37201e+21         5.53368e+00    4.87377e-01
    2.37201e+21         5.20284e+00    4.87377e-01
    2.37201e+21         4.82858e+00    4.87377e-01
    2.37201e+21         4.39407e+00    4.87377e-01
    2.37201e+21         4.13171e+00    4.87377e-01
    2.37201e+21         3.83499e+00    4.87377e-01
    2.37201e+21         3.49057e+00    4.87377e-01
    2.37201e+21         3.28270e+00    4.87377e-01
    2.37201e+21         3.04767e+00    4.87377e-01
    2.37201e+21         2.77499e+00    4.87377e-01
    2.37201e+21         2.61054e+00    4.87377e-01
    2.37201e+21         2.42472e+00    4.87377e-01
    2.37201e+21         2.20932e+00    4.87377e-01
    2.37201e+21         2.07960e+00    4.87377e-01
    2.37201e+21         1.93319e+00    4.87377e-01
    2.37201e+21         1.76377e+00    4.87377e-01
    2.37201e+21         1.66200e+00    4.87377e-01
    2.37201e+21         1.54739e+00    4.87377e-01
    2.37201e+21         1.41517e+00    4.87377e-01
    2.37201e+21         1.33613e+00    4.87377e-01
    2.37201e+21         1.24746e+00    4.87377e-01
    2.37201e+21         1.14574e+00    4.87377e-01
    2.37201e+21         1.08544e+00    4.87377e-01
    2.37201e+21         1.01827e+00    4.87377e-01
    2.37201e+21         9.41934e-01    4.87377e-01
    2.37201e+21         8.52728e-01    4.87377e-01
    2.37201e+21         7.98305e-01    4.87377e-01
    2.37201e+21         7.36208e-01    4.87377e-01
    2.37201e+21         6.63194e-01    4.87377e-01
    2.37201e+21         6.18206e-01    4.87377e-01
    2.37201e+21         5.66432e-01    4.87377e-01
    2.37201e+21         5.35597e-01    4.87377e-01
    2.37201e+21         5.01109e-01    4.87377e-01
    2.37201e+21         4.61710e-01    4.87377e-01
    2.37201e+21         4.38505e-01    4.87377e-01
    2.37201e+21         4.12779e-01    4.87377e-01
    2.37201e+21         3.83747e-01    4.87377e-01
    2.37201e+21         3.50156e-01    4.87377e-01
    2.37201e+21         3.29983e-01    4.87377e-01
    2.37201e+21         3.07269e-01    4.87377e-01
    2.37201e+21         2.81072e-01    4.87377e-01
    2.37201e+21         2.65418e-01    4.87377e-01
    2.37201e+21         2.47864e-01    4.87377e-01
    2.37201e+21         2.27734e-01    4.87377e-01
    2.37201e+21         2.15812e-01    4.87377e-01
    2.37201e+21         2.02535e-01    4.87377e-01
    2.37201e+21         1.87461e-01    4.87377e-01
    2.37201e+21         1.69866e-01    4.87377e-01
    2.37201e+21         1.59151e-01    4.87377e-01
    2.37201e+21         1.46945e-01    4.87377e-01
    2.37201e+21         1.32627e-01    4.87377e-01
    2.37201e+21         1.23839e-01    4.87377e-01
    2.37201e+21         1.13759e-01    4.87377e-01
    2.37201e+21         1.07786e-01    4.87377e-01
    2.37201e+21         1.01133e-01    4.87377e-01
    2.37201e+21         9.35764e-02    4.87377e-01
    2.37201e+21         8.47496e-02    4.87377e-01
    2.37201e+21         7.93690e-02    4.87377e-01
    2.37201e+21         7.32342e-02    4.87377e-01
    2.37201e+21         6.60285e-02    4.87377e-01
    2.37201e+21         6.15963e-02    4.87377e-01
    2.37201e+21         5.65034e-02    4.87377e-01
    2.37201e+21         5.34772e-02    4.87377e-01
    2.37201e+21         5.00988e-02    4.87377e-01
    2.37201e+21         4.62494e-02    4.87377e-01
    2.37201e+21         4.17326e-02    4.87377e-01
    2.37201e+21         3.89589e-02    4.87377e-01
    2.37201e+21         3.57761e-02    4.87377e-01
    2.37201e+21         3.38890e-02    4.87377e-01
    2.37201e+21         3.17859e-02    4.87377e-01
    2.37201e+21         2.93952e-02    4.87377e-01
    2.37201e+21         2.65999e-02    4.87377e-01
    2.37201e+21         2.48930e-02    4.87377e-01
    2.37201e+21         2.29441e-02    4.87377e-01
    2.37201e+21         2.06499e-02    4.87377e-01
    2.37201e+21         1.92339e-02    4.87377e-01
    2.37201e+21         1.76016e-02    4.87377e-01
    2.37201e+21         1.66271e-02    4.87377e-01
    2.37201e+21         1.55350e-02    4.87377e-01
    2.37201e+21         1.42839e-02    4.87377e-01
    2.37201e+21         1.35440e-02    4.87377e-01
    2.37201e+21         1.27211e-02    4.87377e-01
    2.37201e+21         1.17882e-02    4.87377e-01
    2.37201e+21         1.07018e-02    4.87377e-01
    2.37201e+21         1.00428e-02    4.87377e-01
    2.37201e+21         9.29439e-03    4.87377e-01
    2.37201e+21         8.42062e-03    4.87377e-01
    2.37201e+21         7.88837e-03    4.87377e-01
    2.37201e+21         7.28187e-03    4.87377e-01
    2.37201e+21         6.57013e-03    4.87377e-01
    2.37201e+21         6.13298e-03    4.87377e-01
    2.37201e+21         5.63130e-03    4.87377e-01
    2.37201e+21         5.33377e-03    4.87377e-01
    2.37201e+21         5.00212e-03    4.87377e-01
    2.37201e+21         4.62503e-03    4.87377e-01
    2.37201e+21         4.18396e-03    4.87377e-01
    2.37201e+21         3.91447e-03    4.87377e-01
    2.37201e+21         3.60659e-03    4.87377e-01
    2.37201e+21         3.42525e-03    4.87377e-01
    2.37201e+21         3.22421e-03    4.87377e-01
    2.37201e+21         2.99730e-03    4.87377e-01
    2.37201e+21         2.73475e-03    4.87377e-01
    2.37201e+21         2.57705e-03    4.87377e-01
    2.37201e+21         2.39946e-03    4.87377e-01
    2.37201e+21         2.19461e-03    4.87377e-01
    2.37201e+21         2.07218e-03    4.87377e-01
    2.37201e+21         1.93485e-03    4.87377e-01
    2.37201e+21         1.77733e-03    4.87377e-01
    2.37201e+21         1.68399e-03    4.87377e-01
    2.37201e+21         1.58002e-03    4.87377e-01
    2.37201e+21         1.46191e-03    4.87377e-01
    2.37201e+21         1.32395e-03    4.87377e-01
    2.37201e+21         1.23985e-03    4.87377e-01
    2.37201e+21         1.14394e-03    4.87377e-01
    2.37201e+21         1.03129e-03    4.87377e-01
    2.37201e+21         9.61978e-04    4.87377e-01
    2.37201e+21         8.82324e-04    4.87377e-01
    2.37201e+21         8.34982e-04    4.87377e-01
    2.37201e+21         7.82119e-04    4.87377e-01
    2.37201e+21         7.21868e-04    4.87377e-01
    2.37201e+21         6.51141e-04    4.87377e-01
    2.37201e+21         6.07677e-04    4.87377e-01
    2.37201e+21         5.57773e-04    4.87377e-01
    2.37201e+21         5.28157e-04    4.87377e-01
    2.37201e+21         4.95126e-04    4.87377e-01
    2.37201e+21         4.57541e-04    4.87377e-01
    2.37201e+21         4.13528e-04    4.87377e-01
    2.37201e+21         3.86587e-04    4.87377e-01
    2.37201e+21         3.55761e-04    4.87377e-01
    2.37201e+21         3.37561e-04    4.87377e-01
    2.37201e+21         3.17345e-04    4.87377e-01
    2.37201e+21         2.94472e-04    4.87377e-01
    2.37201e+21         2.67908e-04    4.87377e-01
    2.37201e+21         2.51862e-04    4.87377e-01
    2.37201e+21         2.33705e-04    4.87377e-01
    2.37201e+21         2.12618e-04    4.87377e-01
    2.37201e+21         1.99879e-04    4.87377e-01
    2.37201e+21         1.85465e-04    4.87377e-01
    2.37201e+21         1.68723e-04    4.87377e-01
    2.37201e+21         1.58608e-04    4.87377e-01
    2.37201e+21         1.47163e-04    4.87377e-01
    2.37201e+21         1.33867e-04    4.87377e-01
    2.37201e+21         1.25834e-04    4.87377e-01
    2.37201e+21         1.16741e-04    4.87377e-01
    2.37201e+21         1.06178e-04    4.87377e-01
    2.37201e+21         9.97925e-05    4.87377e-01
    2.37201e+21         9.25641e-05    4.87377e-01
    2.37201e+21         8.41627e-05    4.87377e-01
    2.37201e+21         7.90815e-05    4.87377e-01
    2.37201e+21         7.33264e-05    4.87377e-01
    2.37201e+21         6.66324e-05    4.87377e-01
    2.37201e+21         6.25791e-05    4.87377e-01
    2.37201e+21         5.79838e-05    4.87377e-01
    2.37201e+21         5.26312e-05    4.87377e-01
    2.37201e+21         4.93829e-05    4.87377e-01
    2.37201e+21         4.56932e-05    4.87377e-01
    2.37201e+21         4.13835e-05    4.87377e-01
    2.37201e+21         3.87565e-05    4.87377e-01
    2.37201e+21         3.57613e-05    4.87377e-01
    2.37201e+21         3.22433e-05    4.87377e-01
    2.37201e+21         3.00795e-05    4.87377e-01
    2.37201e+21         2.75933e-05    4.87377e-01
    2.37201e+21         2.61161e-05    4.87377e-01
    2.37201e+21         2.44670e-05    4.87377e-01


