              t                   M              a
    1.23833e-21         1.00000e+17    8.00000e-01
    2.47665e-21         1.00000e+17    8.00000e-01
    4.95331e-21         1.00000e+17    8.00000e-01
    9.90662e-21         1.00000e+17    8.00000e-01
    1.98132e-20         1.00000e+17    8.00000e-01
    3.96265e-20         1.00000e+17    8.00000e-01
    7.92530e-20         1.00000e+17    8.00000e-01
    1.58506e-19         1.00000e+17    8.00000e-01
    3.17012e-19         1.00000e+17    8.00000e-01
    6.34024e-19         1.00000e+17    8.00000e-01
    1.26805e-18         1.00000e+17    8.00000e-01
    2.53609e-18         1.00000e+17    8.00000e-01
    5.07219e-18         1.00000e+17    8.00000e-01
    1.01444e-17         1.00000e+17    8.00000e-01
    2.02888e-17         1.00000e+17    8.00000e-01
    4.05775e-17         1.00000e+17    8.00000e-01
    8.11550e-17         1.00000e+17    8.00000e-01
    1.62310e-16         1.00000e+17    8.00000e-01
    3.24620e-16         1.00000e+17    8.00000e-01
    6.49240e-16         1.00000e+17    8.00000e-01
    1.29848e-15         1.00000e+17    8.00000e-01
    2.59696e-15         1.00000e+17    8.00000e-01
    5.19392e-15         1.00000e+17    8.00000e-01
    1.03878e-14         1.00000e+17    8.00000e-01
    2.07757e-14         1.00000e+17    8.00000e-01
    4.15514e-14         1.00000e+17    8.00000e-01
    8.31027e-14         1.00000e+17    8.00000e-01
    1.66205e-13         1.00000e+17    8.00000e-01
    3.32411e-13         1.00000e+17    8.00000e-01
    6.64822e-13         1.00000e+17    8.00000e-01
    1.32964e-12         1.00000e+17    8.00000e-01
    2.65929e-12         1.00000e+17    8.00000e-01
    5.31858e-12         1.00000e+17    8.00000e-01
    1.06372e-11         1.00000e+17    8.00000e-01
    2.12743e-11         1.00000e+17    8.00000e-01
    4.25486e-11         9.99999e+16    7.99999e-01
    8.50972e-11         9.99999e+16    7.99998e-01
    1.70194e-10         9.99997e+16    7.99996e-01
    3.40389e-10         9.99994e+16    7.99993e-01
    6.80778e-10         9.99988e+16    7.99985e-01
    1.36156e-09         9.99976e+16    7.99971e-01
    2.72311e-09         9.99953e+16    7.99941e-01
    5.44622e-09         9.99906e+16    7.99882e-01
    1.08924e-08         9.99811e+16    7.99765e-01
    2.17849e-08         9.99623e+16    7.99529e-01
    4.35698e-08         9.99246e+16    7.99060e-01
    8.71395e-08         9.98492e+16    7.98122e-01
    1.74279e-07         9.96990e+16    7.96255e-01
    3.48558e-07         9.94001e+16    7.92553e-01
    6.97116e-07         9.88086e+16    7.85281e-01
    1.39423e-06         9.76409e+16    7.71137e-01
    2.09135e-06         9.64919e+16    7.57802e-01
    2.78847e-06         9.53604e+16    7.45242e-01
    3.48558e-06         9.42305e+16    7.33315e-01
    4.18270e-06         9.30992e+16    7.21920e-01
    4.87981e-06         9.19656e+16    7.11039e-01
    5.57693e-06         9.08248e+16    7.00566e-01
    6.27405e-06         8.96684e+16    6.90521e-01
    6.97116e-06         8.84949e+16    6.80889e-01
    7.66828e-06         8.73020e+16    6.71649e-01
    8.36540e-06         8.60827e+16    6.62717e-01
    9.06251e-06         8.48343e+16    6.54093e-01
    9.75963e-06         8.35543e+16    6.45769e-01
    1.04567e-05         8.22402e+16    6.37736e-01
    1.11539e-05         8.08888e+16    6.29877e-01
    1.18510e-05         7.94964e+16    6.22189e-01
    1.25481e-05         7.80593e+16    6.14673e-01
    1.32452e-05         7.65721e+16    6.07338e-01
    1.39423e-05         7.50285e+16    6.00182e-01
    1.46394e-05         7.34165e+16    5.93228e-01
    1.53366e-05         7.17290e+16    5.86464e-01
    1.60337e-05         6.99568e+16    5.79892e-01
    1.67308e-05         6.80885e+16    5.73513e-01
    1.74279e-05         6.61107e+16    5.67331e-01
    1.81250e-05         6.40148e+16    5.61131e-01
    1.88221e-05         6.17752e+16    5.54993e-01
    1.95193e-05         5.93658e+16    5.48911e-01
    2.02164e-05         5.67519e+16    5.42878e-01
    2.09135e-05         5.38857e+16    5.36900e-01
    2.16106e-05         5.07035e+16    5.30897e-01
    2.23077e-05         4.70974e+16    5.24884e-01
    2.30048e-05         4.29013e+16    5.18889e-01
    2.33534e-05         4.03624e+16    5.15902e-01
    2.37020e-05         3.74903e+16    5.12843e-01
    2.40505e-05         3.41540e+16    5.09762e-01
    2.42248e-05         3.21397e+16    5.08213e-01
    2.43991e-05         2.98631e+16    5.06625e-01
    2.45734e-05         2.72235e+16    5.05006e-01
    2.46605e-05         2.56336e+16    5.04182e-01
    2.47476e-05         2.38394e+16    5.03344e-01
    2.48348e-05         2.17637e+16    5.02488e-01
    2.48783e-05         2.05180e+16    5.02045e-01
    2.49219e-05         1.91159e+16    5.01593e-01
    2.49655e-05         1.75002e+16    5.01131e-01
    2.49873e-05         1.65360e+16    5.00891e-01
    2.50090e-05         1.54560e+16    5.00645e-01
    2.50308e-05         1.42195e+16    5.00394e-01
    2.50417e-05         1.34890e+16    5.00264e-01
    2.50526e-05         1.26771e+16    5.00131e-01
    2.50635e-05         1.17579e+16    4.99994e-01
    2.50744e-05         1.06892e+16    4.99851e-01
    2.50799e-05         1.00427e+16    4.99775e-01
    2.50853e-05         9.31013e+15    4.99695e-01
    2.50907e-05         8.45776e+15    4.99610e-01
    2.50935e-05         7.94132e+15    4.99565e-01
    2.50962e-05         7.35552e+15    4.99517e-01
    2.50989e-05         6.67267e+15    4.99466e-01
    2.51003e-05         6.25779e+15    4.99438e-01
    2.51016e-05         5.78606e+15    4.99409e-01
    2.51030e-05         5.23427e+15    4.99377e-01
    2.51037e-05         4.89714e+15    4.99360e-01
    2.51044e-05         4.51199e+15    4.99342e-01
    2.51047e-05         4.28514e+15    4.99332e-01
    2.51050e-05         4.03363e+15    4.99321e-01
    2.51054e-05         3.74977e+15    4.99310e-01
    2.51057e-05         3.42131e+15    4.99298e-01
    2.51059e-05         3.22403e+15    4.99291e-01
    2.51061e-05         3.00187e+15    4.99284e-01
    2.51062e-05         2.74561e+15    4.99277e-01
    2.51063e-05         2.59244e+15    4.99273e-01
    2.51064e-05         2.42064e+15    4.99268e-01
    2.51065e-05         2.22359e+15    4.99263e-01
    2.51065e-05         2.10683e+15    4.99261e-01
    2.51066e-05         1.97677e+15    4.99258e-01
    2.51066e-05         1.82903e+15    4.99255e-01
    2.51067e-05         1.65646e+15    4.99252e-01
    2.51067e-05         1.55126e+15    4.99250e-01
    2.51067e-05         1.43131e+15    4.99248e-01
    2.51067e-05         1.29041e+15    4.99246e-01
    2.51067e-05         1.20374e+15    4.99244e-01
    2.51067e-05         1.10413e+15    4.99243e-01
    2.51067e-05         1.04494e+15    4.99242e-01
    2.51068e-05         9.78845e+14    4.99241e-01
    2.51068e-05         9.03528e+14    4.99240e-01
    2.51068e-05         8.15131e+14    4.99239e-01
    2.51068e-05         7.60827e+14    4.99239e-01
    2.51068e-05         6.98494e+14    4.99238e-01
    2.51068e-05         6.61517e+14    4.99238e-01
    2.51068e-05         6.20290e+14    4.99237e-01
    2.51068e-05         5.73401e+14    4.99237e-01
    2.51068e-05         5.18530e+14    4.99237e-01
    2.51068e-05         4.84981e+14    4.99236e-01
    2.51068e-05         4.46630e+14    4.99236e-01
    2.51068e-05         4.24020e+14    4.99236e-01
    2.51068e-05         3.98934e+14    4.99236e-01
    2.51068e-05         3.70594e+14    4.99236e-01
    2.51068e-05         3.37754e+14    4.99235e-01
    2.51068e-05         3.17986e+14    4.99235e-01
    2.51068e-05         2.95683e+14    4.99235e-01
    2.51068e-05         2.69890e+14    4.99235e-01
    2.51068e-05         2.54410e+14    4.99235e-01
    2.51068e-05         2.36989e+14    4.99235e-01
    2.51068e-05         2.16913e+14    4.99235e-01
    2.51068e-05         2.04930e+14    4.99235e-01
    2.51068e-05         1.91506e+14    4.99235e-01
    2.51068e-05         1.76133e+14    4.99235e-01
    2.51068e-05         1.67047e+14    4.99235e-01
    2.51068e-05         1.56945e+14    4.99235e-01
    2.51068e-05         1.45501e+14    4.99235e-01
    2.51068e-05         1.32185e+14    4.99235e-01
    2.51068e-05         1.24119e+14    4.99235e-01
    2.51068e-05         1.14970e+14    4.99235e-01
    2.51068e-05         1.04307e+14    4.99234e-01
    2.51068e-05         9.78294e+13    4.99234e-01
    2.51068e-05         9.04660e+13    4.99234e-01
    2.51068e-05         8.18551e+13    4.99234e-01
    2.51068e-05         7.65961e+13    4.99234e-01
    2.51068e-05         7.05903e+13    4.99234e-01
    2.51068e-05         6.70546e+13    4.99234e-01
    2.51068e-05         6.31363e+13    4.99234e-01
    2.51068e-05         5.87165e+13    4.99234e-01
    2.51068e-05         5.36063e+13    4.99234e-01
    2.51068e-05         5.05408e+13    4.99234e-01
    2.51068e-05         4.70922e+13    4.99234e-01
    2.51068e-05         4.31199e+13    4.99234e-01
    2.51068e-05         4.07511e+13    4.99234e-01
    2.51068e-05         3.80988e+13    4.99234e-01
    2.51068e-05         3.50643e+13    4.99234e-01
    2.51068e-05         3.32732e+13    4.99234e-01
    2.51068e-05         3.12840e+13    4.99234e-01
    2.51068e-05         2.90337e+13    4.99234e-01
    2.51068e-05         2.64212e+13    4.99234e-01
    2.51068e-05         2.48438e+13    4.99234e-01
    2.51068e-05         2.30598e+13    4.99234e-01
    2.51068e-05         2.09890e+13    4.99234e-01
    2.51068e-05         1.97393e+13    4.99234e-01
    2.51068e-05         1.83263e+13    4.99234e-01
    2.51068e-05         1.66869e+13    4.99234e-01
    2.51068e-05         1.56983e+13    4.99234e-01
    2.51068e-05         1.45813e+13    4.99234e-01
    2.51068e-05         1.32865e+13    4.99234e-01
    2.51068e-05         1.25068e+13    4.99234e-01
    2.51068e-05         1.16269e+13    4.99234e-01
    2.51068e-05         1.06087e+13    4.99234e-01
    2.51068e-05         9.99720e+12    4.99234e-01
    2.51068e-05         9.30860e+12    4.99234e-01
    2.51068e-05         8.51436e+12    4.99234e-01
    2.51068e-05         8.03970e+12    4.99234e-01
    2.51068e-05         7.50734e+12    4.99234e-01
    2.51068e-05         6.89679e+12    4.99234e-01
    2.51068e-05         6.53508e+12    4.99234e-01
    2.51068e-05         6.13221e+12    4.99234e-01
    2.51068e-05         5.67468e+12    4.99234e-01
    2.51068e-05         5.14039e+12    4.99234e-01
    2.51068e-05         4.81482e+12    4.99234e-01
    2.51068e-05         4.44374e+12    4.99234e-01
    2.51068e-05         4.00810e+12    4.99234e-01
    2.51068e-05         3.74035e+12    4.99234e-01
    2.51068e-05         3.43290e+12    4.99234e-01
    2.51068e-05         3.25041e+12    4.99234e-01
    2.51068e-05         3.04685e+12    4.99234e-01
    2.51068e-05         2.81518e+12    4.99234e-01
    2.51068e-05         2.54381e+12    4.99234e-01
    2.51068e-05         2.37763e+12    4.99234e-01
    2.51068e-05         2.18742e+12    4.99234e-01
    2.51068e-05         2.07505e+12    4.99234e-01
    2.51068e-05         1.95018e+12    4.99234e-01
    2.51068e-05         1.80881e+12    4.99234e-01
    2.51068e-05         1.64447e+12    4.99234e-01
    2.51068e-05         1.54506e+12    4.99234e-01
    2.51068e-05         1.43245e+12    4.99234e-01
    2.51068e-05         1.30144e+12    4.99234e-01
    2.51068e-05         1.22208e+12    4.99234e-01
    2.51068e-05         1.13207e+12    4.99234e-01
    2.51068e-05         1.02719e+12    4.99234e-01
    2.51068e-05         9.63495e+11    4.99234e-01
    2.51068e-05         8.91097e+11    4.99234e-01
    2.51068e-05         8.06459e+11    4.99234e-01
    2.51068e-05         7.54790e+11    4.99234e-01
    2.51068e-05         6.95806e+11    4.99234e-01
    2.51068e-05         6.26397e+11    4.99234e-01
    2.51068e-05         5.83576e+11    4.99234e-01
    2.51068e-05         5.34240e+11    4.99234e-01
    2.51068e-05         5.04806e+11    4.99234e-01
    2.51068e-05         4.71838e+11    4.99234e-01
    2.51068e-05         4.34104e+11    4.99234e-01
    2.51068e-05         4.11813e+11    4.99234e-01
    2.51068e-05         3.87045e+11    4.99234e-01
    2.51068e-05         3.59005e+11    4.99234e-01
    2.51068e-05         3.26414e+11    4.99234e-01
    2.51068e-05         3.06702e+11    4.99234e-01
    2.51068e-05         2.84375e+11    4.99234e-01
    2.51068e-05         2.58404e+11    4.99234e-01
    2.51068e-05         2.42677e+11    4.99234e-01
    2.51068e-05         2.24845e+11    4.99234e-01
    2.51068e-05         2.04074e+11    4.99234e-01
    2.51068e-05         1.91466e+11    4.99234e-01
    2.51068e-05         1.77143e+11    4.99234e-01
    2.51068e-05         1.60411e+11    4.99234e-01
    2.51068e-05         1.50208e+11    4.99234e-01
    2.51068e-05         1.38573e+11    4.99234e-01
    2.51068e-05         1.24901e+11    4.99234e-01
    2.51068e-05         1.16487e+11    4.99234e-01
    2.51068e-05         1.06813e+11    4.99234e-01
    2.51068e-05         1.01060e+11    4.99234e-01
    2.51068e-05         9.46337e+10    4.99234e-01
    2.51068e-05         8.73050e+10    4.99234e-01
    2.51068e-05         7.86942e+10    4.99234e-01
    2.51068e-05         7.33951e+10    4.99234e-01
    2.51068e-05         6.73032e+10    4.99234e-01
    2.51068e-05         6.36808e+10    4.99234e-01
    2.51068e-05         5.96347e+10    4.99234e-01
    2.51068e-05         5.50208e+10    4.99234e-01
    2.51068e-05         4.96008e+10    4.99234e-01
    2.51068e-05         4.62661e+10    4.99234e-01
    2.51068e-05         4.24334e+10    4.99234e-01
    2.51068e-05         4.01552e+10    4.99234e-01
    2.51068e-05         3.76112e+10    4.99234e-01
    2.51068e-05         3.47115e+10    4.99234e-01
    2.51068e-05         3.13070e+10    4.99234e-01
    2.51068e-05         2.92144e+10    4.99234e-01
    2.51068e-05         2.68112e+10    4.99234e-01
    2.51068e-05         2.53846e+10    4.99234e-01
    2.51068e-05         2.37931e+10    4.99234e-01
    2.51068e-05         2.19816e+10    4.99234e-01
    2.51068e-05         1.98593e+10    4.99234e-01
    2.51068e-05         1.85592e+10    4.99234e-01
    2.51068e-05         1.70705e+10    4.99234e-01
    2.51068e-05         1.61907e+10    4.99234e-01
    2.51068e-05         1.52127e+10    4.99234e-01
    2.51068e-05         1.41049e+10    4.99234e-01
    2.51068e-05         1.28162e+10    4.99234e-01
    2.51068e-05         1.20358e+10    4.99234e-01
    2.51068e-05         1.11509e+10    4.99234e-01
    2.51068e-05         1.01199e+10    4.99234e-01
    2.51068e-05         9.49411e+09    4.99234e-01
    2.51068e-05         8.78304e+09    4.99234e-01
    2.51068e-05         7.95218e+09    4.99234e-01
    2.51068e-05         7.44540e+09    4.99234e-01
    2.51068e-05         6.86729e+09    4.99234e-01
    2.51068e-05         6.18774e+09    4.99234e-01
    2.51068e-05         5.76924e+09    4.99234e-01
    2.51068e-05         5.28782e+09    4.99234e-01
    2.51068e-05         5.00129e+09    4.99234e-01
    2.51068e-05         4.68098e+09    4.99234e-01
    2.51068e-05         4.31534e+09    4.99234e-01
    2.51068e-05         3.88511e+09    4.99234e-01
    2.51068e-05         3.61972e+09    4.99234e-01
    2.51068e-05         3.31398e+09    4.99234e-01
    2.51068e-05         3.13160e+09    4.99234e-01
    2.51068e-05         2.92736e+09    4.99234e-01
    2.51068e-05         2.69363e+09    4.99234e-01
    2.51068e-05         2.55560e+09    4.99234e-01
    2.51068e-05         2.40226e+09    4.99234e-01
    2.51068e-05         2.22873e+09    4.99234e-01
    2.51068e-05         2.02711e+09    4.99234e-01
    2.51068e-05         1.90525e+09    4.99234e-01
    2.51068e-05         1.76731e+09    4.99234e-01
    2.51068e-05         1.60699e+09    4.99234e-01
    2.51068e-05         1.51003e+09    4.99234e-01
    2.51068e-05         1.40023e+09    4.99234e-01
    2.51068e-05         1.27254e+09    4.99234e-01
    2.51068e-05         1.19523e+09    4.99234e-01
    2.51068e-05         1.10760e+09    4.99234e-01
    2.51068e-05         1.00556e+09    4.99234e-01
    2.51068e-05         9.43659e+08    4.99234e-01
    2.51068e-05         8.73370e+08    4.99234e-01
    2.51068e-05         7.91312e+08    4.99234e-01
    2.51068e-05         7.41332e+08    4.99234e-01
    2.51068e-05         6.84386e+08    4.99234e-01
    2.51068e-05         6.17569e+08    4.99234e-01
    2.51068e-05         5.76540e+08    4.99234e-01
    2.51068e-05         5.29464e+08    4.99234e-01
    2.51068e-05         5.01554e+08    4.99234e-01
    2.51068e-05         4.70451e+08    4.99234e-01
    2.51068e-05         4.35100e+08    4.99234e-01
    2.51068e-05         3.93772e+08    4.99234e-01
    2.51068e-05         3.68542e+08    4.99234e-01
    2.51068e-05         3.39740e+08    4.99234e-01
    2.51068e-05         3.05847e+08    4.99234e-01
    2.51068e-05         2.84937e+08    4.99234e-01
    2.51068e-05         2.60845e+08    4.99234e-01
    2.51068e-05         2.46471e+08    4.99234e-01
    2.51068e-05         2.30372e+08    4.99234e-01
    2.51068e-05         2.11943e+08    4.99234e-01
    2.51068e-05         2.01057e+08    4.99234e-01
    2.51068e-05         1.88961e+08    4.99234e-01
    2.51068e-05         1.75265e+08    4.99234e-01
    2.51068e-05         1.59346e+08    4.99234e-01
    2.51068e-05         1.49717e+08    4.99234e-01
    2.51068e-05         1.38809e+08    4.99234e-01
    2.51068e-05         1.26120e+08    4.99234e-01
    2.51068e-05         1.18434e+08    4.99234e-01
    2.51068e-05         1.09718e+08    4.99234e-01
    2.51068e-05         9.95633e+07    4.99234e-01
    2.51068e-05         9.33970e+07    4.99234e-01
    2.51068e-05         8.63897e+07    4.99234e-01
    2.51068e-05         7.81994e+07    4.99234e-01
    2.51068e-05         7.32016e+07    4.99234e-01
    2.51068e-05         6.74980e+07    4.99234e-01
    2.51068e-05         6.07897e+07    4.99234e-01
    2.51068e-05         5.66545e+07    4.99234e-01
    2.51068e-05         5.18936e+07    4.99234e-01
    2.51068e-05         4.90563e+07    4.99234e-01
    2.51068e-05         4.58814e+07    4.99234e-01
    2.51068e-05         4.22518e+07    4.99234e-01
    2.51068e-05         4.01118e+07    4.99234e-01
    2.51068e-05         3.77374e+07    4.99234e-01
    2.51068e-05         3.50548e+07    4.99234e-01
    2.51068e-05         3.19459e+07    4.99234e-01
    2.51068e-05         3.00742e+07    4.99234e-01
    2.51068e-05         2.79622e+07    4.99234e-01
    2.51068e-05         2.55192e+07    4.99234e-01
    2.51068e-05         2.40526e+07    4.99234e-01
    2.51068e-05         2.24018e+07    4.99234e-01
    2.51068e-05         2.04986e+07    4.99234e-01
    2.51068e-05         1.93621e+07    4.99234e-01
    2.51068e-05         1.80883e+07    4.99234e-01
    2.51068e-05         1.66288e+07    4.99234e-01
    2.51068e-05         1.57653e+07    4.99234e-01
    2.51068e-05         1.48046e+07    4.99234e-01
    2.51068e-05         1.37153e+07    4.99234e-01
    2.51068e-05         1.24459e+07    4.99234e-01
    2.51068e-05         1.16752e+07    4.99234e-01
    2.51068e-05         1.07994e+07    4.99234e-01
    2.51068e-05         9.77574e+06    4.99234e-01
    2.51068e-05         9.15111e+06    4.99234e-01
    2.51068e-05         8.43830e+06    4.99234e-01
    2.51068e-05         7.59998e+06    4.99234e-01
    2.51068e-05         7.08325e+06    4.99234e-01
    2.51068e-05         6.48838e+06    4.99234e-01
    2.51068e-05         6.13390e+06    4.99234e-01
    2.51068e-05         5.73727e+06    4.99234e-01
    2.51068e-05         5.28390e+06    4.99234e-01
    2.51068e-05         5.01665e+06    4.99234e-01
    2.51068e-05         4.72017e+06    4.99234e-01
    2.51068e-05         4.38527e+06    4.99234e-01
    2.51068e-05         3.99726e+06    4.99234e-01
    2.51068e-05         3.76377e+06    4.99234e-01
    2.51068e-05         3.50041e+06    4.99234e-01
    2.51068e-05         3.19592e+06    4.99234e-01
    2.51068e-05         3.01329e+06    4.99234e-01
    2.51068e-05         2.80785e+06    4.99234e-01
    2.51068e-05         2.57124e+06    4.99234e-01
    2.51068e-05         2.43017e+06    4.99234e-01
    2.51068e-05         2.27224e+06    4.99234e-01
    2.51068e-05         2.09159e+06    4.99234e-01
    2.51068e-05         1.98499e+06    4.99234e-01
    2.51068e-05         1.86663e+06    4.99234e-01
    2.51068e-05         1.73279e+06    4.99234e-01
    2.51068e-05         1.57747e+06    4.99234e-01
    2.51068e-05         1.48377e+06    4.99234e-01
    2.51068e-05         1.37786e+06    4.99234e-01
    2.51068e-05         1.25504e+06    4.99234e-01
    2.51068e-05         1.18102e+06    4.99234e-01
    2.51068e-05         1.09743e+06    4.99234e-01
    2.51068e-05         1.00063e+06    4.99234e-01
    2.51068e-05         9.42411e+05    4.99234e-01
    2.51068e-05         8.76775e+05    4.99234e-01
    2.51068e-05         8.00945e+05    4.99234e-01
    2.51068e-05         7.55511e+05    4.99234e-01
    2.51068e-05         7.04447e+05    4.99234e-01
    2.51068e-05         6.45713e+05    4.99234e-01
    2.51068e-05         6.10760e+05    4.99234e-01
    2.51068e-05         5.71693e+05    4.99234e-01
    2.51068e-05         5.27103e+05    4.99234e-01
    2.51068e-05         4.74650e+05    4.99234e-01
    2.51068e-05         4.42307e+05    4.99234e-01
    2.51068e-05         4.05060e+05    4.99234e-01
    2.51068e-05         3.82855e+05    4.99234e-01
    2.51068e-05         3.57999e+05    4.99234e-01
    2.51068e-05         3.29572e+05    4.99234e-01
    2.51068e-05         3.12800e+05    4.99234e-01
    2.51068e-05         2.94182e+05    4.99234e-01
    2.51068e-05         2.73133e+05    4.99234e-01
    2.51068e-05         2.48714e+05    4.99234e-01
    2.51068e-05         2.33990e+05    4.99234e-01
    2.51068e-05         2.17354e+05    4.99234e-01
    2.51068e-05         1.98074e+05    4.99234e-01
    2.51068e-05         1.86466e+05    4.99234e-01
    2.51068e-05         1.73368e+05    4.99234e-01
    2.51068e-05         1.58216e+05    4.99234e-01
    2.51068e-05         1.49119e+05    4.99234e-01
    2.51068e-05         1.38879e+05    4.99234e-01
    2.51068e-05         1.27073e+05    4.99234e-01
    2.51068e-05         1.20022e+05    4.99234e-01
    2.51068e-05         1.12118e+05    4.99234e-01
    2.51068e-05         1.03061e+05    4.99234e-01
    2.51068e-05         9.77010e+04    4.99234e-01
    2.51068e-05         9.17372e+04    4.99234e-01
    2.51068e-05         8.49728e+04    4.99234e-01
    2.51068e-05         7.70886e+04    4.99234e-01
    2.51068e-05         7.22989e+04    4.99234e-01
    2.51068e-05         6.68535e+04    4.99234e-01
    2.51068e-05         6.04850e+04    4.99234e-01
    2.51068e-05         5.65948e+04    4.99234e-01
    2.51068e-05         5.21515e+04    4.99234e-01
    2.51068e-05         4.95352e+04    4.99234e-01
    2.51068e-05         4.66351e+04    4.99234e-01
    2.51068e-05         4.33632e+04    4.99234e-01
    2.51068e-05         3.95789e+04    4.99234e-01
    2.51068e-05         3.73076e+04    4.99234e-01
    2.51068e-05         3.47513e+04    4.99234e-01
    2.51068e-05         3.18052e+04    4.99234e-01
    2.51068e-05         3.00465e+04    4.99234e-01
    2.51068e-05         2.80760e+04    4.99234e-01
    2.51068e-05         2.58192e+04    4.99234e-01
    2.51068e-05         2.44849e+04    4.99234e-01
    2.51068e-05         2.30012e+04    4.99234e-01
    2.51068e-05         2.13199e+04    4.99234e-01
    2.51068e-05         1.93630e+04    4.99234e-01
    2.51068e-05         1.81768e+04    4.99234e-01
    2.51068e-05         1.68307e+04    4.99234e-01
    2.51068e-05         1.52607e+04    4.99234e-01
    2.51068e-05         1.43059e+04    4.99234e-01
    2.51068e-05         1.32193e+04    4.99234e-01
    2.51068e-05         1.19468e+04    4.99234e-01
    2.51068e-05         1.11678e+04    4.99234e-01
    2.51068e-05         1.02763e+04    4.99234e-01
    2.51068e-05         9.74990e+03    4.99234e-01
    2.51068e-05         9.16508e+03    4.99234e-01
    2.51068e-05         8.50325e+03    4.99234e-01
    2.51068e-05         7.73438e+03    4.99234e-01
    2.51068e-05         7.26972e+03    4.99234e-01
    2.51068e-05         6.74376e+03    4.99234e-01
    2.51068e-05         6.13255e+03    4.99234e-01
    2.51068e-05         5.76300e+03    4.99234e-01
    2.51068e-05         5.34453e+03    4.99234e-01
    2.51068e-05         4.85797e+03    4.99234e-01
    2.51068e-05         4.56351e+03    4.99234e-01
    2.51068e-05         4.22983e+03    4.99234e-01
    2.51068e-05         3.84142e+03    4.99234e-01
    2.51068e-05         3.60596e+03    4.99234e-01
    2.51068e-05         3.33875e+03    4.99234e-01
    2.51068e-05         3.02706e+03    4.99234e-01
    2.51068e-05         2.83746e+03    4.99234e-01
    2.51068e-05         2.62168e+03    4.99234e-01
    2.51068e-05         2.36892e+03    4.99234e-01
    2.51068e-05         2.21413e+03    4.99234e-01
    2.51068e-05         2.03694e+03    4.99234e-01
    2.51068e-05         1.93227e+03    4.99234e-01
    2.51068e-05         1.81594e+03    4.99234e-01
    2.51068e-05         1.68423e+03    4.99234e-01
    2.51068e-05         1.53112e+03    4.99234e-01
    2.51068e-05         1.43849e+03    4.99234e-01
    2.51068e-05         1.33355e+03    4.99234e-01
    2.51068e-05         1.21143e+03    4.99234e-01
    2.51068e-05         1.13745e+03    4.99234e-01
    2.51068e-05         1.05352e+03    4.99234e-01
    2.51068e-05         9.55693e+02    4.99234e-01
    2.51068e-05         8.96252e+02    4.99234e-01
    2.51068e-05         8.28665e+02    4.99234e-01
    2.51068e-05         7.49605e+02    4.99234e-01
    2.51068e-05         7.01296e+02    4.99234e-01
    2.51068e-05         6.46103e+02    4.99234e-01
    2.51068e-05         6.13590e+02    4.99234e-01
    2.51068e-05         5.77540e+02    4.99234e-01
    2.51068e-05         5.36849e+02    4.99234e-01
    2.51068e-05         4.89756e+02    4.99234e-01
    2.51068e-05         4.61463e+02    4.99234e-01
    2.51068e-05         4.29595e+02    4.99234e-01
    2.51068e-05         3.92824e+02    4.99234e-01
    2.51068e-05         3.70835e+02    4.99234e-01
    2.51068e-05         3.46161e+02    4.99234e-01
    2.51068e-05         3.17844e+02    4.99234e-01
    2.51068e-05         3.01051e+02    4.99234e-01
    2.51068e-05         2.82331e+02    4.99234e-01
    2.51068e-05         2.61047e+02    4.99234e-01
    2.51068e-05         2.36151e+02    4.99234e-01
    2.51068e-05         2.20940e+02    4.99234e-01
    2.51068e-05         2.03563e+02    4.99234e-01
    2.51068e-05         1.93327e+02    4.99234e-01
    2.51068e-05         1.81979e+02    4.99234e-01
    2.51068e-05         1.69171e+02    4.99234e-01
    2.51068e-05         1.54351e+02    4.99234e-01
    2.51068e-05         1.45450e+02    4.99234e-01
    2.51068e-05         1.35425e+02    4.99234e-01
    2.51068e-05         1.23862e+02    4.99234e-01
    2.51068e-05         1.16951e+02    4.99234e-01
    2.51068e-05         1.09198e+02    4.99234e-01
    2.51068e-05         1.00306e+02    4.99234e-01
    2.51068e-05         9.50363e+01    4.99234e-01
    2.51068e-05         8.91662e+01    4.99234e-01
    2.51068e-05         8.24979e+01    4.99234e-01
    2.51068e-05         7.47079e+01    4.99234e-01
    2.51068e-05         6.99583e+01    4.99234e-01
    2.51068e-05         6.45419e+01    4.99234e-01
    2.51068e-05         5.81783e+01    4.99234e-01
    2.51068e-05         5.42623e+01    4.99234e-01
    2.51068e-05         4.97607e+01    4.99234e-01
    2.51068e-05         4.70843e+01    4.99234e-01
    2.51068e-05         4.40949e+01    4.99234e-01
    2.51068e-05         4.06865e+01    4.99234e-01
    2.51068e-05         3.66831e+01    4.99234e-01
    2.51068e-05         3.42207e+01    4.99234e-01
    2.51068e-05         3.13911e+01    4.99234e-01
    2.51068e-05         2.97097e+01    4.99234e-01
    2.51068e-05         2.78327e+01    4.99234e-01
    2.51068e-05         2.56940e+01    4.99234e-01
    2.51068e-05         2.31843e+01    4.99234e-01
    2.51068e-05         2.16432e+01    4.99234e-01
    2.51068e-05         1.98747e+01    4.99234e-01
    2.51068e-05         1.88261e+01    4.99234e-01
    2.51068e-05         1.76574e+01    4.99234e-01
    2.51068e-05         1.63290e+01    4.99234e-01
    2.51068e-05         1.47755e+01    4.99234e-01
    2.51068e-05         1.38269e+01    4.99234e-01
    2.51068e-05         1.27437e+01    4.99234e-01
    2.51068e-05         1.21060e+01    4.99234e-01
    2.51068e-05         1.13995e+01    4.99234e-01
    2.51068e-05         1.06026e+01    4.99234e-01
    2.51068e-05         9.68149e+00    4.99234e-01
    2.51068e-05         9.12911e+00    4.99234e-01
    2.51068e-05         8.50787e+00    4.99234e-01
    2.51068e-05         7.79258e+00    4.99234e-01
    2.51068e-05         7.36627e+00    4.99234e-01
    2.51068e-05         6.88919e+00    4.99234e-01
    2.51068e-05         6.34374e+00    4.99234e-01
    2.51068e-05         6.02210e+00    4.99234e-01
    2.51068e-05         5.66518e+00    4.99234e-01
    2.51068e-05         5.26188e+00    4.99234e-01
    2.51068e-05         4.79439e+00    4.99234e-01
    2.51068e-05         4.51283e+00    4.99234e-01
    2.51068e-05         4.19505e+00    4.99234e-01
    2.51068e-05         3.82729e+00    4.99234e-01
    2.51068e-05         3.60638e+00    4.99234e-01
    2.51068e-05         3.35758e+00    4.99234e-01
    2.51068e-05         3.07053e+00    4.99234e-01
    2.51068e-05         2.89892e+00    4.99234e-01
    2.51068e-05         2.70640e+00    4.99234e-01
    2.51068e-05         2.48550e+00    4.99234e-01
    2.51068e-05         2.35455e+00    4.99234e-01
    2.51068e-05         2.20862e+00    4.99234e-01
    2.51068e-05         2.04278e+00    4.99234e-01
    2.51068e-05         1.84892e+00    4.99234e-01
    2.51068e-05         1.73059e+00    4.99234e-01
    2.51068e-05         1.59554e+00    4.99234e-01
    2.51068e-05         1.43665e+00    4.99234e-01
    2.51068e-05         1.33866e+00    4.99234e-01
    2.51068e-05         1.22580e+00    4.99234e-01
    2.51068e-05         1.15850e+00    4.99234e-01
    2.51068e-05         1.08315e+00    4.99234e-01
    2.51068e-05         9.96958e-01    4.99234e-01
    2.51068e-05         9.46087e-01    4.99234e-01
    2.51068e-05         8.89599e-01    4.99234e-01
    2.51068e-05         8.25710e-01    4.99234e-01
    2.51068e-05         7.51550e-01    4.99234e-01
    2.51068e-05         7.06792e-01    4.99234e-01
    2.51068e-05         6.56185e-01    4.99234e-01
    2.51068e-05         5.97472e-01    4.99234e-01
    2.51068e-05         5.62062e-01    4.99234e-01
    2.51068e-05         5.22050e-01    4.99234e-01
    2.51068e-05         4.75669e-01    4.99234e-01
    2.51068e-05         4.47736e-01    4.99234e-01
    2.51068e-05         4.16209e-01    4.99234e-01
    2.51068e-05         3.79725e-01    4.99234e-01
    2.51068e-05         3.57809e-01    4.99234e-01
    2.51068e-05         3.33126e-01    4.99234e-01
    2.51068e-05         3.04649e-01    4.99234e-01
    2.51068e-05         2.87625e-01    4.99234e-01
    2.51068e-05         2.68526e-01    4.99234e-01
    2.51068e-05         2.46613e-01    4.99234e-01
    2.51068e-05         2.33623e-01    4.99234e-01
    2.51068e-05         2.19148e-01    4.99234e-01
    2.51068e-05         2.02698e-01    4.99234e-01
    2.51068e-05         1.83470e-01    4.99234e-01
    2.51068e-05         1.71735e-01    4.99234e-01
    2.51068e-05         1.58341e-01    4.99234e-01
    2.51068e-05         1.42586e-01    4.99234e-01
    2.51068e-05         1.32872e-01    4.99234e-01
    2.51068e-05         1.21685e-01    4.99234e-01
    2.51068e-05         1.15015e-01    4.99234e-01
    2.51068e-05         1.07550e-01    4.99234e-01
    2.51068e-05         9.90129e-02    4.99234e-01
    2.51068e-05         9.39763e-02    4.99234e-01
    2.51068e-05         8.83854e-02    4.99234e-01
    2.51068e-05         8.20648e-02    4.99234e-01
    2.51068e-05         7.47330e-02    4.99234e-01
    2.51068e-05         7.03126e-02    4.99234e-01
    2.51068e-05         6.53189e-02    4.99234e-01
    2.51068e-05         5.95324e-02    4.99234e-01
    2.51068e-05         5.60494e-02    4.99234e-01
    2.51068e-05         5.21201e-02    4.99234e-01
    2.51068e-05         4.75760e-02    4.99234e-01
    2.51068e-05         4.48492e-02    4.99234e-01
    2.51068e-05         4.17807e-02    4.99234e-01
    2.51068e-05         3.82450e-02    4.99234e-01
    2.51068e-05         3.61351e-02    4.99234e-01
    2.51068e-05         3.37717e-02    4.99234e-01
    2.51068e-05         3.10659e-02    4.99234e-01
    2.51068e-05         2.94671e-02    4.99234e-01
    2.51068e-05         2.76901e-02    4.99234e-01
    2.51068e-05         2.56776e-02    4.99234e-01
    2.51068e-05         2.33374e-02    4.99234e-01
    2.51068e-05         2.19208e-02    4.99234e-01
    2.51068e-05         2.03153e-02    4.99234e-01
    2.51068e-05         1.84459e-02    4.99234e-01
    2.51068e-05         1.73122e-02    4.99234e-01
    2.51068e-05         1.60251e-02    4.99234e-01
    2.51068e-05         1.45230e-02    4.99234e-01
    2.51068e-05         1.36085e-02    4.99234e-01
    2.51068e-05         1.25670e-02    4.99234e-01
    2.51068e-05         1.13457e-02    4.99234e-01
    2.51068e-05         1.05966e-02    4.99234e-01
    2.51068e-05         9.73771e-03    4.99234e-01
    2.51068e-05         9.22919e-03    4.99234e-01
    2.51068e-05         8.66309e-03    4.99234e-01
    2.51068e-05         8.02059e-03    4.99234e-01
    2.51068e-05         7.27103e-03    4.99234e-01
    2.51068e-05         6.81499e-03    4.99234e-01
    2.51068e-05         6.29588e-03    4.99234e-01
    2.51068e-05         5.68764e-03    4.99234e-01
    2.51068e-05         5.31499e-03    4.99234e-01
    2.51068e-05         4.88826e-03    4.99234e-01
    2.51068e-05         4.63602e-03    4.99234e-01
    2.51068e-05         4.35558e-03    4.99234e-01
    2.51068e-05         4.03786e-03    4.99234e-01
    2.51068e-05         3.66818e-03    4.99234e-01
    2.51068e-05         3.44421e-03    4.99234e-01
    2.51068e-05         3.19015e-03    4.99234e-01
    2.51068e-05         2.89403e-03    4.99234e-01
    2.51068e-05         2.71411e-03    4.99234e-01
    2.51068e-05         2.50956e-03    4.99234e-01
    2.51068e-05         2.27029e-03    4.99234e-01
    2.51068e-05         2.12412e-03    4.99234e-01
    2.51068e-05         1.95713e-03    4.99234e-01
    2.51068e-05         1.85878e-03    4.99234e-01
    2.51068e-05         1.74975e-03    4.99234e-01
    2.51068e-05         1.62671e-03    4.99234e-01
    2.51068e-05         1.48434e-03    4.99234e-01
    2.51068e-05         1.39885e-03    4.99234e-01
    2.51068e-05         1.30260e-03    4.99234e-01
    2.51068e-05         1.19159e-03    4.99234e-01
    2.51068e-05         1.12526e-03    4.99234e-01
    2.51068e-05         1.05088e-03    4.99234e-01
    2.51068e-05         9.65603e-04    4.99234e-01
    2.51068e-05         9.15099e-04    4.99234e-01
    2.51068e-05         8.58867e-04    4.99234e-01
    2.51068e-05         7.95030e-04    4.99234e-01
    2.51068e-05         7.20531e-04    4.99234e-01
    2.51068e-05         6.75180e-04    4.99234e-01
    2.51068e-05         6.23533e-04    4.99234e-01
    2.51068e-05         5.62974e-04    4.99234e-01
    2.51068e-05         5.25831e-04    4.99234e-01
    2.51068e-05         4.83255e-04    4.99234e-01
    2.51068e-05         4.58050e-04    4.99234e-01
    2.51068e-05         4.29996e-04    4.99234e-01
    2.51068e-05         3.98161e-04    4.99234e-01
    2.51068e-05         3.61032e-04    4.99234e-01
    2.51068e-05         3.38453e-04    4.99234e-01
    2.51068e-05         3.12760e-04    4.99234e-01
    2.51068e-05         2.82673e-04    4.99234e-01
    2.51068e-05         2.64257e-04    4.99234e-01
    2.51068e-05         2.43184e-04    4.99234e-01
    2.51068e-05         2.30743e-04    4.99234e-01
    2.51068e-05         2.16924e-04    4.99234e-01
    2.51068e-05         2.01288e-04    4.99234e-01
    2.51068e-05         1.83128e-04    4.99234e-01
    2.51068e-05         1.72158e-04    4.99234e-01
    2.51068e-05         1.59746e-04    4.99234e-01
    2.51068e-05         1.45330e-04    4.99234e-01
    2.51068e-05         1.36621e-04    4.99234e-01
    2.51068e-05         1.26766e-04    4.99234e-01
    2.51068e-05         1.15320e-04    4.99234e-01
    2.51068e-05         1.08404e-04    4.99234e-01
    2.51068e-05         1.00577e-04    4.99234e-01
    2.51068e-05         9.14857e-05    4.99234e-01
    2.51068e-05         8.59914e-05    4.99234e-01
    2.51068e-05         7.97725e-05    4.99234e-01
    2.51068e-05         7.25462e-05    4.99234e-01
    2.51068e-05         6.81774e-05    4.99234e-01
    2.51068e-05         6.32308e-05    4.99234e-01
    2.51068e-05         5.74800e-05    4.99234e-01
    2.51068e-05         5.40004e-05    4.99234e-01
    2.51068e-05         5.00579e-05    4.99234e-01
    2.51068e-05         4.54700e-05    4.99234e-01
    2.51068e-05         4.26898e-05    4.99234e-01
    2.51068e-05         3.95357e-05    4.99234e-01
    2.51068e-05         3.58582e-05    4.99234e-01
    2.51068e-05         3.36229e-05    4.99234e-01
    2.51068e-05         3.10806e-05    4.99234e-01
    2.51068e-05         2.81054e-05    4.99234e-01
    2.51068e-05         2.62861e-05    4.99234e-01
    2.51068e-05         2.42063e-05    4.99234e-01


