              t                   M              a
    1.23833e-21         1.00000e+17    8.00000e-01
    2.47665e-21         1.00000e+17    8.00000e-01
    4.95331e-21         1.00000e+17    8.00000e-01
    9.90662e-21         1.00000e+17    8.00000e-01
    1.98132e-20         1.00000e+17    8.00000e-01
    3.96265e-20         1.00000e+17    8.00000e-01
    7.92530e-20         1.00000e+17    8.00000e-01
    1.58506e-19         1.00000e+17    8.00000e-01
    3.17012e-19         1.00000e+17    8.00000e-01
    6.34024e-19         1.00000e+17    8.00000e-01
    1.26805e-18         1.00000e+17    8.00000e-01
    2.53609e-18         1.00000e+17    8.00000e-01
    5.07219e-18         1.00000e+17    8.00000e-01
    1.01444e-17         1.00000e+17    8.00000e-01
    2.02888e-17         1.00000e+17    8.00000e-01
    4.05775e-17         1.00000e+17    8.00000e-01
    8.11550e-17         1.00000e+17    8.00000e-01
    1.62310e-16         1.00000e+17    8.00000e-01
    3.24620e-16         1.00000e+17    8.00000e-01
    6.49240e-16         1.00000e+17    8.00000e-01
    1.29848e-15         1.00000e+17    8.00000e-01
    2.59696e-15         1.00000e+17    8.00000e-01
    5.19392e-15         1.00000e+17    8.00000e-01
    1.03878e-14         1.00000e+17    8.00000e-01
    2.07757e-14         1.00000e+17    8.00000e-01
    4.15514e-14         1.00000e+17    8.00000e-01
    8.31027e-14         1.00000e+17    8.00000e-01
    1.66205e-13         1.00000e+17    8.00000e-01
    3.32411e-13         1.00000e+17    8.00000e-01
    6.64822e-13         1.00000e+17    8.00000e-01
    1.32964e-12         1.00000e+17    8.00000e-01
    2.65929e-12         1.00000e+17    8.00000e-01
    5.31858e-12         1.00000e+17    8.00000e-01
    1.06372e-11         1.00000e+17    8.00000e-01
    2.12743e-11         1.00000e+17    8.00000e-01
    4.25486e-11         1.00000e+17    8.00000e-01
    8.50972e-11         1.00000e+17    8.00000e-01
    1.70194e-10         1.00000e+17    8.00000e-01
    3.40389e-10         1.00000e+17    8.00000e-01
    6.80778e-10         1.00000e+17    8.00000e-01
    1.36156e-09         1.00000e+17    8.00000e-01
    2.72311e-09         1.00000e+17    8.00000e-01
    5.44622e-09         1.00000e+17    8.00000e-01
    1.08924e-08         1.00000e+17    8.00000e-01
    2.17849e-08         1.00000e+17    8.00000e-01
    4.35698e-08         1.00000e+17    8.00000e-01
    8.71395e-08         1.00000e+17    8.00000e-01
    1.74279e-07         1.00000e+17    8.00000e-01
    3.48558e-07         1.00000e+17    8.00000e-01
    6.97116e-07         1.00000e+17    8.00000e-01
    1.39423e-06         1.00000e+17    8.00000e-01
    2.78847e-06         1.00000e+17    7.99999e-01
    5.57693e-06         9.99999e+16    7.99999e-01
    1.11539e-05         9.99998e+16    7.99998e-01
    2.23077e-05         9.99996e+16    7.99995e-01
    4.46154e-05         9.99992e+16    7.99990e-01
    8.92309e-05         9.99985e+16    7.99981e-01
    1.78462e-04         9.99969e+16    7.99961e-01
    3.56924e-04         9.99938e+16    7.99923e-01
    7.13847e-04         9.99876e+16    7.99846e-01
    1.42769e-03         9.99753e+16    7.99692e-01
    2.85539e-03         9.99505e+16    7.99383e-01
    5.71078e-03         9.99011e+16    7.98768e-01
    1.14216e-02         9.98025e+16    7.97541e-01
    2.28431e-02         9.96059e+16    7.95100e-01
    4.56862e-02         9.92154e+16    7.90275e-01
    9.13724e-02         9.84460e+16    7.80821e-01
    1.37059e-01         9.76846e+16    7.71718e-01
    1.82745e-01         9.69309e+16    7.62956e-01
    2.28431e-01         9.61848e+16    7.54525e-01
    2.74117e-01         9.54458e+16    7.46414e-01
    3.19804e-01         9.47050e+16    7.38558e-01
    3.65490e-01         9.39636e+16    7.30930e-01
    4.11176e-01         9.32214e+16    7.23525e-01
    5.02548e-01         9.17346e+16    7.09150e-01
    5.93921e-01         9.02348e+16    6.95512e-01
    6.85293e-01         8.87076e+16    6.82611e-01
    7.76666e-01         8.71494e+16    6.70416e-01
    8.68038e-01         8.55466e+16    6.58768e-01
    9.59411e-01         8.38931e+16    6.47654e-01
    1.05078e+00         8.21830e+16    6.37053e-01
    1.14216e+00         8.04099e+16    6.26790e-01
    1.23353e+00         7.85663e+16    6.16817e-01
    1.32490e+00         7.66412e+16    6.07163e-01
    1.41627e+00         7.46220e+16    5.97821e-01
    1.50765e+00         7.24847e+16    5.88833e-01
    1.59902e+00         7.02126e+16    5.80174e-01
    1.69039e+00         6.77828e+16    5.71852e-01
    1.78176e+00         6.51737e+16    5.63737e-01
    1.87313e+00         6.23453e+16    5.55732e-01
    1.96451e+00         5.92463e+16    5.47848e-01
    2.05588e+00         5.58069e+16    5.40052e-01
    2.14725e+00         5.19216e+16    5.32334e-01
    2.23862e+00         4.74206e+16    5.24597e-01
    2.28431e+00         4.47088e+16    5.20765e-01
    2.33000e+00         4.16498e+16    5.16927e-01
    2.37568e+00         3.81162e+16    5.13056e-01
    2.39853e+00         3.60020e+16    5.11087e-01
    2.42137e+00         3.36287e+16    5.09100e-01
    2.44421e+00         3.09048e+16    5.07095e-01
    2.45563e+00         2.92903e+16    5.06066e-01
    2.46706e+00         2.74916e+16    5.05024e-01
    2.47848e+00         2.54484e+16    5.03964e-01
    2.48990e+00         2.30622e+16    5.02887e-01
    2.49561e+00         2.16084e+16    5.02333e-01
    2.50132e+00         1.99519e+16    5.01764e-01
    2.50703e+00         1.80082e+16    5.01184e-01
    2.50989e+00         1.68148e+16    5.00885e-01
    2.51274e+00         1.54458e+16    5.00576e-01
    2.51417e+00         1.46344e+16    5.00418e-01
    2.51560e+00         1.37305e+16    5.00256e-01
    2.51703e+00         1.27035e+16    5.00090e-01
    2.51845e+00         1.15037e+16    4.99919e-01
    2.51917e+00         1.07720e+16    4.99828e-01
    2.51988e+00         9.93749e+15    4.99733e-01
    2.52059e+00         8.95692e+15    4.99633e-01
    2.52095e+00         8.35337e+15    4.99578e-01
    2.52131e+00         7.65943e+15    4.99522e-01
    2.52149e+00         7.24674e+15    4.99491e-01
    2.52167e+00         6.78569e+15    4.99459e-01
    2.52184e+00         6.25986e+15    4.99426e-01
    2.52202e+00         5.64196e+15    4.99389e-01
    2.52211e+00         5.26163e+15    4.99370e-01
    2.52220e+00         4.82433e+15    4.99348e-01
    2.52225e+00         4.56424e+15    4.99337e-01
    2.52229e+00         4.27367e+15    4.99325e-01
    2.52233e+00         3.94223e+15    4.99312e-01
    2.52238e+00         3.55272e+15    4.99298e-01
    2.52240e+00         3.31292e+15    4.99290e-01
    2.52242e+00         3.03715e+15    4.99282e-01
    2.52243e+00         2.87308e+15    4.99277e-01
    2.52245e+00         2.68975e+15    4.99273e-01
    2.52246e+00         2.48056e+15    4.99267e-01
    2.52247e+00         2.23461e+15    4.99262e-01
    2.52247e+00         2.08308e+15    4.99258e-01
    2.52248e+00         1.90870e+15    4.99255e-01
    2.52248e+00         1.80484e+15    4.99253e-01
    2.52248e+00         1.68870e+15    4.99251e-01
    2.52249e+00         1.55602e+15    4.99249e-01
    2.52249e+00         1.47789e+15    4.99248e-01
    2.52249e+00         1.39128e+15    4.99246e-01
    2.52249e+00         1.29355e+15    4.99245e-01
    2.52249e+00         1.18049e+15    4.99243e-01
    2.52249e+00         1.11262e+15    4.99242e-01
    2.52249e+00         1.03621e+15    4.99241e-01
    2.52250e+00         9.48120e+14    4.99240e-01
    2.52250e+00         8.95510e+14    4.99240e-01
    2.52250e+00         8.36536e+14    4.99239e-01
    2.52250e+00         7.68954e+14    4.99239e-01
    2.52250e+00         7.28963e+14    4.99238e-01
    2.52250e+00         6.84463e+14    4.99238e-01
    2.52250e+00         6.33989e+14    4.99237e-01
    2.52250e+00         5.75158e+14    4.99237e-01
    2.52250e+00         5.39417e+14    4.99237e-01
    2.52250e+00         4.98783e+14    4.99236e-01
    2.52250e+00         4.51258e+14    4.99236e-01
    2.52250e+00         4.22227e+14    4.99236e-01
    2.52250e+00         3.89067e+14    4.99236e-01
    2.52250e+00         3.69540e+14    4.99236e-01
    2.52250e+00         3.47896e+14    4.99235e-01
    2.52250e+00         3.23473e+14    4.99235e-01
    2.52250e+00         2.95225e+14    4.99235e-01
    2.52250e+00         2.78268e+14    4.99235e-01
    2.52250e+00         2.59181e+14    4.99235e-01
    2.52250e+00         2.37180e+14    4.99235e-01
    2.52250e+00         2.24044e+14    4.99235e-01
    2.52250e+00         2.09323e+14    4.99235e-01
    2.52250e+00         1.92458e+14    4.99235e-01
    2.52250e+00         1.82483e+14    4.99235e-01
    2.52250e+00         1.71387e+14    4.99235e-01
    2.52250e+00         1.58809e+14    4.99235e-01
    2.52250e+00         1.44159e+14    4.99235e-01
    2.52250e+00         1.35269e+14    4.99235e-01
    2.52250e+00         1.25173e+14    4.99235e-01
    2.52250e+00         1.13382e+14    4.99235e-01
    2.52250e+00         1.06197e+14    4.99234e-01
    2.52250e+00         9.80069e+13    4.99234e-01
    2.52250e+00         8.83904e+13    4.99234e-01
    2.52250e+00         8.24790e+13    4.99234e-01
    2.52250e+00         7.56899e+13    4.99234e-01
    2.52250e+00         7.16591e+13    4.99234e-01
    2.52250e+00         6.71621e+13    4.99234e-01
    2.52250e+00         6.20427e+13    4.99234e-01
    2.52250e+00         5.60435e+13    4.99234e-01
    2.52250e+00         5.23674e+13    4.99234e-01
    2.52250e+00         4.81571e+13    4.99234e-01
    2.52250e+00         4.56677e+13    4.99234e-01
    2.52250e+00         4.28996e+13    4.99234e-01
    2.52250e+00         3.97627e+13    4.99234e-01
    2.52250e+00         3.61113e+13    4.99234e-01
    2.52250e+00         3.38977e+13    4.99234e-01
    2.52250e+00         3.13856e+13    4.99234e-01
    2.52250e+00         2.84553e+13    4.99234e-01
    2.52250e+00         2.66728e+13    4.99234e-01
    2.52250e+00         2.46441e+13    4.99234e-01
    2.52250e+00         2.22677e+13    4.99234e-01
    2.52250e+00         2.08123e+13    4.99234e-01
    2.52250e+00         1.91463e+13    4.99234e-01
    2.52250e+00         1.81620e+13    4.99234e-01
    2.52250e+00         1.70682e+13    4.99234e-01
    2.52250e+00         1.58296e+13    4.99234e-01
    2.52250e+00         1.43897e+13    4.99234e-01
    2.52250e+00         1.35184e+13    4.99234e-01
    2.52250e+00         1.25312e+13    4.99234e-01
    2.52250e+00         1.13823e+13    4.99234e-01
    2.52250e+00         1.06860e+13    4.99234e-01
    2.52250e+00         9.89607e+12    4.99234e-01
    2.52250e+00         8.97498e+12    4.99234e-01
    2.52250e+00         8.41505e+12    4.99234e-01
    2.52250e+00         7.77812e+12    4.99234e-01
    2.52250e+00         7.03262e+12    4.99234e-01
    2.52250e+00         6.57665e+12    4.99234e-01
    2.52250e+00         6.05527e+12    4.99234e-01
    2.52250e+00         5.74775e+12    4.99234e-01
    2.52250e+00         5.40644e+12    4.99234e-01
    2.52250e+00         5.02068e+12    4.99234e-01
    2.52250e+00         4.57337e+12    4.99234e-01
    2.52250e+00         4.30382e+12    4.99234e-01
    2.52250e+00         3.99945e+12    4.99234e-01
    2.52250e+00         3.64699e+12    4.99234e-01
    2.52250e+00         3.43505e+12    4.99234e-01
    2.52250e+00         3.19615e+12    4.99234e-01
    2.52250e+00         2.92020e+12    4.99234e-01
    2.52250e+00         2.75492e+12    4.99234e-01
    2.52250e+00         2.56921e+12    4.99234e-01
    2.52250e+00         2.35569e+12    4.99234e-01
    2.52250e+00         2.22869e+12    4.99234e-01
    2.52250e+00         2.08681e+12    4.99234e-01
    2.52250e+00         1.92499e+12    4.99234e-01
    2.52250e+00         1.73481e+12    4.99234e-01
    2.52250e+00         1.61772e+12    4.99234e-01
    2.52250e+00         1.48308e+12    4.99234e-01
    2.52250e+00         1.40298e+12    4.99234e-01
    2.52250e+00         1.31348e+12    4.99234e-01
    2.52250e+00         1.21136e+12    4.99234e-01
    2.52250e+00         1.09129e+12    4.99234e-01
    2.52250e+00         1.01732e+12    4.99234e-01
    2.52250e+00         9.32206e+11    4.99234e-01
    2.52250e+00         8.81521e+11    4.99234e-01
    2.52250e+00         8.24841e+11    4.99234e-01
    2.52250e+00         7.60103e+11    4.99234e-01
    2.52250e+00         7.21985e+11    4.99234e-01
    2.52250e+00         6.79736e+11    4.99234e-01
    2.52250e+00         6.32073e+11    4.99234e-01
    2.52250e+00         5.76949e+11    4.99234e-01
    2.52250e+00         5.43869e+11    4.99234e-01
    2.52250e+00         5.06643e+11    4.99234e-01
    2.52250e+00         4.63745e+11    4.99234e-01
    2.52250e+00         4.38145e+11    4.99234e-01
    2.52250e+00         4.09465e+11    4.99234e-01
    2.52250e+00         3.76627e+11    4.99234e-01
    2.52250e+00         3.57220e+11    4.99234e-01
    2.52250e+00         3.35647e+11    4.99234e-01
    2.52250e+00         3.11212e+11    4.99234e-01
    2.52250e+00         2.82789e+11    4.99234e-01
    2.52250e+00         2.65578e+11    4.99234e-01
    2.52250e+00         2.46063e+11    4.99234e-01
    2.52250e+00         2.23330e+11    4.99234e-01
    2.52250e+00         2.09532e+11    4.99234e-01
    2.52250e+00         1.93856e+11    4.99234e-01
    2.52250e+00         1.75543e+11    4.99234e-01
    2.52250e+00         1.64377e+11    4.99234e-01
    2.52250e+00         1.51641e+11    4.99234e-01
    2.52250e+00         1.36677e+11    4.99234e-01
    2.52250e+00         1.27467e+11    4.99234e-01
    2.52250e+00         1.16877e+11    4.99234e-01
    2.52250e+00         1.10580e+11    4.99234e-01
    2.52250e+00         1.03545e+11    4.99234e-01
    2.52250e+00         9.55211e+10    4.99234e-01
    2.52250e+00         8.60929e+10    4.99234e-01
    2.52250e+00         8.02897e+10    4.99234e-01
    2.52250e+00         7.36173e+10    4.99234e-01
    2.52250e+00         6.96490e+10    4.99234e-01
    2.52250e+00         6.52155e+10    4.99234e-01
    2.52250e+00         6.01588e+10    4.99234e-01
    2.52250e+00         5.42163e+10    4.99234e-01
    2.52250e+00         5.05580e+10    4.99234e-01
    2.52250e+00         4.63511e+10    4.99234e-01
    2.52250e+00         4.38486e+10    4.99234e-01
    2.52250e+00         4.10522e+10    4.99234e-01
    2.52250e+00         3.78618e+10    4.99234e-01
    2.52250e+00         3.41112e+10    4.99234e-01
    2.52250e+00         3.18008e+10    4.99234e-01
    2.52250e+00         2.91425e+10    4.99234e-01
    2.52250e+00         2.75598e+10    4.99234e-01
    2.52250e+00         2.57901e+10    4.99234e-01
    2.52250e+00         2.37692e+10    4.99234e-01
    2.52250e+00         2.25796e+10    4.99234e-01
    2.52250e+00         2.12614e+10    4.99234e-01
    2.52250e+00         1.97747e+10    4.99234e-01
    2.52250e+00         1.80559e+10    4.99234e-01
    2.52250e+00         1.70252e+10    4.99234e-01
    2.52250e+00         1.58659e+10    4.99234e-01
    2.52250e+00         1.45309e+10    4.99234e-01
    2.52250e+00         1.37352e+10    4.99234e-01
    2.52250e+00         1.28446e+10    4.99234e-01
    2.52250e+00         1.18262e+10    4.99234e-01
    2.52250e+00         1.12255e+10    4.99234e-01
    2.52250e+00         1.05588e+10    4.99234e-01
    2.52250e+00         9.80532e+09    4.99234e-01
    2.52250e+00         8.93153e+09    4.99234e-01
    2.52250e+00         8.40497e+09    4.99234e-01
    2.52250e+00         7.81036e+09    4.99234e-01
    2.52250e+00         7.12178e+09    4.99234e-01
    2.52250e+00         6.70769e+09    4.99234e-01
    2.52250e+00         6.24090e+09    4.99234e-01
    2.52250e+00         5.70167e+09    4.99234e-01
    2.52250e+00         5.37864e+09    4.99234e-01
    2.52250e+00         5.01565e+09    4.99234e-01
    2.52250e+00         4.59822e+09    4.99234e-01
    2.52250e+00         4.34989e+09    4.99234e-01
    2.52250e+00         4.07240e+09    4.99234e-01
    2.52250e+00         3.75580e+09    4.99234e-01
    2.52250e+00         3.38358e+09    4.99234e-01
    2.52250e+00         3.15426e+09    4.99234e-01
    2.52250e+00         2.89040e+09    4.99234e-01
    2.52250e+00         2.73328e+09    4.99234e-01
    2.52250e+00         2.55757e+09    4.99234e-01
    2.52250e+00         2.35690e+09    4.99234e-01
    2.52250e+00         2.23875e+09    4.99234e-01
    2.52250e+00         2.10780e+09    4.99234e-01
    2.52250e+00         1.96007e+09    4.99234e-01
    2.52250e+00         1.78923e+09    4.99234e-01
    2.52250e+00         1.68673e+09    4.99234e-01
    2.52250e+00         1.57138e+09    4.99234e-01
    2.52250e+00         1.43848e+09    4.99234e-01
    2.52250e+00         1.35919e+09    4.99234e-01
    2.52250e+00         1.27037e+09    4.99234e-01
    2.52250e+00         1.16869e+09    4.99234e-01
    2.52250e+00         1.10863e+09    4.99234e-01
    2.52250e+00         1.04188e+09    4.99234e-01
    2.52250e+00         9.66300e+08    4.99234e-01
    2.52250e+00         8.78437e+08    4.99234e-01
    2.52250e+00         8.25278e+08    4.99234e-01
    2.52250e+00         7.65050e+08    4.99234e-01
    2.52250e+00         6.94966e+08    4.99234e-01
    2.52250e+00         6.52500e+08    4.99234e-01
    2.52250e+00         6.04326e+08    4.99234e-01
    2.52250e+00         5.48166e+08    4.99234e-01
    2.52250e+00         5.14038e+08    4.99234e-01
    2.52250e+00         4.75228e+08    4.99234e-01
    2.52250e+00         4.29819e+08    4.99234e-01
    2.52250e+00         4.02064e+08    4.99234e-01
    2.52250e+00         3.70345e+08    4.99234e-01
    2.52250e+00         3.51653e+08    4.99234e-01
    2.52250e+00         3.30920e+08    4.99234e-01
    2.52250e+00         3.07509e+08    4.99234e-01
    2.52250e+00         2.80397e+08    4.99234e-01
    2.52250e+00         2.64092e+08    4.99234e-01
    2.52250e+00         2.45713e+08    4.99234e-01
    2.52250e+00         2.24480e+08    4.99234e-01
    2.52250e+00         2.11761e+08    4.99234e-01
    2.52250e+00         1.97468e+08    4.99234e-01
    2.52250e+00         1.81031e+08    4.99234e-01
    2.52250e+00         1.71252e+08    4.99234e-01
    2.52250e+00         1.60325e+08    4.99234e-01
    2.52250e+00         1.47857e+08    4.99234e-01
    2.52250e+00         1.33198e+08    4.99234e-01
    2.52250e+00         1.24166e+08    4.99234e-01
    2.52250e+00         1.13773e+08    4.99234e-01
    2.52250e+00         1.07583e+08    4.99234e-01
    2.52250e+00         1.00661e+08    4.99234e-01
    2.52250e+00         9.27543e+07    4.99234e-01
    2.52250e+00         8.80981e+07    4.99234e-01
    2.52250e+00         8.29367e+07    4.99234e-01
    2.52250e+00         7.71130e+07    4.99234e-01
    2.52250e+00         7.03763e+07    4.99234e-01
    2.52250e+00         6.63322e+07    4.99234e-01
    2.52250e+00         6.17801e+07    4.99234e-01
    2.52250e+00         5.65323e+07    4.99234e-01
    2.52250e+00         5.33987e+07    4.99234e-01
    2.52250e+00         4.98865e+07    4.99234e-01
    2.52250e+00         4.58624e+07    4.99234e-01
    2.52250e+00         4.34817e+07    4.99234e-01
    2.52250e+00         4.08332e+07    4.99234e-01
    2.52250e+00         3.78300e+07    4.99234e-01
    2.52250e+00         3.43311e+07    4.99234e-01
    2.52250e+00         3.22068e+07    4.99234e-01
    2.52250e+00         2.97931e+07    4.99234e-01
    2.52250e+00         2.69725e+07    4.99234e-01
    2.52250e+00         2.52518e+07    4.99234e-01
    2.52250e+00         2.32886e+07    4.99234e-01
    2.52250e+00         2.09804e+07    4.99234e-01
    2.52250e+00         1.95585e+07    4.99234e-01
    2.52250e+00         1.79222e+07    4.99234e-01
    2.52250e+00         1.69479e+07    4.99234e-01
    2.52250e+00         1.58583e+07    4.99234e-01
    2.52250e+00         1.46139e+07    4.99234e-01
    2.52250e+00         1.38812e+07    4.99234e-01
    2.52250e+00         1.30691e+07    4.99234e-01
    2.52250e+00         1.21529e+07    4.99234e-01
    2.52250e+00         1.10934e+07    4.99234e-01
    2.52250e+00         1.04577e+07    4.99234e-01
    2.52250e+00         9.74224e+06    4.99234e-01
    2.52250e+00         8.91789e+06    4.99234e-01
    2.52250e+00         8.42599e+06    4.99234e-01
    2.52250e+00         7.87498e+06    4.99234e-01
    2.52250e+00         7.24417e+06    4.99234e-01
    2.52250e+00         6.87144e+06    4.99234e-01
    2.52250e+00         6.45718e+06    4.99234e-01
    2.52250e+00         5.98806e+06    4.99234e-01
    2.52250e+00         5.44256e+06    4.99234e-01
    2.52250e+00         5.11239e+06    4.99234e-01
    2.52250e+00         4.73820e+06    4.99234e-01
    2.52250e+00         4.30258e+06    4.99234e-01
    2.52250e+00         4.03842e+06    4.99234e-01
    2.52250e+00         3.73859e+06    4.99234e-01
    2.52250e+00         3.38873e+06    4.99234e-01
    2.52250e+00         3.17581e+06    4.99234e-01
    2.52250e+00         2.93339e+06    4.99234e-01
    2.52250e+00         2.64925e+06    4.99234e-01
    2.52250e+00         2.47506e+06    4.99234e-01
    2.52250e+00         2.27550e+06    4.99234e-01
    2.52250e+00         2.15745e+06    4.99234e-01
    2.52250e+00         2.02613e+06    4.99234e-01
    2.52250e+00         1.87723e+06    4.99234e-01
    2.52250e+00         1.70378e+06    4.99234e-01
    2.52250e+00         1.59850e+06    4.99234e-01
    2.52250e+00         1.47889e+06    4.99234e-01
    2.52250e+00         1.33915e+06    4.99234e-01
    2.52250e+00         1.25394e+06    4.99234e-01
    2.52250e+00         1.15675e+06    4.99234e-01
    2.52250e+00         1.04254e+06    4.99234e-01
    2.52250e+00         9.72247e+05    4.99234e-01
    2.52250e+00         8.91417e+05    4.99234e-01
    2.52250e+00         8.43339e+05    4.99234e-01
    2.52250e+00         7.89624e+05    4.99234e-01
    2.52250e+00         7.28353e+05    4.99234e-01
    2.52250e+00         6.56339e+05    4.99234e-01
    2.52250e+00         6.11997e+05    4.99234e-01
    2.52250e+00         5.60997e+05    4.99234e-01
    2.52250e+00         5.30650e+05    4.99234e-01
    2.52250e+00         4.96733e+05    4.99234e-01
    2.52250e+00         4.58025e+05    4.99234e-01
    2.52250e+00         4.12499e+05    4.99234e-01
    2.52250e+00         3.84434e+05    4.99234e-01
    2.52250e+00         3.52122e+05    4.99234e-01
    2.52250e+00         3.32865e+05    4.99234e-01
    2.52250e+00         3.11315e+05    4.99234e-01
    2.52250e+00         2.86679e+05    4.99234e-01
    2.52250e+00         2.72152e+05    4.99234e-01
    2.52250e+00         2.56034e+05    4.99234e-01
    2.52250e+00         2.37822e+05    4.99234e-01
    2.52250e+00         2.16714e+05    4.99234e-01
    2.52250e+00         2.04004e+05    4.99234e-01
    2.52250e+00         1.89661e+05    4.99234e-01
    2.52250e+00         1.73066e+05    4.99234e-01
    2.52250e+00         1.63102e+05    4.99234e-01
    2.52250e+00         1.51882e+05    4.99234e-01
    2.52250e+00         1.38944e+05    4.99234e-01
    2.52250e+00         1.31214e+05    4.99234e-01
    2.52250e+00         1.22546e+05    4.99234e-01
    2.52250e+00         1.12609e+05    4.99234e-01
    2.52250e+00         1.06725e+05    4.99234e-01
    2.52250e+00         1.00174e+05    4.99234e-01
    2.52250e+00         9.27382e+04    4.99234e-01
    2.52250e+00         8.40624e+04    4.99234e-01
    2.52250e+00         7.87828e+04    4.99234e-01
    2.52250e+00         7.27720e+04    4.99234e-01
    2.52250e+00         6.57271e+04    4.99234e-01
    2.52250e+00         6.14092e+04    4.99234e-01
    2.52250e+00         5.64626e+04    4.99234e-01
    2.52250e+00         5.35370e+04    4.99234e-01
    2.52250e+00         5.02829e+04    4.99234e-01
    2.52250e+00         4.65940e+04    4.99234e-01
    2.52250e+00         4.22978e+04    4.99234e-01
    2.52250e+00         3.96912e+04    4.99234e-01
    2.52250e+00         3.67310e+04    4.99234e-01
    2.52250e+00         3.32744e+04    4.99234e-01
    2.52250e+00         3.11684e+04    4.99234e-01
    2.52250e+00         2.87682e+04    4.99234e-01
    2.52250e+00         2.59508e+04    4.99234e-01
    2.52250e+00         2.42196e+04    4.99234e-01
    2.52250e+00         2.22320e+04    4.99234e-01
    2.52250e+00         2.10526e+04    4.99234e-01
    2.52250e+00         1.97374e+04    4.99234e-01
    2.52250e+00         1.82410e+04    4.99234e-01
    2.52250e+00         1.64890e+04    4.99234e-01
    2.52250e+00         1.54170e+04    4.99234e-01
    2.52250e+00         1.41908e+04    4.99234e-01
    2.52250e+00         1.34671e+04    4.99234e-01
    2.52250e+00         1.26635e+04    4.99234e-01
    2.52250e+00         1.17548e+04    4.99234e-01
    2.52250e+00         1.07000e+04    4.99234e-01
    2.52250e+00         1.00636e+04    4.99234e-01
    2.52250e+00         9.34412e+03    4.99234e-01
    2.52250e+00         8.50957e+03    4.99234e-01
    2.52250e+00         8.00643e+03    4.99234e-01
    2.52250e+00         7.43807e+03    4.99234e-01
    2.52250e+00         6.77954e+03    4.99234e-01
    2.52250e+00         6.38320e+03    4.99234e-01
    2.52250e+00         5.93611e+03    4.99234e-01
    2.52250e+00         5.41914e+03    4.99234e-01
    2.52250e+00         5.10898e+03    4.99234e-01
    2.52250e+00         4.76003e+03    4.99234e-01
    2.52250e+00         4.35803e+03    4.99234e-01
    2.52250e+00         4.11824e+03    4.99234e-01
    2.52250e+00         3.84972e+03    4.99234e-01
    2.52250e+00         3.54243e+03    4.99234e-01
    2.52250e+00         3.36097e+03    4.99234e-01
    2.52250e+00         3.15939e+03    4.99234e-01
    2.52250e+00         2.93126e+03    4.99234e-01
    2.52250e+00         2.66624e+03    4.99234e-01
    2.52250e+00         2.50609e+03    4.99234e-01
    2.52250e+00         2.32480e+03    4.99234e-01
    2.52250e+00         2.11414e+03    4.99234e-01
    2.52250e+00         1.98678e+03    4.99234e-01
    2.52250e+00         1.84256e+03    4.99234e-01
    2.52250e+00         1.67488e+03    4.99234e-01
    2.52250e+00         1.57342e+03    4.99234e-01
    2.52250e+00         1.45844e+03    4.99234e-01
    2.52250e+00         1.32462e+03    4.99234e-01
    2.52250e+00         1.24351e+03    4.99234e-01
    2.52250e+00         1.15148e+03    4.99234e-01
    2.52250e+00         1.04414e+03    4.99234e-01
    2.52250e+00         9.78870e+02    4.99234e-01
    2.52250e+00         9.04606e+02    4.99234e-01
    2.52250e+00         8.17648e+02    4.99234e-01
    2.52250e+00         7.64429e+02    4.99234e-01
    2.52250e+00         7.03541e+02    4.99234e-01
    2.52250e+00         6.67600e+02    4.99234e-01
    2.52250e+00         6.27685e+02    4.99234e-01
    2.52250e+00         5.82532e+02    4.99234e-01
    2.52250e+00         5.30108e+02    4.99234e-01
    2.52250e+00         4.98456e+02    4.99234e-01
    2.52250e+00         4.62656e+02    4.99234e-01
    2.52250e+00         4.21100e+02    4.99234e-01
    2.52250e+00         3.96020e+02    4.99234e-01
    2.52250e+00         3.67662e+02    4.99234e-01
    2.52250e+00         3.34760e+02    4.99234e-01
    2.52250e+00         3.14917e+02    4.99234e-01
    2.52250e+00         2.92495e+02    4.99234e-01
    2.52250e+00         2.66502e+02    4.99234e-01
    2.52250e+00         2.50848e+02    4.99234e-01
    2.52250e+00         2.33178e+02    4.99234e-01
    2.52250e+00         2.12729e+02    4.99234e-01
    2.52250e+00         2.00444e+02    4.99234e-01
    2.52250e+00         1.86607e+02    4.99234e-01
    2.52250e+00         1.70642e+02    4.99234e-01
    2.52250e+00         1.61096e+02    4.99234e-01
    2.52250e+00         1.50386e+02    4.99234e-01
    2.52250e+00         1.38095e+02    4.99234e-01
    2.52250e+00         1.30807e+02    4.99234e-01
    2.52250e+00         1.22684e+02    4.99234e-01
    2.52250e+00         1.13451e+02    4.99234e-01
    2.52250e+00         1.02653e+02    4.99234e-01
    2.52250e+00         9.60580e+01    4.99234e-01
    2.52250e+00         8.85268e+01    4.99234e-01
    2.52250e+00         8.40933e+01    4.99234e-01
    2.52250e+00         7.91799e+01    4.99234e-01
    2.52250e+00         7.36379e+01    4.99234e-01
    2.52250e+00         6.72303e+01    4.99234e-01
    2.52250e+00         6.33867e+01    4.99234e-01
    2.52250e+00         5.90628e+01    4.99234e-01
    2.52250e+00         5.40826e+01    4.99234e-01
    2.52250e+00         5.11129e+01    4.99234e-01
    2.52250e+00         4.77880e+01    4.99234e-01
    2.52250e+00         4.39843e+01    4.99234e-01
    2.52250e+00         4.17393e+01    4.99234e-01
    2.52250e+00         3.92463e+01    4.99234e-01
    2.52250e+00         3.64266e+01    4.99234e-01
    2.52250e+00         3.31533e+01    4.99234e-01
    2.52250e+00         3.11776e+01    4.99234e-01
    2.52250e+00         2.89436e+01    4.99234e-01
    2.52250e+00         2.63513e+01    4.99234e-01
    2.52250e+00         2.47877e+01    4.99234e-01
    2.52250e+00         2.30205e+01    4.99234e-01
    2.52250e+00         2.09716e+01    4.99234e-01
    2.52250e+00         1.97372e+01    4.99234e-01
    2.52250e+00         1.83436e+01    4.99234e-01
    2.52250e+00         1.67301e+01    4.99234e-01
    2.52250e+00         1.57603e+01    4.99234e-01
    2.52250e+00         1.46674e+01    4.99234e-01
    2.52250e+00         1.34057e+01    4.99234e-01
    2.52250e+00         1.26504e+01    4.99234e-01
    2.52250e+00         1.18023e+01    4.99234e-01
    2.52250e+00         1.08279e+01    4.99234e-01
    2.52250e+00         1.02491e+01    4.99234e-01
    2.52250e+00         9.60309e+00    4.99234e-01
    2.52250e+00         8.86721e+00    4.99234e-01
    2.52250e+00         8.00413e+00    4.99234e-01
    2.52250e+00         7.47450e+00    4.99234e-01
    2.52250e+00         6.86715e+00    4.99234e-01
    2.52250e+00         6.50739e+00    4.99234e-01
    2.52250e+00         6.10674e+00    4.99234e-01
    2.52250e+00         5.65181e+00    4.99234e-01
    2.52250e+00         5.12069e+00    4.99234e-01
    2.52250e+00         4.79718e+00    4.99234e-01
    2.52250e+00         4.42857e+00    4.99234e-01
    2.52250e+00         3.99604e+00    4.99234e-01
    2.52250e+00         3.73043e+00    4.99234e-01
    2.52250e+00         3.42564e+00    4.99234e-01
    2.52250e+00         3.24493e+00    4.99234e-01
    2.52250e+00         3.04352e+00    4.99234e-01
    2.52250e+00         2.81458e+00    4.99234e-01
    2.52250e+00         2.54687e+00    4.99234e-01
    2.52250e+00         2.38341e+00    4.99234e-01
    2.52250e+00         2.19674e+00    4.99234e-01
    2.52250e+00         2.08688e+00    4.99234e-01
    2.52250e+00         1.96514e+00    4.99234e-01
    2.52250e+00         1.82785e+00    4.99234e-01
    2.52250e+00         1.66917e+00    4.99234e-01
    2.52250e+00         1.57402e+00    4.99234e-01
    2.52250e+00         1.46703e+00    4.99234e-01
    2.52250e+00         1.34385e+00    4.99234e-01
    2.52250e+00         1.27046e+00    4.99234e-01
    2.52250e+00         1.18834e+00    4.99234e-01
    2.52250e+00         1.09448e+00    4.99234e-01
    2.52250e+00         1.03916e+00    4.99234e-01
    2.52250e+00         9.77789e-01    4.99234e-01
    2.52250e+00         9.08472e-01    4.99234e-01
    2.52250e+00         8.28174e-01    4.99234e-01
    2.52250e+00         7.79862e-01    4.99234e-01
    2.52250e+00         7.25378e-01    4.99234e-01
    2.52250e+00         6.62403e-01    4.99234e-01
    2.52250e+00         6.24643e-01    4.99234e-01
    2.52250e+00         5.82181e-01    4.99234e-01
    2.52250e+00         5.33298e-01    4.99234e-01
    2.52250e+00         5.04171e-01    4.99234e-01
    2.52250e+00         4.71581e-01    4.99234e-01
    2.52250e+00         4.34331e-01    4.99234e-01
    2.52250e+00         4.12374e-01    4.99234e-01
    2.52250e+00         3.88017e-01    4.99234e-01
    2.52250e+00         3.60505e-01    4.99234e-01
    2.52250e+00         3.28635e-01    4.99234e-01
    2.52250e+00         3.09459e-01    4.99234e-01
    2.52250e+00         2.87833e-01    4.99234e-01
    2.52250e+00         2.62836e-01    4.99234e-01
    2.52250e+00         2.47847e-01    4.99234e-01
    2.52250e+00         2.30990e-01    4.99234e-01
    2.52250e+00         2.11582e-01    4.99234e-01
    2.52250e+00         2.00017e-01    4.99234e-01
    2.52250e+00         1.87075e-01    4.99234e-01
    2.52250e+00         1.72281e-01    4.99234e-01
    2.52250e+00         1.63559e-01    4.99234e-01
    2.52250e+00         1.53882e-01    4.99234e-01
    2.52250e+00         1.42950e-01    4.99234e-01
    2.52250e+00         1.30281e-01    4.99234e-01
    2.52250e+00         1.22655e-01    4.99234e-01
    2.52250e+00         1.14052e-01    4.99234e-01
    2.52250e+00         1.04101e-01    4.99234e-01
    2.52250e+00         9.81289e-02    4.99234e-01
    2.52250e+00         9.14078e-02    4.99234e-01
    2.52250e+00         8.36621e-02    4.99234e-01
    2.52250e+00         7.90389e-02    4.99234e-01
    2.52250e+00         7.38590e-02    4.99234e-01
    2.52250e+00         6.79272e-02    4.99234e-01
    2.52250e+00         6.44206e-02    4.99234e-01
    2.52250e+00         6.05219e-02    4.99234e-01
    2.52250e+00         5.61047e-02    4.99234e-01
    2.52250e+00         5.09646e-02    4.99234e-01
    2.52250e+00         4.78500e-02    4.99234e-01
    2.52250e+00         4.43167e-02    4.99234e-01
    2.52250e+00         4.01976e-02    4.99234e-01
    2.52250e+00         3.76943e-02    4.99234e-01
    2.52250e+00         3.48475e-02    4.99234e-01
    2.52250e+00         3.15166e-02    4.99234e-01
    2.52250e+00         2.94805e-02    4.99234e-01
    2.52250e+00         2.71534e-02    4.99234e-01
    2.52250e+00         2.57819e-02    4.99234e-01
    2.52250e+00         2.42606e-02    4.99234e-01
    2.52250e+00         2.25425e-02    4.99234e-01
    2.52250e+00         2.05525e-02    4.99234e-01
    2.52250e+00         1.93555e-02    4.99234e-01
    2.52250e+00         1.80059e-02    4.99234e-01
    2.52250e+00         1.64464e-02    4.99234e-01
    2.52250e+00         1.55118e-02    4.99234e-01
    2.52250e+00         1.44611e-02    4.99234e-01
    2.52250e+00         1.32522e-02    4.99234e-01
    2.52250e+00         1.25324e-02    4.99234e-01
    2.52250e+00         1.17276e-02    4.99234e-01
    2.52250e+00         1.08086e-02    4.99234e-01
    2.52250e+00         1.02676e-02    4.99234e-01
    2.52250e+00         9.66808e-03    4.99234e-01
    2.52250e+00         8.99192e-03    4.99234e-01
    2.52250e+00         8.21024e-03    4.99234e-01
    2.52250e+00         7.74144e-03    4.99234e-01
    2.52250e+00         7.21414e-03    4.99234e-01
    2.52250e+00         6.60695e-03    4.99234e-01
    2.52250e+00         6.24498e-03    4.99234e-01
    2.52250e+00         5.83984e-03    4.99234e-01
    2.52250e+00         5.37653e-03    4.99234e-01
    2.52250e+00         5.10323e-03    4.99234e-01
    2.52250e+00         4.79988e-03    4.99234e-01
    2.52250e+00         4.45697e-03    4.99234e-01
    2.52250e+00         4.05926e-03    4.99234e-01
    2.52250e+00         3.81954e-03    4.99234e-01
    2.52250e+00         3.54877e-03    4.99234e-01
    2.52250e+00         3.23512e-03    4.99234e-01
    2.52250e+00         3.04641e-03    4.99234e-01
    2.52250e+00         2.83359e-03    4.99234e-01
    2.52250e+00         2.58761e-03    4.99234e-01
    2.52250e+00         2.44012e-03    4.99234e-01
    2.52250e+00         2.27426e-03    4.99234e-01
    2.52250e+00         2.08334e-03    4.99234e-01
    2.52250e+00         1.96957e-03    4.99234e-01
    2.52250e+00         1.84229e-03    4.99234e-01
    2.52250e+00         1.69681e-03    4.99234e-01
    2.52250e+00         1.61106e-03    4.99234e-01
    2.52250e+00         1.51594e-03    4.99234e-01
    2.52250e+00         1.40851e-03    4.99234e-01
    2.52250e+00         1.28407e-03    4.99234e-01
    2.52250e+00         1.20920e-03    4.99234e-01
    2.52250e+00         1.12478e-03    4.99234e-01
    2.52250e+00         1.02720e-03    4.99234e-01
    2.52250e+00         9.68709e-04    4.99234e-01
    2.52250e+00         9.02937e-04    4.99234e-01
    2.52250e+00         8.27234e-04    4.99234e-01
    2.52250e+00         7.82137e-04    4.99234e-01
    2.52250e+00         7.31690e-04    4.99234e-01
    2.52250e+00         6.74047e-04    4.99234e-01
    2.52250e+00         6.40086e-04    4.99234e-01
    2.52250e+00         6.02425e-04    4.99234e-01
    2.52250e+00         5.59907e-04    4.99234e-01
    2.52250e+00         5.10688e-04    4.99234e-01
    2.52250e+00         4.81106e-04    4.99234e-01
    2.52250e+00         4.47774e-04    4.99234e-01
    2.52250e+00         4.09295e-04    4.99234e-01
    2.52250e+00         3.86268e-04    4.99234e-01
    2.52250e+00         3.60414e-04    4.99234e-01
    2.52250e+00         3.30717e-04    4.99234e-01
    2.52250e+00         3.13082e-04    4.99234e-01
    2.52250e+00         2.93405e-04    4.99234e-01
    2.52250e+00         2.71000e-04    4.99234e-01
    2.52250e+00         2.44738e-04    4.99234e-01
    2.52250e+00         2.28637e-04    4.99234e-01
    2.52250e+00         2.10188e-04    4.99234e-01
    2.52250e+00         1.99274e-04    4.99234e-01
    2.52250e+00         1.87131e-04    4.99234e-01
    2.52250e+00         1.73361e-04    4.99234e-01
    2.52250e+00         1.57317e-04    4.99234e-01
    2.52250e+00         1.47575e-04    4.99234e-01
    2.52250e+00         1.36505e-04    4.99234e-01
    2.52250e+00         1.23566e-04    4.99234e-01
    2.52250e+00         1.15671e-04    4.99234e-01
    2.52250e+00         1.06661e-04    4.99234e-01
    2.52250e+00         9.60650e-05    4.99234e-01
    2.52250e+00         8.95337e-05    4.99234e-01
    2.52250e+00         8.20148e-05    4.99234e-01
    2.52250e+00         7.75344e-05    4.99234e-01
    2.52250e+00         7.25212e-05    4.99234e-01
    2.52250e+00         6.67910e-05    4.99234e-01
    2.52250e+00         6.34132e-05    4.99234e-01
    2.52250e+00         5.96660e-05    4.99234e-01
    2.52250e+00         5.54333e-05    4.99234e-01
    2.52250e+00         5.05295e-05    4.99234e-01
    2.52250e+00         4.75786e-05    4.99234e-01
    2.52250e+00         4.42504e-05    4.99234e-01
    2.52250e+00         4.04026e-05    4.99234e-01
    2.52250e+00         3.80949e-05    4.99234e-01
    2.52250e+00         3.54991e-05    4.99234e-01
    2.52250e+00         3.25097e-05    4.99234e-01
    2.52250e+00         3.07275e-05    4.99234e-01
    2.52250e+00         2.87326e-05    4.99234e-01
    2.52250e+00         2.64510e-05    4.99234e-01
    2.52250e+00         2.51050e-05    4.99234e-01


