              t                   M              a
    1.23833e-21         1.00000e+17    8.00000e-01
    2.47665e-21         1.00000e+17    8.00000e-01
    4.95331e-21         1.00000e+17    8.00000e-01
    9.90662e-21         1.00000e+17    8.00000e-01
    1.98132e-20         1.00000e+17    8.00000e-01
    3.96265e-20         1.00000e+17    8.00000e-01
    7.92530e-20         1.00000e+17    8.00000e-01
    1.58506e-19         1.00000e+17    8.00000e-01
    3.17012e-19         1.00000e+17    8.00000e-01
    6.34024e-19         1.00000e+17    8.00000e-01
    1.26805e-18         1.00000e+17    8.00000e-01
    2.53609e-18         1.00000e+17    8.00000e-01
    5.07219e-18         1.00000e+17    8.00000e-01
    1.01444e-17         1.00000e+17    8.00000e-01
    2.02888e-17         1.00000e+17    8.00000e-01
    4.05775e-17         1.00000e+17    8.00000e-01
    8.11550e-17         1.00000e+17    8.00000e-01
    1.62310e-16         1.00000e+17    8.00000e-01
    3.24620e-16         1.00000e+17    8.00000e-01
    6.49240e-16         1.00000e+17    8.00000e-01
    1.29848e-15         1.00000e+17    8.00000e-01
    2.59696e-15         1.00000e+17    8.00000e-01
    5.19392e-15         1.00000e+17    8.00000e-01
    1.03878e-14         1.00000e+17    8.00000e-01
    2.07757e-14         1.00000e+17    8.00000e-01
    4.15514e-14         1.00000e+17    8.00000e-01
    8.31027e-14         1.00000e+17    8.00000e-01
    1.66205e-13         1.00000e+17    8.00000e-01
    3.32411e-13         1.00000e+17    8.00000e-01
    6.64822e-13         1.00000e+17    8.00000e-01
    1.32964e-12         1.00000e+17    8.00000e-01
    2.65929e-12         1.00000e+17    8.00000e-01
    5.31858e-12         1.00000e+17    8.00000e-01
    1.06372e-11         1.00000e+17    8.00000e-01
    2.12743e-11         1.00000e+17    8.00000e-01
    4.25486e-11         1.00000e+17    8.00000e-01
    8.50972e-11         1.00000e+17    8.00000e-01
    1.70194e-10         1.00000e+17    8.00000e-01
    3.40389e-10         1.00000e+17    8.00000e-01
    6.80778e-10         1.00000e+17    8.00000e-01
    1.36156e-09         1.00000e+17    8.00000e-01
    2.72311e-09         1.00000e+17    8.00000e-01
    5.44622e-09         1.00000e+17    8.00000e-01
    1.08924e-08         1.00000e+17    8.00000e-01
    2.17849e-08         1.00000e+17    8.00000e-01
    4.35698e-08         1.00000e+17    8.00000e-01
    8.71395e-08         1.00000e+17    8.00000e-01
    1.74279e-07         1.00000e+17    8.00000e-01
    3.48558e-07         1.00000e+17    8.00000e-01
    6.97116e-07         1.00000e+17    8.00000e-01
    1.39423e-06         1.00000e+17    8.00000e-01
    2.78847e-06         1.00000e+17    8.00000e-01
    5.57693e-06         1.00000e+17    8.00000e-01
    1.11539e-05         1.00000e+17    8.00000e-01
    2.23077e-05         1.00000e+17    8.00000e-01
    4.46154e-05         1.00000e+17    8.00000e-01
    8.92309e-05         1.00000e+17    8.00000e-01
    1.78462e-04         1.00000e+17    8.00000e-01
    3.56924e-04         1.00000e+17    8.00000e-01
    7.13847e-04         1.00000e+17    8.00000e-01
    1.42769e-03         1.00000e+17    8.00000e-01
    2.85539e-03         1.00000e+17    8.00000e-01
    5.71078e-03         1.00000e+17    8.00000e-01
    1.14216e-02         1.00000e+17    8.00000e-01
    2.28431e-02         1.00000e+17    8.00000e-01
    4.56862e-02         1.00000e+17    8.00000e-01
    9.13724e-02         1.00000e+17    8.00000e-01
    1.82745e-01         1.00000e+17    8.00000e-01
    3.65490e-01         1.00000e+17    8.00000e-01
    7.30979e-01         1.00000e+17    8.00000e-01
    1.46196e+00         1.00000e+17    8.00000e-01
    2.92392e+00         1.00000e+17    8.00000e-01
    5.84784e+00         1.00000e+17    8.00000e-01
    1.16957e+01         1.00000e+17    8.00000e-01
    2.33913e+01         1.00000e+17    8.00000e-01
    4.67827e+01         1.00000e+17    8.00000e-01
    9.35654e+01         1.00000e+17    8.00000e-01
    1.87131e+02         1.00000e+17    8.00000e-01
    3.74261e+02         1.00000e+17    8.00000e-01
    7.48523e+02         1.00000e+17    8.00000e-01
    1.49705e+03         1.00000e+17    8.00000e-01
    2.99409e+03         1.00000e+17    8.00000e-01
    5.98818e+03         1.00000e+17    8.00000e-01
    1.19764e+04         1.00000e+17    8.00000e-01
    2.39527e+04         1.00000e+17    8.00000e-01
    4.79055e+04         1.00000e+17    8.00000e-01
    9.58109e+04         1.00000e+17    8.00000e-01
    1.91622e+05         1.00000e+17    8.00000e-01
    3.83244e+05         1.00000e+17    8.00000e-01
    7.66488e+05         1.00000e+17    8.00000e-01
    1.53298e+06         1.00000e+17    8.00000e-01
    3.06595e+06         1.00000e+17    8.00000e-01
    6.13190e+06         1.00000e+17    8.00000e-01
    1.22638e+07         1.00000e+17    8.00000e-01
    2.45276e+07         1.00000e+17    8.00000e-01
    4.90552e+07         1.00000e+17    8.00000e-01
    9.81104e+07         1.00000e+17    8.00000e-01
    1.96221e+08         1.00000e+17    8.00000e-01
    3.92442e+08         1.00000e+17    8.00000e-01
    7.84883e+08         1.00000e+17    8.00000e-01
    1.56977e+09         1.00000e+17    8.00000e-01
    3.13953e+09         1.00000e+17    8.00000e-01
    6.27907e+09         1.00000e+17    8.00000e-01
    1.25581e+10         1.00000e+17    8.00000e-01
    2.51163e+10         1.00000e+17    8.00000e-01
    5.02325e+10         1.00000e+17    8.00000e-01
    1.00465e+11         1.00000e+17    8.00000e-01
    2.00930e+11         1.00000e+17    8.00000e-01
    4.01860e+11         1.00000e+17    8.00000e-01
    8.03720e+11         1.00000e+17    8.00000e-01
    1.60744e+12         1.00000e+17    8.00000e-01
    3.21488e+12         1.00000e+17    8.00000e-01
    6.42976e+12         1.00000e+17    8.00000e-01
    1.28595e+13         1.00000e+17    8.00000e-01
    2.57191e+13         1.00000e+17    8.00000e-01
    5.14381e+13         1.00000e+17    8.00000e-01
    1.02876e+14         1.00000e+17    8.00000e-01
    2.05752e+14         1.00000e+17    8.00000e-01
    4.11505e+14         1.00000e+17    8.00000e-01
    8.23010e+14         1.00000e+17    8.00000e-01
    1.64602e+15         1.00000e+17    8.00000e-01
    3.29204e+15         1.00000e+17    8.00000e-01
    6.58408e+15         1.00000e+17    8.00000e-01
    1.31682e+16         1.00000e+17    8.00000e-01
    2.63363e+16         1.00000e+17    8.00000e-01
    5.26726e+16         1.00000e+17    8.00000e-01
    1.05345e+17         1.00000e+17    8.00000e-01
    2.10690e+17         1.00000e+17    7.99999e-01
    4.21381e+17         9.99999e+16    7.99999e-01
    8.42762e+17         9.99998e+16    7.99998e-01
    1.68552e+18         9.99996e+16    7.99996e-01
    3.37105e+18         9.99993e+16    7.99991e-01
    6.74210e+18         9.99986e+16    7.99983e-01
    1.34842e+19         9.99971e+16    7.99966e-01
    2.69684e+19         9.99942e+16    7.99932e-01
    5.39368e+19         9.99884e+16    7.99863e-01
    1.07874e+20         9.99769e+16    7.99727e-01
    2.15747e+20         9.99538e+16    7.99454e-01
    4.31494e+20         9.99075e+16    7.98909e-01
    8.62988e+20         9.98153e+16    7.97821e-01
    1.72598e+21         9.96312e+16    7.95655e-01
    3.45195e+21         9.92650e+16    7.91361e-01
    6.90391e+21         9.85404e+16    7.82928e-01
    1.03559e+22         9.78232e+16    7.74733e-01
    1.38078e+22         9.71130e+16    7.66773e-01
    1.72598e+22         9.64097e+16    7.59041e-01
    2.41637e+22         9.50166e+16    7.44029e-01
    3.10676e+22         9.36295e+16    7.29721e-01
    3.79715e+22         9.22413e+16    7.16033e-01
    4.48754e+22         9.08490e+16    7.02925e-01
    5.17793e+22         8.94396e+16    6.90294e-01
    5.86832e+22         8.80112e+16    6.78125e-01
    6.55871e+22         8.65581e+16    6.66374e-01
    7.24910e+22         8.50705e+16    6.54958e-01
    7.93949e+22         8.35448e+16    6.43876e-01
    8.62988e+22         8.19766e+16    6.33096e-01
    9.32027e+22         8.03616e+16    6.22470e-01
    1.00107e+23         7.86955e+16    6.11984e-01
    1.07011e+23         7.69724e+16    6.01644e-01
    1.13914e+23         7.51791e+16    5.91423e-01
    1.20818e+23         7.33036e+16    5.81283e-01
    1.27722e+23         7.13351e+16    5.71206e-01
    1.34626e+23         6.92610e+16    5.61149e-01
    1.41530e+23         6.70697e+16    5.50971e-01
    1.48434e+23         6.47423e+16    5.40627e-01
    1.55338e+23         6.22541e+16    5.30090e-01
    1.62242e+23         5.95653e+16    5.19223e-01
    1.69146e+23         5.66313e+16    5.07980e-01
    1.76050e+23         5.33882e+16    4.96226e-01
    1.82954e+23         4.97375e+16    4.83616e-01
    1.89857e+23         4.55247e+16    4.69591e-01
    1.93309e+23         4.30085e+16    4.61606e-01
    1.96761e+23         4.01855e+16    4.52839e-01
    2.00213e+23         3.69484e+16    4.42980e-01
    2.01939e+23         3.50287e+16    4.37219e-01
    2.03665e+23         3.28875e+16    4.30792e-01
    2.05391e+23         3.04509e+16    4.23445e-01
    2.07117e+23         2.75918e+16    4.14526e-01
    2.07980e+23         2.58361e+16    4.08591e-01
    2.08843e+23         2.38197e+16    4.01201e-01
    2.09275e+23         2.26238e+16    3.96318e-01
    2.09706e+23         2.12904e+16    3.90406e-01
    2.10138e+23         1.97784e+16    3.83314e-01
    2.10569e+23         1.80125e+16    3.73991e-01
    2.10785e+23         1.69408e+16    3.67741e-01
    2.11001e+23         1.57239e+16    3.60195e-01
    2.11216e+23         1.43041e+16    3.50741e-01
    2.11324e+23         1.34410e+16    3.44497e-01
    2.11432e+23         1.24580e+16    3.36788e-01
    2.11540e+23         1.13058e+16    3.26857e-01
    2.11594e+23         1.06004e+16    3.19997e-01
    2.11648e+23         9.79368e+15    3.11492e-01
    2.11702e+23         8.84280e+15    3.00475e-01
    2.11729e+23         8.25636e+15    2.92957e-01
    2.11756e+23         7.58150e+15    2.83743e-01
    2.11769e+23         7.18027e+15    2.77901e-01
    2.11783e+23         6.73223e+15    2.71101e-01
    2.11796e+23         6.22178e+15    2.62979e-01
    2.11810e+23         5.62349e+15    2.52991e-01
    2.11816e+23         5.25695e+15    2.46504e-01
    2.11823e+23         4.83734e+15    2.38790e-01
    2.11827e+23         4.58944e+15    2.34016e-01
    2.11830e+23         4.31399e+15    2.28563e-01
    2.11833e+23         4.00221e+15    2.22191e-01
    2.11837e+23         3.63997e+15    2.14523e-01
    2.11838e+23         3.42101e+15    2.09663e-01
    2.11840e+23         3.17314e+15    2.03995e-01
    2.11842e+23         2.88506e+15    1.97158e-01
    2.11843e+23         2.71084e+15    1.92828e-01
    2.11843e+23         2.51351e+15    1.87772e-01
    2.11844e+23         2.28402e+15    1.81672e-01
    2.11845e+23         2.14508e+15    1.77800e-01
    2.11845e+23         1.98758e+15    1.73272e-01
    2.11845e+23         1.80414e+15    1.67797e-01
    2.11846e+23         1.69284e+15    1.64305e-01
    2.11846e+23         1.56642e+15    1.60206e-01
    2.11846e+23         1.41879e+15    1.55217e-01
    2.11846e+23         1.32881e+15    1.52004e-01
    2.11846e+23         1.22624e+15    1.48202e-01
    2.11846e+23         1.10575e+15    1.43499e-01
    2.11846e+23         1.03161e+15    1.40372e-01
    2.11847e+23         9.46383e+14    1.36586e-01
    2.11847e+23         8.95689e+14    1.34167e-01
    2.11847e+23         8.39027e+14    1.31335e-01
    2.11847e+23         7.74353e+14    1.27921e-01
    2.11847e+23         6.98215e+14    1.23597e-01
    2.11847e+23         6.51182e+14    1.20630e-01
    2.11847e+23         5.96862e+14    1.16895e-01
    2.11847e+23         5.64328e+14    1.14382e-01
    2.11847e+23         5.27754e+14    1.11313e-01
    2.11847e+23         4.85681e+14    1.07424e-01
    2.11847e+23         4.60650e+14    1.04815e-01
    2.11847e+23         4.32683e+14    1.01663e-01
    2.11847e+23         4.00789e+14    9.77245e-02
    2.11847e+23         3.63385e+14    9.25649e-02
    2.11847e+23         3.40447e+14    8.89294e-02
    2.11847e+23         3.14163e+14    8.43389e-02
    2.11847e+23         2.83107e+14    7.83239e-02
    2.11847e+23         2.63868e+14    7.41796e-02
    2.11847e+23         2.41659e+14    6.91543e-02
    2.11847e+23         2.28380e+14    6.59811e-02
    2.11847e+23         2.13492e+14    6.23196e-02
    2.11847e+23         1.96433e+14    5.80053e-02
    2.11847e+23         1.86349e+14    5.53885e-02
    2.11847e+23         1.75138e+14    5.24335e-02
    2.11847e+23         1.62440e+14    4.90332e-02
    2.11847e+23         1.47673e+14    4.50129e-02
    2.11847e+23         1.38735e+14    4.25380e-02
    2.11847e+23         1.28608e+14    3.97066e-02
    2.11847e+23         1.16821e+14    3.63746e-02
    2.11847e+23         1.09677e+14    3.43298e-02
    2.11847e+23         1.01572e+14    3.19933e-02
    2.11847e+23         9.21215e+13    2.92452e-02
    2.11847e+23         8.63755e+13    2.75545e-02
    2.11847e+23         7.98374e+13    2.56140e-02
    2.11847e+23         7.21811e+13    2.33180e-02
    2.11847e+23         6.74932e+13    2.18923e-02
    2.11847e+23         6.21259e+13    2.02443e-02
    2.11847e+23         5.89539e+13    1.92595e-02
    2.11847e+23         5.54272e+13    1.81565e-02
    2.11847e+23         5.14294e+13    1.68930e-02
    2.11847e+23         4.67704e+13    1.53988e-02
    2.11847e+23         4.39388e+13    1.44707e-02
    2.11847e+23         4.07195e+13    1.34019e-02
    2.11847e+23         3.69529e+13    1.21297e-02
    2.11847e+23         3.46499e+13    1.13334e-02
    2.11847e+23         3.20197e+13    1.04129e-02
    2.11847e+23         3.04722e+13    9.86497e-03
    2.11847e+23         2.87582e+13    9.25349e-03
    2.11847e+23         2.68276e+13    8.56025e-03
    2.11847e+23         2.46012e+13    7.75577e-03
    2.11847e+23         2.32721e+13    7.27305e-03
    2.11847e+23         2.17836e+13    6.73205e-03
    2.11847e+23         2.00809e+13    6.11386e-03
    2.11847e+23         1.90761e+13    5.74993e-03
    2.11847e+23         1.79605e+13    5.34713e-03
    2.11847e+23         1.66991e+13    4.89321e-03
    2.11847e+23         1.59672e+13    4.63138e-03
    2.11847e+23         1.51653e+13    4.34568e-03
    2.11847e+23         1.42745e+13    4.03007e-03
    2.11847e+23         1.32656e+13    3.67393e-03
    2.11847e+23         1.26788e+13    3.46791e-03
    2.11847e+23         1.20348e+13    3.24272e-03
    2.11847e+23         1.13183e+13    2.99380e-03
    2.11847e+23         1.05054e+13    2.71358e-03
    2.11847e+23         1.00316e+13    2.55199e-03
    2.11847e+23         9.51084e+12    2.37577e-03
    2.11847e+23         8.93013e+12    2.18136e-03
    2.11847e+23         8.26993e+12    1.96361e-03
    2.11847e+23         7.88430e+12    1.83915e-03
    2.11847e+23         7.45950e+12    1.70380e-03
    2.11847e+23         6.98434e+12    1.55478e-03
    2.11847e+23         6.71302e+12    1.47140e-03
    2.11847e+23         6.41919e+12    1.38228e-03
    2.11847e+23         6.09770e+12    1.28624e-03
    2.11847e+23         5.74121e+12    1.18159e-03
    2.11847e+23         5.33885e+12    1.06596e-03
    2.11847e+23         5.10608e+12    1.00084e-03
    2.11847e+23         4.85154e+12    0.00000e+00
    2.11847e+23         4.56952e+12    0.00000e+00
    2.11847e+23         4.25157e+12    0.00000e+00
    2.11847e+23         3.88419e+12    0.00000e+00
    2.11847e+23         3.66406e+12    0.00000e+00
    2.11847e+23         3.41667e+12    0.00000e+00
    2.11847e+23         3.13213e+12    0.00000e+00
    2.11847e+23         2.96282e+12    0.00000e+00
    2.11847e+23         2.77360e+12    0.00000e+00
    2.11847e+23         2.55767e+12    0.00000e+00
    2.11847e+23         2.30373e+12    0.00000e+00
    2.11847e+23         2.14723e+12    0.00000e+00
    2.11847e+23         1.96707e+12    0.00000e+00
    2.11847e+23         1.85974e+12    0.00000e+00
    2.11847e+23         1.73965e+12    0.00000e+00
    2.11847e+23         1.60241e+12    0.00000e+00
    2.11847e+23         1.52153e+12    0.00000e+00
    2.11847e+23         1.43182e+12    0.00000e+00
    2.11847e+23         1.33050e+12    0.00000e+00
    2.11847e+23         1.21315e+12    0.00000e+00
    2.11847e+23         1.14255e+12    0.00000e+00
    2.11847e+23         1.06292e+12    0.00000e+00
    2.11847e+23         9.70876e+11    0.00000e+00
    2.11847e+23         9.15648e+11    0.00000e+00
    2.11847e+23         8.53494e+11    0.00000e+00
    2.11847e+23         7.81855e+11    0.00000e+00
    2.11847e+23         7.39094e+11    0.00000e+00
    2.11847e+23         6.91186e+11    0.00000e+00
    2.11847e+23         6.36329e+11    0.00000e+00
    2.11847e+23         6.03911e+11    0.00000e+00
    2.11847e+23         5.67884e+11    0.00000e+00
    2.11847e+23         5.27093e+11    0.00000e+00
    2.11847e+23         4.79671e+11    0.00000e+00
    2.11847e+23         4.50983e+11    0.00000e+00
    2.11847e+23         4.18489e+11    0.00000e+00
    2.11847e+23         3.80665e+11    0.00000e+00
    2.11847e+23         3.57721e+11    0.00000e+00
    2.11847e+23         3.31674e+11    0.00000e+00
    2.11847e+23         3.01259e+11    0.00000e+00
    2.11847e+23         2.82719e+11    0.00000e+00
    2.11847e+23         2.61586e+11    0.00000e+00
    2.11847e+23         2.36799e+11    0.00000e+00
    2.11847e+23         2.21610e+11    0.00000e+00
    2.11847e+23         2.04217e+11    0.00000e+00
    2.11847e+23         1.93948e+11    0.00000e+00
    2.11847e+23         1.82549e+11    0.00000e+00
    2.11847e+23         1.69664e+11    0.00000e+00
    2.11847e+23         1.54726e+11    0.00000e+00
    2.11847e+23         1.45732e+11    0.00000e+00
    2.11847e+23         1.35587e+11    0.00000e+00
    2.11847e+23         1.23860e+11    0.00000e+00
    2.11847e+23         1.16830e+11    0.00000e+00
    2.11847e+23         1.08925e+11    0.00000e+00
    2.11847e+23         9.98280e+10    0.00000e+00
    2.11847e+23         9.44115e+10    0.00000e+00
    2.11847e+23         8.83549e+10    0.00000e+00
    2.11847e+23         8.14384e+10    0.00000e+00
    2.11847e+23         7.32961e+10    0.00000e+00
    2.11847e+23         6.82696e+10    0.00000e+00
    2.11847e+23         6.24753e+10    0.00000e+00
    2.11847e+23         5.90156e+10    0.00000e+00
    2.11847e+23         5.51383e+10    0.00000e+00
    2.11847e+23         5.06965e+10    0.00000e+00
    2.11847e+23         4.80692e+10    0.00000e+00
    2.11847e+23         4.51469e+10    0.00000e+00
    2.11847e+23         4.18339e+10    0.00000e+00
    2.11847e+23         3.79755e+10    0.00000e+00
    2.11847e+23         3.56342e+10    0.00000e+00
    2.11847e+23         3.29752e+10    0.00000e+00
    2.11847e+23         2.98701e+10    0.00000e+00
    2.11847e+23         2.79780e+10    0.00000e+00
    2.11847e+23         2.58213e+10    0.00000e+00
    2.11847e+23         2.32892e+10    0.00000e+00
    2.11847e+23         2.17330e+10    0.00000e+00
    2.11847e+23         1.99458e+10    0.00000e+00
    2.11847e+23         1.88849e+10    0.00000e+00
    2.11847e+23         1.77015e+10    0.00000e+00
    2.11847e+23         1.63546e+10    0.00000e+00
    2.11847e+23         1.47766e+10    0.00000e+00
    2.11847e+23         1.38101e+10    0.00000e+00
    2.11847e+23         1.27036e+10    0.00000e+00
    2.11847e+23         1.20498e+10    0.00000e+00
    2.11847e+23         1.13231e+10    0.00000e+00
    2.11847e+23         1.05002e+10    0.00000e+00
    2.11847e+23         9.54316e+09    0.00000e+00
    2.11847e+23         8.96387e+09    0.00000e+00
    2.11847e+23         8.30729e+09    0.00000e+00
    2.11847e+23         7.54281e+09    0.00000e+00
    2.11847e+23         7.07917e+09    0.00000e+00
    2.11847e+23         6.55280e+09    0.00000e+00
    2.11847e+23         5.93847e+09    0.00000e+00
    2.11847e+23         5.56447e+09    0.00000e+00
    2.11847e+23         5.13851e+09    0.00000e+00
    2.11847e+23         4.63899e+09    0.00000e+00
    2.11847e+23         4.33255e+09    0.00000e+00
    2.11847e+23         3.98123e+09    0.00000e+00
    2.11847e+23         3.77320e+09    0.00000e+00
    2.11847e+23         3.54160e+09    0.00000e+00
    2.11847e+23         3.27872e+09    0.00000e+00
    2.11847e+23         2.97199e+09    0.00000e+00
    2.11847e+23         2.78534e+09    0.00000e+00
    2.11847e+23         2.57283e+09    0.00000e+00
    2.11847e+23         2.32376e+09    0.00000e+00
    2.11847e+23         2.17111e+09    0.00000e+00
    2.11847e+23         1.99623e+09    0.00000e+00
    2.11847e+23         1.89280e+09    0.00000e+00
    2.11847e+23         1.77775e+09    0.00000e+00
    2.11847e+23         1.64734e+09    0.00000e+00
    2.11847e+23         1.49545e+09    0.00000e+00
    2.11847e+23         1.40330e+09    0.00000e+00
    2.11847e+23         1.29865e+09    0.00000e+00
    2.11847e+23         1.17646e+09    0.00000e+00
    2.11847e+23         1.10201e+09    0.00000e+00
    2.11847e+23         1.01716e+09    0.00000e+00
    2.11847e+23         9.17566e+08    0.00000e+00
    2.11847e+23         8.56372e+08    0.00000e+00
    2.11847e+23         7.86121e+08    0.00000e+00
    2.11847e+23         7.44436e+08    0.00000e+00
    2.11847e+23         6.97953e+08    0.00000e+00
    2.11847e+23         6.45072e+08    0.00000e+00
    2.11847e+23         5.83165e+08    0.00000e+00
    2.11847e+23         5.45292e+08    0.00000e+00
    2.11847e+23         5.01974e+08    0.00000e+00
    2.11847e+23         4.76416e+08    0.00000e+00
    2.11847e+23         4.48042e+08    0.00000e+00
    2.11847e+23         4.15960e+08    0.00000e+00
    2.11847e+23         3.78739e+08    0.00000e+00
    2.11847e+23         3.56291e+08    0.00000e+00
    2.11847e+23         3.30925e+08    0.00000e+00
    2.11847e+23         3.01522e+08    0.00000e+00
    2.11847e+23         2.83813e+08    0.00000e+00
    2.11847e+23         2.63825e+08    0.00000e+00
    2.11847e+23         2.40693e+08    0.00000e+00
    2.11847e+23         2.26798e+08    0.00000e+00
    2.11847e+23         2.11147e+08    0.00000e+00
    2.11847e+23         1.93091e+08    0.00000e+00
    2.11847e+23         1.82295e+08    0.00000e+00
    2.11847e+23         1.70183e+08    0.00000e+00
    2.11847e+23         1.56286e+08    0.00000e+00
    2.11847e+23         1.48046e+08    0.00000e+00
    2.11847e+23         1.38864e+08    0.00000e+00
    2.11847e+23         1.28427e+08    0.00000e+00
    2.11847e+23         1.16225e+08    0.00000e+00
    2.11847e+23         1.08776e+08    0.00000e+00
    2.11847e+23         1.00271e+08    0.00000e+00
    2.11847e+23         9.02631e+07    0.00000e+00
    2.11847e+23         8.40877e+07    0.00000e+00
    2.11847e+23         7.69721e+07    0.00000e+00
    2.11847e+23         7.27260e+07    0.00000e+00
    2.11847e+23         6.79697e+07    0.00000e+00
    2.11847e+23         6.25244e+07    0.00000e+00
    2.11847e+23         5.93068e+07    0.00000e+00
    2.11847e+23         5.57307e+07    0.00000e+00
    2.11847e+23         5.16809e+07    0.00000e+00
    2.11847e+23         4.69715e+07    0.00000e+00
    2.11847e+23         4.41210e+07    0.00000e+00
    2.11847e+23         4.08903e+07    0.00000e+00
    2.11847e+23         3.71289e+07    0.00000e+00
    2.11847e+23         3.48478e+07    0.00000e+00
    2.11847e+23         3.22583e+07    0.00000e+00
    2.11847e+23         2.92364e+07    0.00000e+00
    2.11847e+23         2.73970e+07    0.00000e+00
    2.11847e+23         2.53023e+07    0.00000e+00
    2.11847e+23         2.28464e+07    0.00000e+00
    2.11847e+23         2.13402e+07    0.00000e+00
    2.11847e+23         1.96140e+07    0.00000e+00
    2.11847e+23         1.85922e+07    0.00000e+00
    2.11847e+23         1.74551e+07    0.00000e+00
    2.11847e+23         1.61650e+07    0.00000e+00
    2.11847e+23         1.46607e+07    0.00000e+00
    2.11847e+23         1.37463e+07    0.00000e+00
    2.11847e+23         1.27063e+07    0.00000e+00
    2.11847e+23         1.14889e+07    0.00000e+00
    2.11847e+23         1.07444e+07    0.00000e+00
    2.11847e+23         9.89322e+06    0.00000e+00
    2.11847e+23         9.39122e+06    0.00000e+00
    2.11847e+23         8.83411e+06    0.00000e+00
    2.11847e+23         8.20452e+06    0.00000e+00
    2.11847e+23         7.47460e+06    0.00000e+00
    2.11847e+23         7.03488e+06    0.00000e+00
    2.11847e+23         6.53848e+06    0.00000e+00
    2.11847e+23         5.96383e+06    0.00000e+00
    2.11847e+23         5.61847e+06    0.00000e+00
    2.11847e+23         5.22935e+06    0.00000e+00
    2.11847e+23         4.78016e+06    0.00000e+00
    2.11847e+23         4.51138e+06    0.00000e+00
    2.11847e+23         4.20961e+06    0.00000e+00
    2.11847e+23         3.86302e+06    0.00000e+00
    2.11847e+23         3.65724e+06    0.00000e+00
    2.11847e+23         3.42765e+06    0.00000e+00
    2.11847e+23         3.16627e+06    0.00000e+00
    2.11847e+23         2.85996e+06    0.00000e+00
    2.11847e+23         2.67224e+06    0.00000e+00
    2.11847e+23         2.45721e+06    0.00000e+00
    2.11847e+23         2.33006e+06    0.00000e+00
    2.11847e+23         2.18866e+06    0.00000e+00
    2.11847e+23         2.02839e+06    0.00000e+00
    2.11847e+23         1.84179e+06    0.00000e+00
    2.11847e+23         1.72864e+06    0.00000e+00
    2.11847e+23         1.60018e+06    0.00000e+00
    2.11847e+23         1.45026e+06    0.00000e+00
    2.11847e+23         1.35901e+06    0.00000e+00
    2.11847e+23         1.25509e+06    0.00000e+00
    2.11847e+23         1.13325e+06    0.00000e+00
    2.11847e+23         1.05853e+06    0.00000e+00
    2.11847e+23         9.72881e+05    0.00000e+00
    2.11847e+23         9.22186e+05    0.00000e+00
    2.11847e+23         8.65765e+05    0.00000e+00
    2.11847e+23         8.01750e+05    0.00000e+00
    2.11847e+23         7.27104e+05    0.00000e+00
    2.11847e+23         6.81725e+05    0.00000e+00
    2.11847e+23         6.30103e+05    0.00000e+00
    2.11847e+23         5.69676e+05    0.00000e+00
    2.11847e+23         5.32713e+05    0.00000e+00
    2.11847e+23         4.90443e+05    0.00000e+00
    2.11847e+23         4.65507e+05    0.00000e+00
    2.11847e+23         4.37829e+05    0.00000e+00
    2.11847e+23         4.06541e+05    0.00000e+00
    2.11847e+23         3.70251e+05    0.00000e+00
    2.11847e+23         3.48375e+05    0.00000e+00
    2.11847e+23         3.23665e+05    0.00000e+00
    2.11847e+23         2.95038e+05    0.00000e+00
    2.11847e+23         2.77813e+05    0.00000e+00
    2.11847e+23         2.58385e+05    0.00000e+00
    2.11847e+23         2.35925e+05    0.00000e+00
    2.11847e+23         2.22456e+05    0.00000e+00
    2.11847e+23         2.07306e+05    0.00000e+00
    2.11847e+23         1.89860e+05    0.00000e+00
    2.11847e+23         1.79461e+05    0.00000e+00
    2.11847e+23         1.67822e+05    0.00000e+00
    2.11847e+23         1.54512e+05    0.00000e+00
    2.11847e+23         1.46661e+05    0.00000e+00
    2.11847e+23         1.37947e+05    0.00000e+00
    2.11847e+23         1.28097e+05    0.00000e+00
    2.11847e+23         1.16675e+05    0.00000e+00
    2.11847e+23         1.09791e+05    0.00000e+00
    2.11847e+23         1.02016e+05    0.00000e+00
    2.11847e+23         9.30111e+04    0.00000e+00
    2.11847e+23         8.75947e+04    0.00000e+00
    2.11847e+23         8.14877e+04    0.00000e+00
    2.11847e+23         7.44310e+04    0.00000e+00
    2.11847e+23         7.02019e+04    0.00000e+00
    2.11847e+23         6.54480e+04    0.00000e+00
    2.11847e+23         5.99784e+04    0.00000e+00
    2.11847e+23         5.67220e+04    0.00000e+00
    2.11847e+23         5.30810e+04    0.00000e+00
    2.11847e+23         4.89234e+04    0.00000e+00
    2.11847e+23         4.64762e+04    0.00000e+00
    2.11847e+23         4.37646e+04    0.00000e+00
    2.11847e+23         4.07065e+04    0.00000e+00
    2.11847e+23         3.71718e+04    0.00000e+00
    2.11847e+23         3.50522e+04    0.00000e+00
    2.11847e+23         3.26686e+04    0.00000e+00
    2.11847e+23         2.99245e+04    0.00000e+00
    2.11847e+23         2.82893e+04    0.00000e+00
    2.11847e+23         2.64596e+04    0.00000e+00
    2.11847e+23         2.43681e+04    0.00000e+00
    2.11847e+23         2.31351e+04    0.00000e+00
    2.11847e+23         2.17671e+04    0.00000e+00
    2.11847e+23         2.02219e+04    0.00000e+00
    2.11847e+23         1.84315e+04    0.00000e+00
    2.11847e+23         1.73539e+04    0.00000e+00
    2.11847e+23         1.61383e+04    0.00000e+00
    2.11847e+23         1.47327e+04    0.00000e+00
    2.11847e+23         1.38894e+04    0.00000e+00
    2.11847e+23         1.29406e+04    0.00000e+00
    2.11847e+23         1.18476e+04    0.00000e+00
    2.11847e+23         1.11956e+04    0.00000e+00
    2.11847e+23         1.04654e+04    0.00000e+00
    2.11847e+23         9.62982e+03    0.00000e+00
    2.11847e+23         9.13637e+03    0.00000e+00
    2.11847e+23         8.58817e+03    0.00000e+00
    2.11847e+23         7.96776e+03    0.00000e+00
    2.11847e+23         7.24697e+03    0.00000e+00
    2.11847e+23         6.81132e+03    0.00000e+00
    2.11847e+23         6.31815e+03    0.00000e+00
    2.11847e+23         5.74500e+03    0.00000e+00
    2.11847e+23         5.39839e+03    0.00000e+00
    2.11847e+23         5.00584e+03    0.00000e+00
    2.11847e+23         4.54931e+03    0.00000e+00
    2.11847e+23         4.27293e+03    0.00000e+00
    2.11847e+23         3.95964e+03    0.00000e+00
    2.11847e+23         3.59482e+03    0.00000e+00
    2.11847e+23         3.37351e+03    0.00000e+00
    2.11847e+23         3.12221e+03    0.00000e+00
    2.11847e+23         2.82882e+03    0.00000e+00
    2.11847e+23         2.65012e+03    0.00000e+00
    2.11847e+23         2.44651e+03    0.00000e+00
    2.11847e+23         2.20760e+03    0.00000e+00
    2.11847e+23         2.06089e+03    0.00000e+00
    2.11847e+23         1.89255e+03    0.00000e+00
    2.11847e+23         1.79274e+03    0.00000e+00
    2.11847e+23         1.68150e+03    0.00000e+00
    2.11847e+23         1.55506e+03    0.00000e+00
    2.11847e+23         1.40723e+03    0.00000e+00
    2.11847e+23         1.31697e+03    0.00000e+00
    2.11847e+23         1.21391e+03    0.00000e+00
    2.11847e+23         1.09260e+03    0.00000e+00
    2.11847e+23         1.01774e+03    0.00000e+00
    2.11847e+23         9.31450e+02    0.00000e+00
    2.11847e+23         8.79943e+02    0.00000e+00
    2.11847e+23         8.22230e+02    0.00000e+00
    2.11847e+23         7.56131e+02    0.00000e+00
    2.11847e+23         7.17051e+02    0.00000e+00
    2.11847e+23         6.73595e+02    0.00000e+00
    2.11847e+23         6.24351e+02    0.00000e+00
    2.11847e+23         5.67032e+02    0.00000e+00
    2.11847e+23         5.32286e+02    0.00000e+00
    2.11847e+23         4.92855e+02    0.00000e+00
    2.11847e+23         4.46863e+02    0.00000e+00
    2.11847e+23         4.18890e+02    0.00000e+00
    2.11847e+23         3.87056e+02    0.00000e+00
    2.11847e+23         3.49770e+02    0.00000e+00
    2.11847e+23         3.26940e+02    0.00000e+00
    2.11847e+23         3.00811e+02    0.00000e+00
    2.11847e+23         2.85378e+02    0.00000e+00
    2.11847e+23         2.68231e+02    0.00000e+00
    2.11847e+23         2.48822e+02    0.00000e+00
    2.11847e+23         2.26266e+02    0.00000e+00
    2.11847e+23         2.12628e+02    0.00000e+00
    2.11847e+23         1.97184e+02    0.00000e+00
    2.11847e+23         1.79226e+02    0.00000e+00
    2.11847e+23         1.68357e+02    0.00000e+00
    2.11847e+23         1.56040e+02    0.00000e+00
    2.11847e+23         1.41702e+02    0.00000e+00
    2.11847e+23         1.33008e+02    0.00000e+00
    2.11847e+23         1.23141e+02    0.00000e+00
    2.11847e+23         1.11629e+02    0.00000e+00
    2.11847e+23         1.04625e+02    0.00000e+00
    2.11847e+23         9.66519e+01    0.00000e+00
    2.11847e+23         8.73088e+01    0.00000e+00
    2.11847e+23         8.15839e+01    0.00000e+00
    2.11847e+23         7.50274e+01    0.00000e+00
    2.11847e+23         7.11511e+01    0.00000e+00
    2.11847e+23         6.68410e+01    0.00000e+00
    2.11847e+23         6.19571e+01    0.00000e+00
    2.11847e+23         5.62729e+01    0.00000e+00
    2.11847e+23         5.28277e+01    0.00000e+00
    2.11847e+23         4.89184e+01    0.00000e+00
    2.11847e+23         4.43593e+01    0.00000e+00
    2.11847e+23         4.15871e+01    0.00000e+00
    2.11847e+23         3.84330e+01    0.00000e+00
    2.11847e+23         3.47399e+01    0.00000e+00
    2.11847e+23         3.24799e+01    0.00000e+00
    2.11847e+23         2.98945e+01    0.00000e+00
    2.11847e+23         2.83685e+01    0.00000e+00
    2.11847e+23         2.66740e+01    0.00000e+00
    2.11847e+23         2.47572e+01    0.00000e+00
    2.11847e+23         2.25323e+01    0.00000e+00
    2.11847e+23         2.11892e+01    0.00000e+00
    2.11847e+23         1.96705e+01    0.00000e+00
    2.11847e+23         1.79082e+01    0.00000e+00
    2.11847e+23         1.68452e+01    0.00000e+00
    2.11847e+23         1.56437e+01    0.00000e+00
    2.11847e+23         1.42505e+01    0.00000e+00
    2.11847e+23         1.34111e+01    0.00000e+00
    2.11847e+23         1.24633e+01    0.00000e+00
    2.11847e+23         1.13659e+01    0.00000e+00
    2.11847e+23         1.07061e+01    0.00000e+00
    2.11847e+23         9.96245e+00    0.00000e+00
    2.11847e+23         9.10367e+00    0.00000e+00
    2.11847e+23         8.58945e+00    0.00000e+00
    2.11847e+23         8.01182e+00    0.00000e+00
    2.11847e+23         7.34790e+00    0.00000e+00
    2.11847e+23         6.95323e+00    0.00000e+00
    2.11847e+23         6.51250e+00    0.00000e+00
    2.11847e+23         6.01009e+00    0.00000e+00
    2.11847e+23         5.42017e+00    0.00000e+00
    2.11847e+23         5.05751e+00    0.00000e+00
    2.11847e+23         4.64098e+00    0.00000e+00
    2.11847e+23         4.39365e+00    0.00000e+00
    2.11847e+23         4.11770e+00    0.00000e+00
    2.11847e+23         3.80351e+00    0.00000e+00
    2.11847e+23         3.43528e+00    0.00000e+00
    2.11847e+23         3.20958e+00    0.00000e+00
    2.11847e+23         2.95101e+00    0.00000e+00
    2.11847e+23         2.79808e+00    0.00000e+00
    2.11847e+23         2.62798e+00    0.00000e+00
    2.11847e+23         2.43515e+00    0.00000e+00
    2.11847e+23         2.21056e+00    0.00000e+00
    2.11847e+23         2.07429e+00    0.00000e+00
    2.11847e+23         1.91953e+00    0.00000e+00
    2.11847e+23         1.73881e+00    0.00000e+00
    2.11847e+23         1.62869e+00    0.00000e+00
    2.11847e+23         1.50317e+00    0.00000e+00
    2.11847e+23         1.35582e+00    0.00000e+00
    2.11847e+23         1.26526e+00    0.00000e+00
    2.11847e+23         1.16127e+00    0.00000e+00
    2.11847e+23         1.09955e+00    0.00000e+00
    2.11847e+23         1.03070e+00    0.00000e+00
    2.11847e+23         9.52348e-01    0.00000e+00
    2.11847e+23         8.60574e-01    0.00000e+00
    2.11847e+23         8.04378e-01    0.00000e+00
    2.11847e+23         7.40055e-01    0.00000e+00
    2.11847e+23         7.02061e-01    0.00000e+00
    2.11847e+23         6.59842e-01    0.00000e+00
    2.11847e+23         6.12048e-01    0.00000e+00
    2.11847e+23         5.56498e-01    0.00000e+00
    2.11847e+23         5.22902e-01    0.00000e+00
    2.11847e+23         4.84849e-01    0.00000e+00
    2.11847e+23         4.40590e-01    0.00000e+00
    2.11847e+23         4.13790e-01    0.00000e+00
    2.11847e+23         3.83407e-01    0.00000e+00
    2.11847e+23         3.48018e-01    0.00000e+00
    2.11847e+23         3.26542e-01    0.00000e+00
    2.11847e+23         3.02147e-01    0.00000e+00
    2.11847e+23         2.73655e-01    0.00000e+00
    2.11847e+23         2.56288e-01    0.00000e+00
    2.11847e+23         2.36488e-01    0.00000e+00
    2.11847e+23         2.13233e-01    0.00000e+00
    2.11847e+23         1.98931e-01    0.00000e+00
    2.11847e+23         1.82499e-01    0.00000e+00
    2.11847e+23         1.72737e-01    0.00000e+00
    2.11847e+23         1.61840e-01    0.00000e+00
    2.11847e+23         1.49426e-01    0.00000e+00
    2.11847e+23         1.34864e-01    0.00000e+00
    2.11847e+23         1.25926e-01    0.00000e+00
    2.11847e+23         1.15674e-01    0.00000e+00
    2.11847e+23         1.09599e-01    0.00000e+00
    2.11847e+23         1.02832e-01    0.00000e+00
    2.11847e+23         9.51445e-02    0.00000e+00
    2.11847e+23         8.61651e-02    0.00000e+00
    2.11847e+23         8.06909e-02    0.00000e+00
    2.11847e+23         7.44488e-02    0.00000e+00
    2.11847e+23         6.71160e-02    0.00000e+00
    2.11847e+23         6.26047e-02    0.00000e+00
    2.11847e+23         5.74199e-02    0.00000e+00
    2.11847e+23         5.43381e-02    0.00000e+00
    2.11847e+23         5.08969e-02    0.00000e+00
    2.11847e+23         4.69746e-02    0.00000e+00
    2.11847e+23         4.23699e-02    0.00000e+00
    2.11847e+23         3.95400e-02    0.00000e+00
    2.11847e+23         3.62905e-02    0.00000e+00
    2.11847e+23         3.43617e-02    0.00000e+00
    2.11847e+23         3.22104e-02    0.00000e+00
    2.11847e+23         2.97620e-02    0.00000e+00
    2.11847e+23         2.68943e-02    0.00000e+00
    2.11847e+23         2.51384e-02    0.00000e+00
    2.11847e+23         2.31285e-02    0.00000e+00
    2.11847e+23         2.19414e-02    0.00000e+00
    2.11847e+23         2.06223e-02    0.00000e+00
    2.11847e+23         1.91291e-02    0.00000e+00
    2.11847e+23         1.73936e-02    0.00000e+00
    2.11847e+23         1.63441e-02    0.00000e+00
    2.11847e+23         1.51554e-02    0.00000e+00
    2.11847e+23         1.37730e-02    0.00000e+00
    2.11847e+23         1.29361e-02    0.00000e+00
    2.11847e+23         1.19874e-02    0.00000e+00
    2.11847e+23         1.08826e-02    0.00000e+00
    2.11847e+23         1.02123e-02    0.00000e+00
    2.11847e+23         9.45117e-03    0.00000e+00
    2.11847e+23         8.56250e-03    0.00000e+00
    2.11847e+23         8.02114e-03    0.00000e+00
    2.11847e+23         7.40425e-03    0.00000e+00
    2.11847e+23         6.68028e-03    0.00000e+00
    2.11847e+23         6.23559e-03    0.00000e+00
    2.11847e+23         5.72520e-03    0.00000e+00
    2.11847e+23         5.42248e-03    0.00000e+00
    2.11847e+23         5.08502e-03    0.00000e+00
    2.11847e+23         4.70128e-03    0.00000e+00
    2.11847e+23         4.25233e-03    0.00000e+00
    2.11847e+23         3.97796e-03    0.00000e+00
    2.11847e+23         3.66444e-03    0.00000e+00
    2.11847e+23         3.47970e-03    0.00000e+00
    2.11847e+23         3.27483e-03    0.00000e+00
    2.11847e+23         3.04353e-03    0.00000e+00
    2.11847e+23         2.77573e-03    0.00000e+00
    2.11847e+23         2.61475e-03    0.00000e+00
    2.11847e+23         2.43334e-03    0.00000e+00
    2.11847e+23         2.22386e-03    0.00000e+00
    2.11847e+23         2.09846e-03    0.00000e+00
    2.11847e+23         1.95763e-03    0.00000e+00
    2.11847e+23         1.79581e-03    0.00000e+00
    2.11847e+23         1.69966e-03    0.00000e+00
    2.11847e+23         1.59232e-03    0.00000e+00
    2.11847e+23         1.47003e-03    0.00000e+00
    2.11847e+23         1.32654e-03    0.00000e+00
    2.11847e+23         1.23843e-03    0.00000e+00
    2.11847e+23         1.13734e-03    0.00000e+00
    2.11847e+23         1.07742e-03    0.00000e+00
    2.11847e+23         1.01064e-03    0.00000e+00
    2.11847e+23         9.34740e-04    0.00000e+00
    2.11847e+23         8.46018e-04    0.00000e+00
    2.11847e+23         7.91865e-04    0.00000e+00
    2.11847e+23         7.30052e-04    0.00000e+00
    2.11847e+23         6.57328e-04    0.00000e+00
    2.11847e+23         6.12476e-04    0.00000e+00
    2.11847e+23         5.60813e-04    0.00000e+00
    2.11847e+23         5.30004e-04    0.00000e+00
    2.11847e+23         4.95508e-04    0.00000e+00
    2.11847e+23         4.56042e-04    0.00000e+00
    2.11847e+23         4.32746e-04    0.00000e+00
    2.11847e+23         4.06874e-04    0.00000e+00
    2.11847e+23         3.77608e-04    0.00000e+00
    2.11847e+23         3.43629e-04    0.00000e+00
    2.11847e+23         3.23113e-04    0.00000e+00
    2.11847e+23         2.99910e-04    0.00000e+00
    2.11847e+23         2.72977e-04    0.00000e+00
    2.11847e+23         2.56722e-04    0.00000e+00
    2.11847e+23         2.38344e-04    0.00000e+00
    2.11847e+23         2.17022e-04    0.00000e+00
    2.11847e+23         2.04163e-04    0.00000e+00
    2.11847e+23         1.89634e-04    0.00000e+00
    2.11847e+23         1.72792e-04    0.00000e+00
    2.11847e+23         1.62650e-04    0.00000e+00
    2.11847e+23         1.51204e-04    0.00000e+00
    2.11847e+23         1.37959e-04    0.00000e+00
    2.11847e+23         1.30004e-04    0.00000e+00
    2.11847e+23         1.21046e-04    0.00000e+00
    2.11847e+23         1.10713e-04    0.00000e+00
    2.11847e+23         1.04536e-04    0.00000e+00
    2.11847e+23         9.76089e-05    0.00000e+00
    2.11847e+23         8.96632e-05    0.00000e+00
    2.11847e+23         8.49550e-05    0.00000e+00
    2.11847e+23         7.97105e-05    0.00000e+00
    2.11847e+23         7.37532e-05    0.00000e+00
    2.11847e+23         6.67946e-05    0.00000e+00
    2.11847e+23         6.25526e-05    0.00000e+00
    2.11847e+23         5.77157e-05    0.00000e+00
    2.11847e+23         5.20342e-05    0.00000e+00
    2.11847e+23         4.85392e-05    0.00000e+00
    2.11847e+23         4.45228e-05    0.00000e+00
    2.11847e+23         4.21360e-05    0.00000e+00
    2.11847e+23         3.94710e-05    0.00000e+00
    2.11847e+23         3.64341e-05    0.00000e+00
    2.11847e+23         3.28698e-05    0.00000e+00
    2.11847e+23         3.06802e-05    0.00000e+00
    2.11847e+23         2.81668e-05    0.00000e+00
    2.11847e+23         2.66759e-05    0.00000e+00
    2.11847e+23         2.50137e-05    0.00000e+00


