              t                   M              a
    1.23833e-21         1.00000e+17    8.00000e-01
    2.47665e-21         1.00000e+17    8.00000e-01
    4.95331e-21         1.00000e+17    8.00000e-01
    9.90662e-21         1.00000e+17    8.00000e-01
    1.98132e-20         1.00000e+17    8.00000e-01
    3.96265e-20         1.00000e+17    8.00000e-01
    7.92530e-20         1.00000e+17    8.00000e-01
    1.58506e-19         1.00000e+17    8.00000e-01
    3.17012e-19         1.00000e+17    8.00000e-01
    6.34024e-19         1.00000e+17    8.00000e-01
    1.26805e-18         1.00000e+17    8.00000e-01
    2.53609e-18         1.00000e+17    8.00000e-01
    5.07219e-18         1.00000e+17    8.00000e-01
    1.01444e-17         1.00000e+17    8.00000e-01
    2.02888e-17         1.00000e+17    8.00000e-01
    4.05775e-17         1.00000e+17    8.00000e-01
    8.11550e-17         1.00000e+17    8.00000e-01
    1.62310e-16         1.00000e+17    8.00000e-01
    3.24620e-16         1.00000e+17    8.00000e-01
    6.49240e-16         1.00000e+17    8.00000e-01
    1.29848e-15         1.00000e+17    8.00000e-01
    2.59696e-15         1.00000e+17    8.00000e-01
    5.19392e-15         1.00000e+17    8.00000e-01
    1.03878e-14         1.00000e+17    8.00000e-01
    2.07757e-14         1.00000e+17    8.00000e-01
    4.15514e-14         1.00000e+17    8.00000e-01
    8.31027e-14         1.00000e+17    8.00000e-01
    1.66205e-13         1.00000e+17    8.00000e-01
    3.32411e-13         1.00000e+17    8.00000e-01
    6.64822e-13         1.00000e+17    8.00000e-01
    1.32964e-12         1.00000e+17    8.00000e-01
    2.65929e-12         1.00000e+17    8.00000e-01
    5.31858e-12         1.00000e+17    8.00000e-01
    1.06372e-11         1.00000e+17    8.00000e-01
    2.12743e-11         1.00000e+17    8.00000e-01
    4.25486e-11         1.00000e+17    8.00000e-01
    8.50972e-11         1.00000e+17    8.00000e-01
    1.70194e-10         1.00000e+17    8.00000e-01
    3.40389e-10         1.00000e+17    8.00000e-01
    6.80778e-10         1.00000e+17    8.00000e-01
    1.36156e-09         1.00000e+17    8.00000e-01
    2.72311e-09         1.00000e+17    8.00000e-01
    5.44622e-09         1.00000e+17    8.00000e-01
    1.08924e-08         1.00000e+17    8.00000e-01
    2.17849e-08         1.00000e+17    8.00000e-01
    4.35698e-08         1.00000e+17    8.00000e-01
    8.71395e-08         1.00000e+17    8.00000e-01
    1.74279e-07         1.00000e+17    8.00000e-01
    3.48558e-07         1.00000e+17    8.00000e-01
    6.97116e-07         1.00000e+17    8.00000e-01
    1.39423e-06         1.00000e+17    8.00000e-01
    2.78847e-06         1.00000e+17    8.00000e-01
    5.57693e-06         1.00000e+17    8.00000e-01
    1.11539e-05         1.00000e+17    8.00000e-01
    2.23077e-05         1.00000e+17    8.00000e-01
    4.46154e-05         1.00000e+17    8.00000e-01
    8.92309e-05         1.00000e+17    8.00000e-01
    1.78462e-04         1.00000e+17    8.00000e-01
    3.56924e-04         1.00000e+17    8.00000e-01
    7.13847e-04         1.00000e+17    8.00000e-01
    1.42769e-03         1.00000e+17    8.00000e-01
    2.85539e-03         1.00000e+17    8.00000e-01
    5.71078e-03         1.00000e+17    8.00000e-01
    1.14216e-02         1.00000e+17    8.00000e-01
    2.28431e-02         1.00000e+17    8.00000e-01
    4.56862e-02         1.00000e+17    8.00000e-01
    9.13724e-02         1.00000e+17    8.00000e-01
    1.82745e-01         1.00000e+17    8.00000e-01
    3.65490e-01         1.00000e+17    8.00000e-01
    7.30979e-01         1.00000e+17    8.00000e-01
    1.46196e+00         1.00000e+17    8.00000e-01
    2.92392e+00         1.00000e+17    8.00000e-01
    5.84784e+00         1.00000e+17    8.00000e-01
    1.16957e+01         1.00000e+17    8.00000e-01
    2.33913e+01         1.00000e+17    8.00000e-01
    4.67827e+01         1.00000e+17    8.00000e-01
    9.35654e+01         1.00000e+17    8.00000e-01
    1.87131e+02         1.00000e+17    8.00000e-01
    3.74261e+02         1.00000e+17    8.00000e-01
    7.48523e+02         1.00000e+17    8.00000e-01
    1.49705e+03         1.00000e+17    8.00000e-01
    2.99409e+03         1.00000e+17    8.00000e-01
    5.98818e+03         1.00000e+17    8.00000e-01
    1.19764e+04         1.00000e+17    8.00000e-01
    2.39527e+04         1.00000e+17    8.00000e-01
    4.79055e+04         1.00000e+17    8.00000e-01
    9.58109e+04         1.00000e+17    8.00000e-01
    1.91622e+05         1.00000e+17    8.00000e-01
    3.83244e+05         1.00000e+17    8.00000e-01
    7.66488e+05         1.00000e+17    8.00000e-01
    1.53298e+06         1.00000e+17    8.00000e-01
    3.06595e+06         1.00000e+17    8.00000e-01
    6.13190e+06         1.00000e+17    8.00000e-01
    1.22638e+07         1.00000e+17    8.00000e-01
    2.45276e+07         1.00000e+17    8.00000e-01
    4.90552e+07         1.00000e+17    8.00000e-01
    9.81104e+07         1.00000e+17    8.00000e-01
    1.96221e+08         1.00000e+17    8.00000e-01
    3.92442e+08         1.00000e+17    8.00000e-01
    7.84883e+08         1.00000e+17    8.00000e-01
    1.56977e+09         1.00000e+17    8.00000e-01
    3.13953e+09         1.00000e+17    8.00000e-01
    6.27907e+09         1.00000e+17    8.00000e-01
    1.25581e+10         1.00000e+17    8.00000e-01
    2.51163e+10         1.00000e+17    8.00000e-01
    5.02325e+10         1.00000e+17    8.00000e-01
    1.00465e+11         1.00000e+17    8.00000e-01
    2.00930e+11         1.00000e+17    8.00000e-01
    4.01860e+11         1.00000e+17    8.00000e-01
    8.03720e+11         1.00000e+17    8.00000e-01
    1.60744e+12         1.00000e+17    8.00000e-01
    3.21488e+12         1.00000e+17    8.00000e-01
    6.42976e+12         1.00000e+17    8.00000e-01
    1.28595e+13         1.00000e+17    8.00000e-01
    2.57191e+13         1.00000e+17    8.00000e-01
    5.14381e+13         1.00000e+17    8.00000e-01
    1.02876e+14         1.00000e+17    8.00000e-01
    2.05752e+14         1.00000e+17    8.00000e-01
    4.11505e+14         1.00000e+17    8.00000e-01
    8.23010e+14         1.00000e+17    8.00000e-01
    1.64602e+15         1.00000e+17    8.00000e-01
    3.29204e+15         9.99999e+16    7.99999e-01
    6.58408e+15         9.99999e+16    7.99998e-01
    1.31682e+16         9.99998e+16    7.99997e-01
    2.63363e+16         9.99996e+16    7.99994e-01
    5.26726e+16         9.99991e+16    7.99988e-01
    1.05345e+17         9.99983e+16    7.99976e-01
    2.10690e+17         9.99966e+16    7.99952e-01
    4.21381e+17         9.99931e+16    7.99904e-01
    8.42762e+17         9.99863e+16    7.99808e-01
    1.68552e+18         9.99726e+16    7.99615e-01
    3.37105e+18         9.99452e+16    7.99231e-01
    6.74210e+18         9.98905e+16    7.98463e-01
    1.34842e+19         9.97814e+16    7.96934e-01
    2.69684e+19         9.95643e+16    7.93894e-01
    5.39368e+19         9.91347e+16    7.87895e-01
    1.07874e+20         9.82910e+16    7.76154e-01
    1.61810e+20         9.74652e+16    7.64907e-01
    2.15747e+20         9.66569e+16    7.54138e-01
    2.69684e+20         9.58658e+16    7.43821e-01
    3.23621e+20         9.50809e+16    7.33839e-01
    3.77557e+20         9.43058e+16    7.24136e-01
    4.31494e+20         9.35342e+16    7.14787e-01
    4.85431e+20         9.27664e+16    7.05721e-01
    5.39368e+20         9.19965e+16    6.96932e-01
    5.93304e+20         9.12240e+16    6.88413e-01
    6.47241e+20         9.04485e+16    6.80157e-01
    7.01178e+20         8.96694e+16    6.72137e-01
    7.55115e+20         8.88806e+16    6.64347e-01
    8.09051e+20         8.80814e+16    6.56781e-01
    8.62988e+20         8.72711e+16    6.49433e-01
    9.16925e+20         8.64495e+16    6.42294e-01
    9.70862e+20         8.56167e+16    6.35311e-01
    1.02480e+21         8.47695e+16    6.28483e-01
    1.07874e+21         8.39068e+16    6.21808e-01
    1.13267e+21         8.30279e+16    6.15283e-01
    1.18661e+21         8.21314e+16    6.08906e-01
    1.24055e+21         8.12167e+16    6.02669e-01
    1.29448e+21         8.02776e+16    5.96594e-01
    1.34842e+21         7.93086e+16    5.90728e-01
    1.40236e+21         7.83142e+16    5.84985e-01
    1.45629e+21         7.72929e+16    5.79364e-01
    1.51023e+21         7.62424e+16    5.73863e-01
    1.56417e+21         7.51607e+16    5.68483e-01
    1.61810e+21         7.40474e+16    5.63158e-01
    1.67204e+21         7.28950e+16    5.57947e-01
    1.72598e+21         7.17016e+16    5.52826e-01
    1.77991e+21         7.04624e+16    5.47819e-01
    1.83385e+21         6.91729e+16    5.42928e-01
    1.88779e+21         6.78278e+16    5.38158e-01
    1.94172e+21         6.64208e+16    5.33518e-01
    1.99566e+21         6.49564e+16    5.28821e-01
    2.04960e+21         6.34133e+16    5.24265e-01
    2.10353e+21         6.17811e+16    5.19863e-01
    2.15747e+21         6.00481e+16    5.15612e-01
    2.21141e+21         5.81990e+16    5.11526e-01
    2.26534e+21         5.62140e+16    5.07630e-01
    2.31928e+21         5.40687e+16    5.03936e-01
    2.37322e+21         5.17357e+16    5.00377e-01
    2.42715e+21         4.91697e+16    4.97013e-01
    2.48109e+21         4.63024e+16    4.93954e-01
    2.53503e+21         4.30355e+16    4.91343e-01
    2.58896e+21         3.92247e+16    4.89104e-01
    2.61593e+21         3.69119e+16    4.88294e-01
    2.64290e+21         3.42864e+16    4.87757e-01
    2.66987e+21         3.12277e+16    4.87583e-01
    2.68335e+21         2.93757e+16    4.87726e-01
    2.69684e+21         2.72770e+16    4.88055e-01
    2.71032e+21         2.48375e+16    4.88586e-01
    2.71706e+21         2.33623e+16    4.89022e-01
    2.72381e+21         2.16923e+16    4.89584e-01
    2.73055e+21         1.97536e+16    4.90263e-01
    2.73392e+21         1.85828e+16    4.90711e-01
    2.73729e+21         1.72588e+16    4.91250e-01
    2.74066e+21         1.57229e+16    4.91878e-01
    2.74235e+21         1.47970e+16    4.92254e-01
    2.74403e+21         1.37512e+16    4.92680e-01
    2.74572e+21         1.25397e+16    4.93167e-01
    2.74656e+21         1.18110e+16    4.93453e-01
    2.74740e+21         1.09894e+16    4.93760e-01
    2.74825e+21         1.00401e+16    4.94097e-01
    2.74867e+21         9.47129e+15    4.94289e-01
    2.74909e+21         8.83203e+15    4.94491e-01
    2.74951e+21         8.09679e+15    4.94713e-01
    2.74972e+21         7.65932e+15    4.94832e-01
    2.74993e+21         7.17041e+15    4.94958e-01
    2.75014e+21         6.61252e+15    4.95096e-01
    2.75035e+21         5.95649e+15    4.95243e-01
    2.75046e+21         5.55222e+15    4.95323e-01
    2.75056e+21         5.08691e+15    4.95409e-01
    2.75062e+21         4.80975e+15    4.95456e-01
    2.75067e+21         4.49971e+15    4.95505e-01
    2.75072e+21         4.14547e+15    4.95556e-01
    2.75075e+21         3.93679e+15    4.95584e-01
    2.75078e+21         3.70539e+15    4.95614e-01
    2.75080e+21         3.44419e+15    4.95645e-01
    2.75083e+21         3.14186e+15    4.95678e-01
    2.75084e+21         2.96021e+15    4.95695e-01
    2.75085e+21         2.75557e+15    4.95714e-01
    2.75087e+21         2.51942e+15    4.95734e-01
    2.75087e+21         2.37817e+15    4.95744e-01
    2.75088e+21         2.21964e+15    4.95755e-01
    2.75089e+21         2.03766e+15    4.95767e-01
    2.75089e+21         1.92969e+15    4.95773e-01
    2.75089e+21         1.80930e+15    4.95779e-01
    2.75090e+21         1.67235e+15    4.95784e-01
    2.75090e+21         1.51206e+15    4.95789e-01
    2.75090e+21         1.41402e+15    4.95790e-01
    2.75090e+21         1.30191e+15    4.95789e-01
    2.75090e+21         1.23578e+15    4.95786e-01
    2.75091e+21         1.16239e+15    4.95780e-01
    2.75091e+21         1.07943e+15    4.95770e-01
    2.75091e+21         9.83232e+14    4.95752e-01
    2.75091e+21         9.25256e+14    4.95737e-01
    2.75091e+21         8.59786e+14    4.95717e-01
    2.75091e+21         7.83962e+14    4.95690e-01
    2.75091e+21         7.38358e+14    4.95670e-01
    2.75091e+21         6.86944e+14    4.95642e-01
    2.75091e+21         6.27538e+14    4.95599e-01
    2.75091e+21         5.91939e+14    4.95562e-01
    2.75091e+21         5.51926e+14    4.95516e-01
    2.75091e+21         5.05894e+14    4.95449e-01
    2.75091e+21         4.78493e+14    4.95394e-01
    2.75091e+21         4.47860e+14    4.95322e-01
    2.75091e+21         4.12886e+14    4.95218e-01
    2.75091e+21         3.71729e+14    4.95067e-01
    2.75091e+21         3.46332e+14    4.94934e-01
    2.75091e+21         3.17068e+14    4.94744e-01
    2.75091e+21         2.99607e+14    4.94613e-01
    2.75091e+21         2.80050e+14    4.94458e-01
    2.75091e+21         2.57664e+14    4.94264e-01
    2.75091e+21         2.44439e+14    4.94142e-01
    2.75091e+21         2.29745e+14    4.94003e-01
    2.75091e+21         2.13110e+14    4.93844e-01
    2.75091e+21         1.93776e+14    4.93657e-01
    2.75091e+21         1.82083e+14    4.93544e-01
    2.75091e+21         1.68840e+14    4.93414e-01
    2.75091e+21         1.53437e+14    4.93267e-01
    2.75091e+21         1.44112e+14    4.93179e-01
    2.75091e+21         1.33541e+14    4.93079e-01
    2.75091e+21         1.21229e+14    4.92965e-01
    2.75091e+21         1.13760e+14    4.92897e-01
    2.75091e+21         1.05277e+14    4.92821e-01
    2.75091e+21         9.53715e+13    4.92731e-01
    2.75091e+21         8.93364e+13    4.92675e-01
    2.75091e+21         8.24582e+13    4.92611e-01
    2.75091e+21         7.43844e+13    4.92533e-01
    2.75091e+21         6.94234e+13    4.92482e-01
    2.75091e+21         6.37278e+13    4.92422e-01
    2.75091e+21         6.03480e+13    4.92386e-01
    2.75091e+21         5.65790e+13    4.92343e-01
    2.75091e+21         5.22908e+13    4.92292e-01
    2.75091e+21         4.72700e+13    4.92227e-01
    2.75091e+21         4.41976e+13    4.92181e-01
    2.75091e+21         4.06829e+13    4.92122e-01
    2.75091e+21         3.86085e+13    4.92080e-01
    2.75091e+21         3.63050e+13    4.92031e-01
    2.75091e+21         3.36997e+13    4.91967e-01
    2.75091e+21         3.06757e+13    4.91883e-01
    2.75091e+21         2.88506e+13    4.91823e-01
    2.75091e+21         2.67872e+13    4.91747e-01
    2.75091e+21         2.43933e+13    4.91648e-01
    2.75091e+21         2.29499e+13    4.91582e-01
    2.75091e+21         2.13190e+13    4.91502e-01
    2.75091e+21         1.94289e+13    4.91404e-01
    2.75091e+21         1.82910e+13    4.91341e-01
    2.75091e+21         1.70070e+13    4.91268e-01
    2.75091e+21         1.55217e+13    4.91180e-01
    2.75091e+21         1.46300e+13    4.91122e-01
    2.75091e+21         1.36262e+13    4.91052e-01
    2.75091e+21         1.24690e+13    4.90968e-01
    2.75091e+21         1.17779e+13    4.90910e-01
    2.75091e+21         1.10033e+13    4.90841e-01
    2.75091e+21         1.01158e+13    4.90754e-01
    2.75091e+21         9.59064e+12    4.90698e-01
    2.75091e+21         9.00642e+12    4.90635e-01
    2.75091e+21         8.34391e+12    4.90559e-01
    2.75091e+21         7.57198e+12    4.90466e-01
    2.75091e+21         7.10328e+12    4.90408e-01
    2.75091e+21         6.57068e+12    4.90340e-01
    2.75091e+21         5.94823e+12    4.90260e-01
    2.75091e+21         5.56845e+12    4.90211e-01
    2.75091e+21         5.13509e+12    4.90155e-01
    2.75091e+21         4.62550e+12    4.90090e-01
    2.75091e+21         4.31146e+12    4.90050e-01
    2.75091e+21         3.95001e+12    4.90004e-01
    2.75091e+21         3.73470e+12    4.89978e-01
    2.75091e+21         3.49384e+12    4.89948e-01
    2.75091e+21         3.21863e+12    4.89916e-01
    2.75091e+21         3.05648e+12    4.89897e-01
    2.75091e+21         2.87668e+12    4.89876e-01
    2.75091e+21         2.67369e+12    4.89854e-01
    2.75091e+21         2.43871e+12    4.89828e-01
    2.75091e+21         2.29749e+12    4.89813e-01
    2.75091e+21         2.13837e+12    4.89796e-01
    2.75091e+21         1.95470e+12    4.89777e-01
    2.75091e+21         1.84479e+12    4.89765e-01
    2.75091e+21         1.72139e+12    4.89751e-01
    2.75091e+21         1.57966e+12    4.89734e-01
    2.75091e+21         1.49551e+12    4.89723e-01
    2.75091e+21         1.40163e+12    4.89709e-01
    2.75091e+21         1.29474e+12    4.89693e-01
    2.75091e+21         1.16947e+12    4.89670e-01
    2.75091e+21         1.09270e+12    4.89653e-01
    2.75091e+21         1.00476e+12    4.89626e-01
    2.75091e+21         9.52745e+11    4.89602e-01
    2.75091e+21         8.94897e+11    4.89569e-01
    2.75091e+21         8.29323e+11    4.89521e-01
    2.75091e+21         7.52963e+11    4.89448e-01
    2.75091e+21         7.06641e+11    4.89390e-01
    2.75091e+21         6.54044e+11    4.89315e-01
    2.75091e+21         5.92643e+11    4.89215e-01
    2.75091e+21         5.55247e+11    4.89144e-01
    2.75091e+21         5.12644e+11    4.89060e-01
    2.75091e+21         4.62663e+11    4.88957e-01
    2.75091e+21         4.31979e+11    4.88890e-01
    2.75091e+21         3.96779e+11    4.88811e-01
    2.75091e+21         3.75916e+11    4.88763e-01
    2.75091e+21         3.52672e+11    4.88707e-01
    2.75091e+21         3.26261e+11    4.88639e-01
    2.75091e+21         2.95397e+11    4.88551e-01
    2.75091e+21         2.76569e+11    4.88489e-01
    2.75091e+21         2.55089e+11    4.88414e-01
    2.75091e+21         2.29837e+11    4.88318e-01
    2.75091e+21         2.14282e+11    4.88252e-01
    2.75091e+21         1.96387e+11    4.88174e-01
    2.75091e+21         1.85733e+11    4.88125e-01
    2.75091e+21         1.73823e+11    4.88069e-01
    2.75091e+21         1.60223e+11    4.88005e-01
    2.75091e+21         1.44217e+11    4.87928e-01
    2.75091e+21         1.34338e+11    4.87880e-01
    2.75091e+21         1.22953e+11    4.87824e-01
    2.75091e+21         1.16157e+11    4.87791e-01
    2.75091e+21         1.08543e+11    4.87754e-01
    2.75091e+21         9.98234e+10    4.87713e-01
    2.75091e+21         9.46684e+10    4.87689e-01
    2.75091e+21         8.89368e+10    4.87663e-01
    2.75091e+21         8.24425e+10    4.87633e-01
    2.75091e+21         7.48848e+10    4.87600e-01
    2.75091e+21         7.03046e+10    4.87581e-01
    2.75091e+21         6.51082e+10    4.87559e-01
    2.75091e+21         5.90493e+10    4.87534e-01
    2.75091e+21         5.53662e+10    4.87519e-01
    2.75091e+21         5.11768e+10    4.87503e-01
    2.75091e+21         4.62734e+10    4.87485e-01
    2.75091e+21         4.32746e+10    4.87475e-01
    2.75091e+21         3.98458e+10    4.87463e-01
    2.75091e+21         3.78236e+10    4.87456e-01
    2.75091e+21         3.55795e+10    4.87449e-01
    2.75091e+21         3.30432e+10    4.87441e-01
    2.75091e+21         3.01028e+10    4.87432e-01
    2.75091e+21         2.83313e+10    4.87427e-01
    2.75091e+21         2.63313e+10    4.87422e-01
    2.75091e+21         2.40160e+10    4.87415e-01
    2.75091e+21         2.26244e+10    4.87412e-01
    2.75091e+21         2.10563e+10    4.87408e-01
    2.75091e+21         1.92459e+10    4.87404e-01
    2.75091e+21         1.81625e+10    4.87402e-01
    2.75091e+21         1.69459e+10    4.87399e-01
    2.75091e+21         1.55483e+10    4.87396e-01
    2.75091e+21         1.47183e+10    4.87394e-01
    2.75091e+21         1.37920e+10    4.87393e-01
    2.75091e+21         1.27371e+10    4.87391e-01
    2.75091e+21         1.15002e+10    4.87388e-01
    2.75091e+21         1.07416e+10    4.87387e-01
    2.75091e+21         9.87202e+09    4.87386e-01
    2.75091e+21         9.35727e+09    4.87385e-01
    2.75091e+21         8.78433e+09    4.87384e-01
    2.75091e+21         8.13422e+09    4.87384e-01
    2.75091e+21         7.37604e+09    4.87383e-01
    2.75091e+21         6.91501e+09    4.87382e-01
    2.75091e+21         6.39046e+09    4.87381e-01
    2.75091e+21         5.77626e+09    4.87381e-01
    2.75091e+21         5.40037e+09    4.87380e-01
    2.75091e+21         4.97034e+09    4.87380e-01
    2.75091e+21         4.71651e+09    4.87380e-01
    2.75091e+21         4.43463e+09    4.87379e-01
    2.75091e+21         4.11577e+09    4.87379e-01
    2.75091e+21         3.74559e+09    4.87379e-01
    2.75091e+21         3.52210e+09    4.87379e-01
    2.75091e+21         3.26936e+09    4.87379e-01
    2.75091e+21         2.97603e+09    4.87378e-01
    2.75091e+21         2.79902e+09    4.87378e-01
    2.75091e+21         2.59893e+09    4.87378e-01
    2.75091e+21         2.36683e+09    4.87378e-01
    2.75091e+21         2.22691e+09    4.87378e-01
    2.75091e+21         2.06884e+09    4.87378e-01
    2.75091e+21         1.88571e+09    4.87378e-01
    2.75091e+21         1.77549e+09    4.87378e-01
    2.75091e+21         1.65117e+09    4.87378e-01
    2.75091e+21         1.50742e+09    4.87378e-01
    2.75091e+21         1.42118e+09    4.87378e-01
    2.75091e+21         1.32416e+09    4.87378e-01
    2.75091e+21         1.21240e+09    4.87378e-01
    2.75091e+21         1.14574e+09    4.87377e-01
    2.75091e+21         1.07110e+09    4.87377e-01
    2.75091e+21         9.85701e+08    4.87377e-01
    2.75091e+21         9.35280e+08    4.87377e-01
    2.75091e+21         8.79275e+08    4.87377e-01
    2.75091e+21         8.15909e+08    4.87377e-01
    2.75091e+21         7.42319e+08    4.87377e-01
    2.75091e+21         6.97866e+08    4.87377e-01
    2.75091e+21         6.47571e+08    4.87377e-01
    2.75091e+21         5.89159e+08    4.87377e-01
    2.75091e+21         5.53875e+08    4.87377e-01
    2.75091e+21         5.13952e+08    4.87377e-01
    2.75091e+21         4.67585e+08    4.87377e-01
    2.75091e+21         4.39577e+08    4.87377e-01
    2.75091e+21         4.07885e+08    4.87377e-01
    2.75091e+21         3.71077e+08    4.87377e-01
    2.75091e+21         3.48841e+08    4.87377e-01
    2.75091e+21         3.23680e+08    4.87377e-01
    2.75091e+21         2.94455e+08    4.87377e-01
    2.75091e+21         2.76798e+08    4.87377e-01
    2.75091e+21         2.56816e+08    4.87377e-01
    2.75091e+21         2.33604e+08    4.87377e-01
    2.75091e+21         2.19577e+08    4.87377e-01
    2.75091e+21         2.03701e+08    4.87377e-01
    2.75091e+21         1.85253e+08    4.87377e-01
    2.75091e+21         1.74101e+08    4.87377e-01
    2.75091e+21         1.61474e+08    4.87377e-01
    2.75091e+21         1.46795e+08    4.87377e-01
    2.75091e+21         1.37915e+08    4.87377e-01
    2.75091e+21         1.27854e+08    4.87377e-01
    2.75091e+21         1.16147e+08    4.87377e-01
    2.75091e+21         1.09054e+08    4.87377e-01
    2.75091e+21         1.01008e+08    4.87377e-01
    2.75091e+21         9.16301e+07    4.87377e-01
    2.75091e+21         8.59320e+07    4.87377e-01
    2.75091e+21         7.94532e+07    4.87377e-01
    2.75091e+21         7.18747e+07    4.87377e-01
    2.75091e+21         6.72442e+07    4.87377e-01
    2.75091e+21         6.19541e+07    4.87377e-01
    2.75091e+21         5.88380e+07    4.87377e-01
    2.75091e+21         5.53832e+07    4.87377e-01
    2.75091e+21         5.14839e+07    4.87377e-01
    2.75091e+21         4.69715e+07    4.87377e-01
    2.75091e+21         4.42610e+07    4.87377e-01
    2.75091e+21         4.12084e+07    4.87377e-01
    2.75091e+21         3.76867e+07    4.87377e-01
    2.75091e+21         3.55815e+07    4.87377e-01
    2.75091e+21         3.32197e+07    4.87377e-01
    2.75091e+21         3.05102e+07    4.87377e-01
    2.75091e+21         2.89041e+07    4.87377e-01
    2.75091e+21         2.71146e+07    4.87377e-01
    2.75091e+21         2.50810e+07    4.87377e-01
    2.75091e+21         2.27044e+07    4.87377e-01
    2.75091e+21         2.12543e+07    4.87377e-01
    2.75091e+21         1.95995e+07    4.87377e-01
    2.75091e+21         1.76535e+07    4.87377e-01
    2.75091e+21         1.64542e+07    4.87377e-01
    2.75091e+21         1.50737e+07    4.87377e-01
    2.75091e+21         1.42512e+07    4.87377e-01
    2.75091e+21         1.33311e+07    4.87377e-01
    2.75091e+21         1.22795e+07    4.87377e-01
    2.75091e+21         1.16598e+07    4.87377e-01
    2.75091e+21         1.09725e+07    4.87377e-01
    2.75091e+21         1.01964e+07    4.87377e-01
    2.75091e+21         9.29764e+06    4.87377e-01
    2.75091e+21         8.75718e+06    4.87377e-01
    2.75091e+21         8.14796e+06    4.87377e-01
    2.75091e+21         7.44423e+06    4.87377e-01
    2.75091e+21         7.02269e+06    4.87377e-01
    2.75091e+21         6.54903e+06    4.87377e-01
    2.75091e+21         6.00437e+06    4.87377e-01
    2.75091e+21         5.68040e+06    4.87377e-01
    2.75091e+21         5.31841e+06    4.87377e-01
    2.75091e+21         4.90548e+06    4.87377e-01
    2.75091e+21         4.42010e+06    4.87377e-01
    2.75091e+21         4.12118e+06    4.87377e-01
    2.75091e+21         3.77733e+06    4.87377e-01
    2.75091e+21         3.57267e+06    4.87377e-01
    2.75091e+21         3.34390e+06    4.87377e-01
    2.75091e+21         3.08276e+06    4.87377e-01
    2.75091e+21         2.77550e+06    4.87377e-01
    2.75091e+21         2.58597e+06    4.87377e-01
    2.75091e+21         2.36764e+06    4.87377e-01
    2.75091e+21         2.23742e+06    4.87377e-01
    2.75091e+21         2.09159e+06    4.87377e-01
    2.75091e+21         1.92473e+06    4.87377e-01
    2.75091e+21         1.82620e+06    4.87377e-01
    2.75091e+21         1.71675e+06    4.87377e-01
    2.75091e+21         1.59291e+06    4.87377e-01
    2.75091e+21         1.44906e+06    4.87377e-01
    2.75091e+21         1.36214e+06    4.87377e-01
    2.75091e+21         1.26378e+06    4.87377e-01
    2.75091e+21         1.14951e+06    4.87377e-01
    2.75091e+21         1.08045e+06    4.87377e-01
    2.75091e+21         1.00229e+06    4.87377e-01
    2.75091e+21         9.11453e+05    4.87377e-01
    2.75091e+21         8.56532e+05    4.87377e-01
    2.75091e+21         7.94342e+05    4.87377e-01
    2.75091e+21         7.22034e+05    4.87377e-01
    2.75091e+21         6.78275e+05    4.87377e-01
    2.75091e+21         6.28689e+05    4.87377e-01
    2.75091e+21         5.70972e+05    4.87377e-01
    2.75091e+21         5.35984e+05    4.87377e-01
    2.75091e+21         4.96279e+05    4.87377e-01
    2.75091e+21         4.49967e+05    4.87377e-01
    2.75091e+21         4.21799e+05    4.87377e-01
    2.75091e+21         3.89744e+05    4.87377e-01
    2.75091e+21         3.52198e+05    4.87377e-01
    2.75091e+21         3.29209e+05    4.87377e-01
    2.75091e+21         3.02898e+05    4.87377e-01
    2.75091e+21         2.87358e+05    4.87377e-01
    2.75091e+21         2.70091e+05    4.87377e-01
    2.75091e+21         2.50546e+05    4.87377e-01
    2.75091e+21         2.27833e+05    4.87377e-01
    2.75091e+21         2.14099e+05    4.87377e-01
    2.75091e+21         1.98547e+05    4.87377e-01
    2.75091e+21         1.80462e+05    4.87377e-01
    2.75091e+21         1.69517e+05    4.87377e-01
    2.75091e+21         1.57113e+05    4.87377e-01
    2.75091e+21         1.42673e+05    4.87377e-01
    2.75091e+21         1.33917e+05    4.87377e-01
    2.75091e+21         1.23979e+05    4.87377e-01
    2.75091e+21         1.12384e+05    4.87377e-01
    2.75091e+21         1.05329e+05    4.87377e-01
    2.75091e+21         9.72968e+04    4.87377e-01
    2.75091e+21         8.78835e+04    4.87377e-01
    2.75091e+21         8.21147e+04    4.87377e-01
    2.75091e+21         7.55067e+04    4.87377e-01
    2.75091e+21         7.15992e+04    4.87377e-01
    2.75091e+21         6.72535e+04    4.87377e-01
    2.75091e+21         6.23280e+04    4.87377e-01
    2.75091e+21         5.65934e+04    4.87377e-01
    2.75091e+21         5.31155e+04    4.87377e-01
    2.75091e+21         4.91672e+04    4.87377e-01
    2.75091e+21         4.45594e+04    4.87377e-01
    2.75091e+21         4.17544e+04    4.87377e-01
    2.75091e+21         3.85599e+04    4.87377e-01
    2.75091e+21         3.48141e+04    4.87377e-01
    2.75091e+21         3.25164e+04    4.87377e-01
    2.75091e+21         2.98827e+04    4.87377e-01
    2.75091e+21         2.83234e+04    4.87377e-01
    2.75091e+21         2.65877e+04    4.87377e-01
    2.75091e+21         2.46181e+04    4.87377e-01
    2.75091e+21         2.23206e+04    4.87377e-01
    2.75091e+21         2.09232e+04    4.87377e-01
    2.75091e+21         1.93330e+04    4.87377e-01
    2.75091e+21         1.74703e+04    4.87377e-01
    2.75091e+21         1.63299e+04    4.87377e-01
    2.75091e+21         1.50245e+04    4.87377e-01
    2.75091e+21         1.42535e+04    4.87377e-01
    2.75091e+21         1.33968e+04    4.87377e-01
    2.75091e+21         1.24270e+04    4.87377e-01
    2.75091e+21         1.13000e+04    4.87377e-01
    2.75091e+21         1.06185e+04    4.87377e-01
    2.75091e+21         9.84665e+03    4.87377e-01
    2.75091e+21         8.94911e+03    4.87377e-01
    2.75091e+21         8.40580e+03    4.87377e-01
    2.75091e+21         7.78998e+03    4.87377e-01
    2.75091e+21         7.07296e+03    4.87377e-01
    2.75091e+21         6.63808e+03    4.87377e-01
    2.75091e+21         6.14435e+03    4.87377e-01
    2.75091e+21         5.56808e+03    4.87377e-01
    2.75091e+21         5.21722e+03    4.87377e-01
    2.75091e+21         4.81758e+03    4.87377e-01
    2.75091e+21         4.34888e+03    4.87377e-01
    2.75091e+21         4.06130e+03    4.87377e-01
    2.75091e+21         3.73155e+03    4.87377e-01
    2.75091e+21         3.53625e+03    4.87377e-01
    2.75091e+21         3.31878e+03    4.87377e-01
    2.75091e+21         3.07188e+03    4.87377e-01
    2.75091e+21         2.78369e+03    4.87377e-01
    2.75091e+21         2.60821e+03    4.87377e-01
    2.75091e+21         2.40833e+03    4.87377e-01
    2.75091e+21         2.17389e+03    4.87377e-01
    2.75091e+21         2.03003e+03    4.87377e-01
    2.75091e+21         1.86505e+03    4.87377e-01
    2.75091e+21         1.76733e+03    4.87377e-01
    2.75091e+21         1.65849e+03    4.87377e-01
    2.75091e+21         1.53491e+03    4.87377e-01
    2.75091e+21         1.39062e+03    4.87377e-01
    2.75091e+21         1.30273e+03    4.87377e-01
    2.75091e+21         1.20258e+03    4.87377e-01
    2.75091e+21         1.08505e+03    4.87377e-01
    2.75091e+21         1.01287e+03    4.87377e-01
    2.75091e+21         9.30029e+02    4.87377e-01
    2.75091e+21         8.80903e+02    4.87377e-01
    2.75091e+21         8.26145e+02    4.87377e-01
    2.75091e+21         7.63887e+02    4.87377e-01
    2.75091e+21         6.91067e+02    4.87377e-01
    2.75091e+21         6.46580e+02    4.87377e-01
    2.75091e+21         5.95760e+02    4.87377e-01
    2.75091e+21         5.65831e+02    4.87377e-01
    2.75091e+21         5.32651e+02    4.87377e-01
    2.75091e+21         4.95209e+02    4.87377e-01
    2.75091e+21         4.51891e+02    4.87377e-01
    2.75091e+21         4.25880e+02    4.87377e-01
    2.75091e+21         3.96595e+02    4.87377e-01
    2.75091e+21         3.62826e+02    4.87377e-01
    2.75091e+21         3.42652e+02    4.87377e-01
    2.75091e+21         3.20033e+02    4.87377e-01
    2.75091e+21         2.94103e+02    4.87377e-01
    2.75091e+21         2.78752e+02    4.87377e-01
    2.75091e+21         2.61662e+02    4.87377e-01
    2.75091e+21         2.42268e+02    4.87377e-01
    2.75091e+21         2.19644e+02    4.87377e-01
    2.75091e+21         2.05882e+02    4.87377e-01
    2.75091e+21         1.90219e+02    4.87377e-01
    2.75091e+21         1.71870e+02    4.87377e-01
    2.75091e+21         1.60631e+02    4.87377e-01
    2.75091e+21         1.47766e+02    4.87377e-01
    2.75091e+21         1.40164e+02    4.87377e-01
    2.75091e+21         1.31715e+02    4.87377e-01
    2.75091e+21         1.22148e+02    4.87377e-01
    2.75091e+21         1.11023e+02    4.87377e-01
    2.75091e+21         1.04290e+02    4.87377e-01
    2.75091e+21         9.66591e+01    4.87377e-01
    2.75091e+21         8.77762e+01    4.87377e-01
    2.75091e+21         8.23904e+01    4.87377e-01
    2.75091e+21         7.62774e+01    4.87377e-01
    2.75091e+21         6.91454e+01    4.87377e-01
    2.75091e+21         6.48058e+01    4.87377e-01
    2.75091e+21         5.98656e+01    4.87377e-01
    2.75091e+21         5.40763e+01    4.87377e-01
    2.75091e+21         5.05288e+01    4.87377e-01
    2.75091e+21         4.64655e+01    4.87377e-01
    2.75091e+21         4.40631e+01    4.87377e-01
    2.75091e+21         4.13915e+01    4.87377e-01
    2.75091e+21         3.83640e+01    4.87377e-01
    2.75091e+21         3.48397e+01    4.87377e-01
    2.75091e+21         3.27030e+01    4.87377e-01
    2.75091e+21         3.02780e+01    4.87377e-01
    2.75091e+21         2.74491e+01    4.87377e-01
    2.75091e+21         2.57280e+01    4.87377e-01
    2.75091e+21         2.37689e+01    4.87377e-01
    2.75091e+21         2.14737e+01    4.87377e-01
    2.75091e+21         2.00676e+01    4.87377e-01
    2.75091e+21         1.84575e+01    4.87377e-01
    2.75091e+21         1.75059e+01    4.87377e-01
    2.75091e+21         1.64481e+01    4.87377e-01
    2.75091e+21         1.52498e+01    4.87377e-01
    2.75091e+21         1.38558e+01    4.87377e-01
    2.75091e+21         1.30114e+01    4.87377e-01
    2.75091e+21         1.20540e+01    4.87377e-01
    2.75091e+21         1.09384e+01    4.87377e-01
    2.75091e+21         1.02610e+01    4.87377e-01
    2.75091e+21         9.49127e+00    4.87377e-01
    2.75091e+21         8.59159e+00    4.87377e-01
    2.75091e+21         8.04261e+00    4.87377e-01
    2.75091e+21         7.41612e+00    4.87377e-01
    2.75091e+21         6.67931e+00    4.87377e-01
    2.75091e+21         6.22515e+00    4.87377e-01
    2.75091e+21         5.70230e+00    4.87377e-01
    2.75091e+21         5.39074e+00    4.87377e-01
    2.75091e+21         5.04212e+00    4.87377e-01
    2.75091e+21         4.64363e+00    4.87377e-01
    2.75091e+21         4.40872e+00    4.87377e-01
    2.75091e+21         4.14811e+00    4.87377e-01
    2.75091e+21         3.85372e+00    4.87377e-01
    2.75091e+21         3.51265e+00    4.87377e-01
    2.75091e+21         3.30738e+00    4.87377e-01
    2.75091e+21         3.07584e+00    4.87377e-01
    2.75091e+21         2.80814e+00    4.87377e-01
    2.75091e+21         2.64755e+00    4.87377e-01
    2.75091e+21         2.46688e+00    4.87377e-01
    2.75091e+21         2.25879e+00    4.87377e-01
    2.75091e+21         2.13469e+00    4.87377e-01
    2.75091e+21         1.99574e+00    4.87377e-01
    2.75091e+21         1.83677e+00    4.87377e-01
    2.75091e+21         1.74293e+00    4.87377e-01
    2.75091e+21         1.63871e+00    4.87377e-01
    2.75091e+21         1.52082e+00    4.87377e-01
    2.75091e+21         1.38394e+00    4.87377e-01
    2.75091e+21         1.30129e+00    4.87377e-01
    2.75091e+21         1.20781e+00    4.87377e-01
    2.75091e+21         1.09930e+00    4.87377e-01
    2.75091e+21         1.03381e+00    4.87377e-01
    2.75091e+21         9.59756e-01    4.87377e-01
    2.75091e+21         8.73832e-01    4.87377e-01
    2.75091e+21         8.22006e-01    4.87377e-01
    2.75091e+21         7.63439e-01    4.87377e-01
    2.75091e+21         6.95541e-01    4.87377e-01
    2.75091e+21         6.54640e-01    4.87377e-01
    2.75091e+21         6.08469e-01    4.87377e-01
    2.75091e+21         5.55025e-01    4.87377e-01
    2.75091e+21         5.22909e-01    4.87377e-01
    2.75091e+21         4.86726e-01    4.87377e-01
    2.75091e+21         4.44965e-01    4.87377e-01
    2.75091e+21         4.19981e-01    4.87377e-01
    2.75091e+21         3.91936e-01    4.87377e-01
    2.75091e+21         3.59733e-01    4.87377e-01
    2.75091e+21         3.40620e-01    4.87377e-01
    2.75091e+21         3.19302e-01    4.87377e-01
    2.75091e+21         2.95043e-01    4.87377e-01
    2.75091e+21         2.66630e-01    4.87377e-01
    2.75091e+21         2.49235e-01    4.87377e-01
    2.75091e+21         2.29326e-01    4.87377e-01
    2.75091e+21         2.17568e-01    4.87377e-01
    2.75091e+21         2.04506e-01    4.87377e-01
    2.75091e+21         1.89721e-01    4.87377e-01
    2.75091e+21         1.72542e-01    4.87377e-01
    2.75091e+21         1.62157e-01    4.87377e-01
    2.75091e+21         1.50399e-01    4.87377e-01
    2.75091e+21         1.36731e-01    4.87377e-01
    2.75091e+21         1.28462e-01    4.87377e-01
    2.75091e+21         1.19095e-01    4.87377e-01
    2.75091e+21         1.08196e-01    4.87377e-01
    2.75091e+21         1.01594e-01    4.87377e-01
    2.75091e+21         9.41053e-02    4.87377e-01
    2.75091e+21         8.53774e-02    4.87377e-01
    2.75091e+21         8.00756e-02    4.87377e-01
    2.75091e+21         7.40486e-02    4.87377e-01
    2.75091e+21         6.70004e-02    4.87377e-01
    2.75091e+21         6.26960e-02    4.87377e-01
    2.75091e+21         5.77801e-02    4.87377e-01
    2.75091e+21         5.48862e-02    4.87377e-01
    2.75091e+21         5.16790e-02    4.87377e-01
    2.75091e+21         4.80615e-02    4.87377e-01
    2.75091e+21         4.38788e-02    4.87377e-01
    2.75091e+21         4.13698e-02    4.87377e-01
    2.75091e+21         3.85472e-02    4.87377e-01
    2.75091e+21         3.52961e-02    4.87377e-01
    2.75091e+21         3.33573e-02    4.87377e-01
    2.75091e+21         3.11866e-02    4.87377e-01
    2.75091e+21         2.87031e-02    4.87377e-01
    2.75091e+21         2.72373e-02    4.87377e-01
    2.75091e+21         2.56093e-02    4.87377e-01
    2.75091e+21         2.37679e-02    4.87377e-01
    2.75091e+21         2.16301e-02    4.87377e-01
    2.75091e+21         2.03394e-02    4.87377e-01
    2.75091e+21         1.88797e-02    4.87377e-01
    2.75091e+21         1.71857e-02    4.87377e-01
    2.75091e+21         1.61634e-02    4.87377e-01
    2.75091e+21         1.50077e-02    4.87377e-01
    2.75091e+21         1.36672e-02    4.87377e-01
    2.75091e+21         1.28591e-02    4.87377e-01
    2.75091e+21         1.19461e-02    4.87377e-01
    2.75091e+21         1.08883e-02    4.87377e-01
    2.75091e+21         1.02516e-02    4.87377e-01
    2.75091e+21         9.53342e-03    4.87377e-01
    2.75091e+21         8.70292e-03    4.87377e-01
    2.75091e+21         8.20464e-03    4.87377e-01
    2.75091e+21         7.64399e-03    4.87377e-01
    2.75091e+21         6.99809e-03    4.87377e-01
    2.75091e+21         6.61277e-03    4.87377e-01
    2.75091e+21         6.18125e-03    4.87377e-01
    2.75091e+21         5.68736e-03    4.87377e-01
    2.75091e+21         5.39567e-03    4.87377e-01
    2.75091e+21         5.07159e-03    4.87377e-01
    2.75091e+21         4.70476e-03    4.87377e-01
    2.75091e+21         4.27851e-03    4.87377e-01
    2.75091e+21         4.02080e-03    4.87377e-01
    2.75091e+21         3.72899e-03    4.87377e-01
    2.75091e+21         3.38973e-03    4.87377e-01
    2.75091e+21         3.18445e-03    4.87377e-01
    2.75091e+21         2.95184e-03    4.87377e-01
    2.75091e+21         2.68114e-03    4.87377e-01
    2.75091e+21         2.51707e-03    4.87377e-01
    2.75091e+21         2.33092e-03    4.87377e-01
    2.75091e+21         2.11385e-03    4.87377e-01
    2.75091e+21         1.98188e-03    4.87377e-01
    2.75091e+21         1.83175e-03    4.87377e-01
    2.75091e+21         1.65600e-03    4.87377e-01
    2.75091e+21         1.54848e-03    4.87377e-01
    2.75091e+21         1.42551e-03    4.87377e-01
    2.75091e+21         1.35297e-03    4.87377e-01
    2.75091e+21         1.27243e-03    4.87377e-01
    2.75091e+21         1.18138e-03    4.87377e-01
    2.75091e+21         1.07574e-03    4.87377e-01
    2.75091e+21         1.01205e-03    4.87377e-01
    2.75091e+21         9.40080e-04    4.87377e-01
    2.75091e+21         8.56673e-04    4.87377e-01
    2.75091e+21         8.06453e-04    4.87377e-01
    2.75091e+21         7.49783e-04    4.87377e-01
    2.75091e+21         6.84224e-04    4.87377e-01
    2.75091e+21         6.44862e-04    4.87377e-01
    2.75091e+21         6.00548e-04    4.87377e-01
    2.75091e+21         5.49452e-04    4.87377e-01
    2.75091e+21         5.18932e-04    4.87377e-01
    2.75091e+21         4.84717e-04    4.87377e-01
    2.75091e+21         4.45500e-04    4.87377e-01
    2.75091e+21         4.22287e-04    4.87377e-01
    2.75091e+21         3.96453e-04    4.87377e-01
    2.75091e+21         3.67142e-04    4.87377e-01
    2.75091e+21         3.32964e-04    4.87377e-01
    2.75091e+21         3.12186e-04    4.87377e-01
    2.75091e+21         2.88551e-04    4.87377e-01
    2.75091e+21         2.60885e-04    4.87377e-01
    2.75091e+21         2.43963e-04    4.87377e-01
    2.75091e+21         2.24612e-04    4.87377e-01
    2.75091e+21         2.13197e-04    4.87377e-01
    2.75091e+21         2.00527e-04    4.87377e-01
    2.75091e+21         1.86206e-04    4.87377e-01
    2.75091e+21         1.69598e-04    4.87377e-01
    2.75091e+21         1.59587e-04    4.87377e-01
    2.75091e+21         1.48281e-04    4.87377e-01
    2.75091e+21         1.35186e-04    4.87377e-01
    2.75091e+21         1.27308e-04    4.87377e-01
    2.75091e+21         1.18425e-04    4.87377e-01
    2.75091e+21         1.08159e-04    4.87377e-01
    2.75091e+21         1.02006e-04    4.87377e-01
    2.75091e+21         9.50880e-05    4.87377e-01
    2.75091e+21         8.71267e-05    4.87377e-01
    2.75091e+21         8.23853e-05    4.87377e-01
    2.75091e+21         7.70825e-05    4.87377e-01
    2.75091e+21         7.10249e-05    4.87377e-01
    2.75091e+21         6.74575e-05    4.87377e-01
    2.75091e+21         6.35028e-05    4.87377e-01
    2.75091e+21         5.90402e-05    4.87377e-01
    2.75091e+21         5.38774e-05    4.87377e-01
    2.75091e+21         5.07776e-05    4.87377e-01
    2.75091e+21         4.72878e-05    4.87377e-01
    2.75091e+21         4.32639e-05    4.87377e-01
    2.75091e+21         4.08603e-05    4.87377e-01
    2.75091e+21         3.81656e-05    4.87377e-01
    2.75091e+21         3.50769e-05    4.87377e-01
    2.75091e+21         3.32486e-05    4.87377e-01
    2.75091e+21         3.12137e-05    4.87377e-01
    2.75091e+21         2.89049e-05    4.87377e-01
    2.75091e+21         2.62125e-05    4.87377e-01
    2.75091e+21         2.45755e-05    4.87377e-01


