              t                   M              a
    1.23833e-21         1.00000e+17    8.00000e-01
    2.47665e-21         1.00000e+17    8.00000e-01
    4.95331e-21         1.00000e+17    8.00000e-01
    9.90662e-21         1.00000e+17    8.00000e-01
    1.98132e-20         1.00000e+17    8.00000e-01
    3.96265e-20         1.00000e+17    8.00000e-01
    7.92530e-20         1.00000e+17    8.00000e-01
    1.58506e-19         1.00000e+17    8.00000e-01
    3.17012e-19         1.00000e+17    8.00000e-01
    6.34024e-19         1.00000e+17    8.00000e-01
    1.26805e-18         1.00000e+17    8.00000e-01
    2.53609e-18         1.00000e+17    8.00000e-01
    5.07219e-18         1.00000e+17    8.00000e-01
    1.01444e-17         1.00000e+17    8.00000e-01
    2.02888e-17         1.00000e+17    8.00000e-01
    4.05775e-17         1.00000e+17    8.00000e-01
    8.11550e-17         1.00000e+17    8.00000e-01
    1.62310e-16         1.00000e+17    8.00000e-01
    3.24620e-16         1.00000e+17    8.00000e-01
    6.49240e-16         1.00000e+17    8.00000e-01
    1.29848e-15         1.00000e+17    8.00000e-01
    2.59696e-15         1.00000e+17    8.00000e-01
    5.19392e-15         1.00000e+17    8.00000e-01
    1.03878e-14         1.00000e+17    8.00000e-01
    2.07757e-14         1.00000e+17    8.00000e-01
    4.15514e-14         1.00000e+17    8.00000e-01
    8.31027e-14         1.00000e+17    8.00000e-01
    1.66205e-13         1.00000e+17    8.00000e-01
    3.32411e-13         1.00000e+17    8.00000e-01
    6.64822e-13         1.00000e+17    8.00000e-01
    1.32964e-12         1.00000e+17    8.00000e-01
    2.65929e-12         1.00000e+17    8.00000e-01
    5.31858e-12         1.00000e+17    8.00000e-01
    1.06372e-11         1.00000e+17    8.00000e-01
    2.12743e-11         1.00000e+17    8.00000e-01
    4.25486e-11         1.00000e+17    8.00000e-01
    8.50972e-11         1.00000e+17    8.00000e-01
    1.70194e-10         1.00000e+17    8.00000e-01
    3.40389e-10         1.00000e+17    8.00000e-01
    6.80778e-10         1.00000e+17    8.00000e-01
    1.36156e-09         1.00000e+17    8.00000e-01
    2.72311e-09         1.00000e+17    8.00000e-01
    5.44622e-09         1.00000e+17    8.00000e-01
    1.08924e-08         1.00000e+17    8.00000e-01
    2.17849e-08         1.00000e+17    8.00000e-01
    4.35698e-08         1.00000e+17    8.00000e-01
    8.71395e-08         1.00000e+17    8.00000e-01
    1.74279e-07         1.00000e+17    8.00000e-01
    3.48558e-07         1.00000e+17    8.00000e-01
    6.97116e-07         1.00000e+17    8.00000e-01
    1.39423e-06         1.00000e+17    8.00000e-01
    2.78847e-06         1.00000e+17    8.00000e-01
    5.57693e-06         1.00000e+17    8.00000e-01
    1.11539e-05         1.00000e+17    8.00000e-01
    2.23077e-05         1.00000e+17    8.00000e-01
    4.46154e-05         1.00000e+17    8.00000e-01
    8.92309e-05         1.00000e+17    8.00000e-01
    1.78462e-04         1.00000e+17    8.00000e-01
    3.56924e-04         1.00000e+17    8.00000e-01
    7.13847e-04         1.00000e+17    8.00000e-01
    1.42769e-03         1.00000e+17    8.00000e-01
    2.85539e-03         1.00000e+17    8.00000e-01
    5.71078e-03         1.00000e+17    8.00000e-01
    1.14216e-02         1.00000e+17    8.00000e-01
    2.28431e-02         1.00000e+17    8.00000e-01
    4.56862e-02         1.00000e+17    8.00000e-01
    9.13724e-02         1.00000e+17    8.00000e-01
    1.82745e-01         1.00000e+17    8.00000e-01
    3.65490e-01         1.00000e+17    8.00000e-01
    7.30979e-01         1.00000e+17    8.00000e-01
    1.46196e+00         1.00000e+17    8.00000e-01
    2.92392e+00         1.00000e+17    8.00000e-01
    5.84784e+00         1.00000e+17    8.00000e-01
    1.16957e+01         1.00000e+17    8.00000e-01
    2.33913e+01         1.00000e+17    8.00000e-01
    4.67827e+01         1.00000e+17    8.00000e-01
    9.35654e+01         1.00000e+17    8.00000e-01
    1.87131e+02         1.00000e+17    8.00000e-01
    3.74261e+02         1.00000e+17    8.00000e-01
    7.48523e+02         1.00000e+17    8.00000e-01
    1.49705e+03         1.00000e+17    8.00000e-01
    2.99409e+03         1.00000e+17    8.00000e-01
    5.98818e+03         1.00000e+17    8.00000e-01
    1.19764e+04         1.00000e+17    8.00000e-01
    2.39527e+04         1.00000e+17    8.00000e-01
    4.79055e+04         1.00000e+17    8.00000e-01
    9.58109e+04         1.00000e+17    8.00000e-01
    1.91622e+05         1.00000e+17    8.00000e-01
    3.83244e+05         1.00000e+17    8.00000e-01
    7.66488e+05         1.00000e+17    8.00000e-01
    1.53298e+06         1.00000e+17    8.00000e-01
    3.06595e+06         1.00000e+17    8.00000e-01
    6.13190e+06         1.00000e+17    8.00000e-01
    1.22638e+07         1.00000e+17    8.00000e-01
    2.45276e+07         1.00000e+17    8.00000e-01
    4.90552e+07         1.00000e+17    8.00000e-01
    9.81104e+07         1.00000e+17    8.00000e-01
    1.96221e+08         1.00000e+17    8.00000e-01
    3.92442e+08         1.00000e+17    8.00000e-01
    7.84883e+08         1.00000e+17    8.00000e-01
    1.56977e+09         1.00000e+17    8.00000e-01
    3.13953e+09         1.00000e+17    8.00000e-01
    6.27907e+09         1.00000e+17    8.00000e-01
    1.25581e+10         1.00000e+17    8.00000e-01
    2.51163e+10         1.00000e+17    8.00000e-01
    5.02325e+10         1.00000e+17    8.00000e-01
    1.00465e+11         1.00000e+17    8.00000e-01
    2.00930e+11         1.00000e+17    8.00000e-01
    4.01860e+11         1.00000e+17    8.00000e-01
    8.03720e+11         1.00000e+17    8.00000e-01
    1.60744e+12         1.00000e+17    8.00000e-01
    3.21488e+12         1.00000e+17    8.00000e-01
    6.42976e+12         1.00000e+17    8.00000e-01
    1.28595e+13         1.00000e+17    8.00000e-01
    2.57191e+13         1.00000e+17    8.00000e-01
    5.14381e+13         1.00000e+17    8.00000e-01
    1.02876e+14         1.00000e+17    8.00000e-01
    2.05752e+14         1.00000e+17    8.00000e-01
    4.11505e+14         9.99999e+16    7.99999e-01
    8.23010e+14         9.99999e+16    7.99998e-01
    1.64602e+15         9.99997e+16    7.99996e-01
    3.29204e+15         9.99994e+16    7.99993e-01
    6.58408e+15         9.99989e+16    7.99986e-01
    1.31682e+16         9.99977e+16    7.99972e-01
    2.63363e+16         9.99954e+16    7.99943e-01
    5.26726e+16         9.99909e+16    7.99886e-01
    1.05345e+17         9.99817e+16    7.99772e-01
    2.10690e+17         9.99635e+16    7.99545e-01
    4.21381e+17         9.99270e+16    7.99090e-01
    8.42762e+17         9.98542e+16    7.98183e-01
    1.68552e+18         9.97088e+16    7.96376e-01
    3.37105e+18         9.94196e+16    7.92794e-01
    6.74210e+18         9.88470e+16    7.85751e-01
    1.34842e+19         9.77169e+16    7.72042e-01
    2.02263e+19         9.66042e+16    7.59092e-01
    2.69684e+19         9.55080e+16    7.46868e-01
    3.37105e+19         9.44151e+16    7.35260e-01
    4.04526e+19         9.33210e+16    7.24151e-01
    4.71947e+19         9.22249e+16    7.13525e-01
    5.39368e+19         9.11246e+16    7.03294e-01
    6.06789e+19         9.00100e+16    6.93466e-01
    6.74210e+19         8.88799e+16    6.84028e-01
    7.41631e+19         8.77326e+16    6.74969e-01
    8.09051e+19         8.65627e+16    6.66215e-01
    8.76472e+19         8.53664e+16    6.57753e-01
    9.43893e+19         8.41414e+16    6.49573e-01
    1.01131e+20         8.28856e+16    6.41670e-01
    1.07874e+20         8.15965e+16    6.33980e-01
    1.14616e+20         8.02707e+16    6.26453e-01
    1.21358e+20         7.89054e+16    6.19079e-01
    1.28100e+20         7.74957e+16    6.11876e-01
    1.34842e+20         7.60373e+16    6.04843e-01
    1.41584e+20         7.45218e+16    5.97982e-01
    1.48326e+20         7.29399e+16    5.91311e-01
    1.55068e+20         7.12851e+16    5.84813e-01
    1.61810e+20         6.95482e+16    5.78494e-01
    1.68552e+20         6.77187e+16    5.72357e-01
    1.75294e+20         6.57892e+16    5.66310e-01
    1.82037e+20         6.37414e+16    5.60319e-01
    1.88779e+20         6.15560e+16    5.54385e-01
    1.95521e+20         5.92085e+16    5.48502e-01
    2.02263e+20         5.66665e+16    5.42663e-01
    2.09005e+20         5.38856e+16    5.36872e-01
    2.15747e+20         5.08076e+16    5.31057e-01
    2.22489e+20         4.73343e+16    5.25229e-01
    2.29231e+20         4.33169e+16    5.19415e-01
    2.32602e+20         4.09087e+16    5.16520e-01
    2.35973e+20         3.82045e+16    5.13575e-01
    2.39344e+20         3.50986e+16    5.10578e-01
    2.41030e+20         3.32549e+16    5.09065e-01
    2.42715e+20         3.11990e+16    5.07532e-01
    2.44401e+20         2.88611e+16    5.05961e-01
    2.46086e+20         2.61262e+16    5.04366e-01
    2.46929e+20         2.44558e+16    5.03550e-01
    2.47772e+20         2.25483e+16    5.02717e-01
    2.48615e+20         2.03033e+16    5.01853e-01
    2.49036e+20         1.89181e+16    5.01407e-01
    2.49458e+20         1.73222e+16    5.00949e-01
    2.49668e+20         1.63702e+16    5.00710e-01
    2.49879e+20         1.53041e+16    5.00464e-01
    2.50090e+20         1.40841e+16    5.00210e-01
    2.50195e+20         1.33638e+16    5.00079e-01
    2.50300e+20         1.25636e+16    4.99943e-01
    2.50406e+20         1.16582e+16    4.99801e-01
    2.50511e+20         1.06066e+16    4.99649e-01
    2.50564e+20         9.97129e+15    4.99567e-01
    2.50616e+20         9.25242e+15    4.99479e-01
    2.50669e+20         8.41748e+15    4.99385e-01
    2.50695e+20         7.91305e+15    4.99333e-01
    2.50722e+20         7.34224e+15    4.99277e-01
    2.50748e+20         6.67922e+15    4.99217e-01
    2.50761e+20         6.27861e+15    4.99183e-01
    2.50774e+20         5.82525e+15    4.99147e-01
    2.50788e+20         5.29857e+15    4.99108e-01
    2.50794e+20         4.98026e+15    4.99086e-01
    2.50801e+20         4.61997e+15    4.99062e-01
    2.50807e+20         4.20129e+15    4.99037e-01
    2.50811e+20         3.94815e+15    4.99022e-01
    2.50814e+20         3.66150e+15    4.99006e-01
    2.50817e+20         3.32821e+15    4.98989e-01
    2.50819e+20         3.12652e+15    4.98979e-01
    2.50820e+20         2.89796e+15    4.98969e-01
    2.50822e+20         2.63194e+15    4.98958e-01
    2.50823e+20         2.47067e+15    4.98951e-01
    2.50824e+20         2.28767e+15    4.98944e-01
    2.50825e+20         2.07422e+15    4.98936e-01
    2.50825e+20         1.94440e+15    4.98931e-01
    2.50825e+20         1.79667e+15    4.98926e-01
    2.50826e+20         1.62363e+15    4.98921e-01
    2.50826e+20         1.51770e+15    4.98918e-01
    2.50826e+20         1.39645e+15    4.98914e-01
    2.50826e+20         1.32485e+15    4.98912e-01
    2.50826e+20         1.24529e+15    4.98909e-01
    2.50827e+20         1.15525e+15    4.98906e-01
    2.50827e+20         1.05062e+15    4.98903e-01
    2.50827e+20         9.87367e+14    4.98900e-01
    2.50827e+20         9.15749e+14    4.98896e-01
    2.50827e+20         8.32491e+14    4.98892e-01
    2.50827e+20         7.82119e+14    4.98889e-01
    2.50827e+20         7.25049e+14    4.98885e-01
    2.50827e+20         6.58641e+14    4.98880e-01
    2.50827e+20         6.18403e+14    4.98876e-01
    2.50827e+20         5.72758e+14    4.98870e-01
    2.50827e+20         5.19546e+14    4.98862e-01
    2.50827e+20         4.87211e+14    4.98856e-01
    2.50827e+20         4.50440e+14    4.98847e-01
    2.50827e+20         4.07421e+14    4.98834e-01
    2.50827e+20         3.81128e+14    4.98823e-01
    2.50827e+20         3.51081e+14    4.98809e-01
    2.50827e+20         3.33376e+14    4.98797e-01
    2.50827e+20         3.13740e+14    4.98783e-01
    2.50827e+20         2.91569e+14    4.98766e-01
    2.50827e+20         2.65898e+14    4.98744e-01
    2.50827e+20         2.50464e+14    4.98730e-01
    2.50827e+20         2.33070e+14    4.98714e-01
    2.50827e+20         2.12982e+14    4.98694e-01
    2.50827e+20         2.00953e+14    4.98682e-01
    2.50827e+20         1.87442e+14    4.98669e-01
    2.50827e+20         1.71913e+14    4.98654e-01
    2.50827e+20         1.62682e+14    4.98645e-01
    2.50827e+20         1.52374e+14    4.98635e-01
    2.50827e+20         1.40624e+14    4.98624e-01
    2.50827e+20         1.26828e+14    4.98611e-01
    2.50827e+20         1.18348e+14    4.98603e-01
    2.50827e+20         1.08609e+14    4.98594e-01
    2.50827e+20         1.02827e+14    4.98589e-01
    2.50827e+20         9.63763e+13    4.98583e-01
    2.50827e+20         8.90335e+13    4.98576e-01
    2.50827e+20         8.04295e+13    4.98568e-01
    2.50827e+20         7.51578e+13    4.98563e-01
    2.50827e+20         6.91206e+13    4.98557e-01
    2.50827e+20         6.55517e+13    4.98553e-01
    2.50827e+20         6.15836e+13    4.98549e-01
    2.50827e+20         5.70876e+13    4.98543e-01
    2.50827e+20         5.18555e+13    4.98537e-01
    2.50827e+20         4.86849e+13    4.98533e-01
    2.50827e+20         4.50878e+13    4.98528e-01
    2.50827e+20         4.08938e+13    4.98522e-01
    2.50827e+20         3.83446e+13    4.98516e-01
    2.50827e+20         3.54452e+13    4.98510e-01
    2.50827e+20         3.20520e+13    4.98501e-01
    2.50827e+20         2.99771e+13    4.98495e-01
    2.50827e+20         2.76050e+13    4.98487e-01
    2.50827e+20         2.62063e+13    4.98481e-01
    2.50827e+20         2.46544e+13    4.98475e-01
    2.50827e+20         2.29009e+13    4.98466e-01
    2.50827e+20         2.08686e+13    4.98456e-01
    2.50827e+20         1.96449e+13    4.98450e-01
    2.50827e+20         1.82640e+13    4.98442e-01
    2.50827e+20         1.66664e+13    4.98433e-01
    2.50827e+20         1.57071e+13    4.98427e-01
    2.50827e+20         1.46270e+13    4.98420e-01
    2.50827e+20         1.33815e+13    4.98411e-01
    2.50827e+20         1.26374e+13    4.98406e-01
    2.50827e+20         1.18031e+13    4.98399e-01
    2.50827e+20         1.08467e+13    4.98390e-01
    2.50827e+20         1.02805e+13    4.98385e-01
    2.50827e+20         9.65009e+12    4.98378e-01
    2.50827e+20         8.93469e+12    4.98371e-01
    2.50827e+20         8.10012e+12    4.98361e-01
    2.50827e+20         7.59243e+12    4.98355e-01
    2.50827e+20         7.01456e+12    4.98348e-01
    2.50827e+20         6.33755e+12    4.98340e-01
    2.50827e+20         5.92286e+12    4.98334e-01
    2.50827e+20         5.44807e+12    4.98328e-01
    2.50827e+20         5.16750e+12    4.98324e-01
    2.50827e+20         4.85563e+12    4.98320e-01
    2.50827e+20         4.50241e+12    4.98316e-01
    2.50827e+20         4.09159e+12    4.98311e-01
    2.50827e+20         3.84287e+12    4.98308e-01
    2.50827e+20         3.56090e+12    4.98305e-01
    2.50827e+20         3.23251e+12    4.98301e-01
    2.50827e+20         3.03326e+12    4.98299e-01
    2.50827e+20         2.80698e+12    4.98296e-01
    2.50827e+20         2.54273e+12    4.98294e-01
    2.50827e+20         2.38173e+12    4.98292e-01
    2.50827e+20         2.19821e+12    4.98290e-01
    2.50827e+20         1.98278e+12    4.98288e-01
    2.50827e+20         1.85039e+12    4.98286e-01
    2.50827e+20         1.69837e+12    4.98284e-01
    2.50827e+20         1.60815e+12    4.98283e-01
    2.50827e+20         1.50751e+12    4.98282e-01
    2.50827e+20         1.39300e+12    4.98281e-01
    2.50827e+20         1.25888e+12    4.98279e-01
    2.50827e+20         1.17677e+12    4.98277e-01
    2.50827e+20         1.08280e+12    4.98275e-01
    2.50827e+20         1.02731e+12    4.98273e-01
    2.50827e+20         9.65654e+11    4.98270e-01
    2.50827e+20         8.95880e+11    4.98266e-01
    2.50827e+20         8.14812e+11    4.98260e-01
    2.50827e+20         7.65811e+11    4.98254e-01
    2.50827e+20         7.10338e+11    4.98247e-01
    2.50827e+20         6.45862e+11    4.98238e-01
    2.50827e+20         6.06866e+11    4.98231e-01
    2.50827e+20         5.62697e+11    4.98223e-01
    2.50827e+20         5.11321e+11    4.98213e-01
    2.50827e+20         4.80212e+11    4.98206e-01
    2.50827e+20         4.44941e+11    4.98199e-01
    2.50827e+20         4.03856e+11    4.98189e-01
    2.50827e+20         3.78921e+11    4.98183e-01
    2.50827e+20         3.50597e+11    4.98177e-01
    2.50827e+20         3.17510e+11    4.98168e-01
    2.50827e+20         2.97340e+11    4.98162e-01
    2.50827e+20         2.74339e+11    4.98154e-01
    2.50827e+20         2.47319e+11    4.98145e-01
    2.50827e+20         2.30696e+11    4.98138e-01
    2.50827e+20         2.11591e+11    4.98130e-01
    2.50827e+20         2.00236e+11    4.98125e-01
    2.50827e+20         1.87556e+11    4.98119e-01
    2.50827e+20         1.73103e+11    4.98112e-01
    2.50827e+20         1.56137e+11    4.98105e-01
    2.50827e+20         1.45709e+11    4.98100e-01
    2.50827e+20         1.33736e+11    4.98094e-01
    2.50827e+20         1.26630e+11    4.98090e-01
    2.50827e+20         1.18704e+11    4.98086e-01
    2.50827e+20         1.09683e+11    4.98082e-01
    2.50827e+20         9.91183e+10    4.98077e-01
    2.50827e+20         9.26497e+10    4.98074e-01
    2.50827e+20         8.52462e+10    4.98071e-01
    2.50827e+20         8.08736e+10    4.98069e-01
    2.50827e+20         7.60153e+10    4.98068e-01
    2.50827e+20         7.05162e+10    4.98065e-01
    2.50827e+20         6.41260e+10    4.98063e-01
    2.50827e+20         6.02624e+10    4.98061e-01
    2.50827e+20         5.58875e+10    4.98060e-01
    2.50827e+20         5.08008e+10    4.98058e-01
    2.50827e+20         4.77226e+10    4.98057e-01
    2.50827e+20         4.42346e+10    4.98056e-01
    2.50827e+20         4.01747e+10    4.98054e-01
    2.50827e+20         3.77138e+10    4.98054e-01
    2.50827e+20         3.49212e+10    4.98053e-01
    2.50827e+20         3.16642e+10    4.98052e-01
    2.50827e+20         2.96834e+10    4.98052e-01
    2.50827e+20         2.74294e+10    4.98051e-01
    2.50827e+20         2.47898e+10    4.98050e-01
    2.50827e+20         2.31740e+10    4.98050e-01
    2.50827e+20         2.13250e+10    4.98050e-01
    2.50827e+20         2.02332e+10    4.98050e-01
    2.50827e+20         1.90204e+10    4.98049e-01
    2.50827e+20         1.76480e+10    4.98049e-01
    2.50827e+20         1.60539e+10    4.98049e-01
    2.50827e+20         1.50907e+10    4.98049e-01
    2.50827e+20         1.40006e+10    4.98049e-01
    2.50827e+20         1.27341e+10    4.98048e-01
    2.50827e+20         1.19686e+10    4.98048e-01
    2.50827e+20         1.11021e+10    4.98048e-01
    2.50827e+20         1.00951e+10    4.98048e-01
    2.50827e+20         9.48615e+09    4.98048e-01
    2.50827e+20         8.79647e+09    4.98048e-01
    2.50827e+20         7.99441e+09    4.98048e-01
    2.50827e+20         7.50888e+09    4.98048e-01
    2.50827e+20         6.95852e+09    4.98048e-01
    2.50827e+20         6.31766e+09    4.98048e-01
    2.50827e+20         5.92893e+09    4.98048e-01
    2.50827e+20         5.48755e+09    4.98048e-01
    2.50827e+20         4.97232e+09    4.98048e-01
    2.50827e+20         4.65854e+09    4.98048e-01
    2.50827e+20         4.30108e+09    4.98048e-01
    2.50827e+20         3.88173e+09    4.98048e-01
    2.50827e+20         3.62430e+09    4.98047e-01
    2.50827e+20         3.32900e+09    4.98047e-01
    2.50827e+20         3.15400e+09    4.98047e-01
    2.50827e+20         2.95904e+09    4.98047e-01
    2.50827e+20         2.73754e+09    4.98047e-01
    2.50827e+20         2.47875e+09    4.98047e-01
    2.50827e+20         2.32092e+09    4.98047e-01
    2.50827e+20         2.14090e+09    4.98047e-01
    2.50827e+20         1.92933e+09    4.98047e-01
    2.50827e+20         1.79908e+09    4.98047e-01
    2.50827e+20         1.64928e+09    4.98047e-01
    2.50827e+20         1.56015e+09    4.98047e-01
    2.50827e+20         1.46055e+09    4.98047e-01
    2.50827e+20         1.34691e+09    4.98047e-01
    2.50827e+20         1.21328e+09    4.98047e-01
    2.50827e+20         1.13093e+09    4.98047e-01
    2.50827e+20         1.03616e+09    4.98047e-01
    2.50827e+20         9.79710e+08    4.98047e-01
    2.50827e+20         9.16567e+08    4.98047e-01
    2.50827e+20         8.44424e+08    4.98047e-01
    2.50827e+20         8.01925e+08    4.98047e-01
    2.50827e+20         7.54803e+08    4.98047e-01
    2.50827e+20         7.01613e+08    4.98047e-01
    2.50827e+20         6.40053e+08    4.98047e-01
    2.50827e+20         6.03068e+08    4.98047e-01
    2.50827e+20         5.61407e+08    4.98047e-01
    2.50827e+20         5.13333e+08    4.98047e-01
    2.50827e+20         4.84583e+08    4.98047e-01
    2.50827e+20         4.52321e+08    4.98047e-01
    2.50827e+20         4.15292e+08    4.98047e-01
    2.50827e+20         3.93328e+08    4.98047e-01
    2.50827e+20         3.68844e+08    4.98047e-01
    2.50827e+20         3.41001e+08    4.98047e-01
    2.50827e+20         3.08425e+08    4.98047e-01
    2.50827e+20         2.88515e+08    4.98047e-01
    2.50827e+20         2.65762e+08    4.98047e-01
    2.50827e+20         2.52354e+08    4.98047e-01
    2.50827e+20         2.37483e+08    4.98047e-01
    2.50827e+20         2.20692e+08    4.98047e-01
    2.50827e+20         2.01249e+08    4.98047e-01
    2.50827e+20         1.89558e+08    4.98047e-01
    2.50827e+20         1.76381e+08    4.98047e-01
    2.50827e+20         1.61161e+08    4.98047e-01
    2.50827e+20         1.52046e+08    4.98047e-01
    2.50827e+20         1.41805e+08    4.98047e-01
    2.50827e+20         1.30032e+08    4.98047e-01
    2.50827e+20         1.23031e+08    4.98047e-01
    2.50827e+20         1.15211e+08    4.98047e-01
    2.50827e+20         1.06293e+08    4.98047e-01
    2.50827e+20         9.58155e+07    4.98047e-01
    2.50827e+20         8.93685e+07    4.98047e-01
    2.50827e+20         8.19579e+07    4.98047e-01
    2.50827e+20         7.75523e+07    4.98047e-01
    2.50827e+20         7.26318e+07    4.98047e-01
    2.50827e+20         6.70221e+07    4.98047e-01
    2.50827e+20         6.04340e+07    4.98047e-01
    2.50827e+20         5.63827e+07    4.98047e-01
    2.50827e+20         5.17282e+07    4.98047e-01
    2.50827e+20         4.89633e+07    4.98047e-01
    2.50827e+20         4.58773e+07    4.98047e-01
    2.50827e+20         4.23622e+07    4.98047e-01
    2.50827e+20         3.82395e+07    4.98047e-01
    2.50827e+20         3.57098e+07    4.98047e-01
    2.50827e+20         3.28089e+07    4.98047e-01
    2.50827e+20         3.10906e+07    4.98047e-01
    2.50827e+20         2.91772e+07    4.98047e-01
    2.50827e+20         2.70046e+07    4.98047e-01
    2.50827e+20         2.44683e+07    4.98047e-01
    2.50827e+20         2.29236e+07    4.98047e-01
    2.50827e+20         2.11638e+07    4.98047e-01
    2.50827e+20         1.90991e+07    4.98047e-01
    2.50827e+20         1.78314e+07    4.98047e-01
    2.50827e+20         1.63772e+07    4.98047e-01
    2.50827e+20         1.55152e+07    4.98047e-01
    2.50827e+20         1.45547e+07    4.98047e-01
    2.50827e+20         1.34634e+07    4.98047e-01
    2.50827e+20         1.21879e+07    4.98047e-01
    2.50827e+20         1.14096e+07    4.98047e-01
    2.50827e+20         1.05217e+07    4.98047e-01
    2.50827e+20         9.47745e+06    4.98047e-01
    2.50827e+20         8.83396e+06    4.98047e-01
    2.50827e+20         8.09331e+06    4.98047e-01
    2.50827e+20         7.65211e+06    4.98047e-01
    2.50827e+20         7.15855e+06    4.98047e-01
    2.50827e+20         6.59460e+06    4.98047e-01
    2.50827e+20         6.26233e+06    4.98047e-01
    2.50827e+20         5.89387e+06    4.98047e-01
    2.50827e+20         5.47790e+06    4.98047e-01
    2.50827e+20         4.99636e+06    4.98047e-01
    2.50827e+20         4.70694e+06    4.98047e-01
    2.50827e+20         4.38084e+06    4.98047e-01
    2.50827e+20         4.00438e+06    4.98047e-01
    2.50827e+20         3.77909e+06    4.98047e-01
    2.50827e+20         3.52614e+06    4.98047e-01
    2.50827e+20         3.23561e+06    4.98047e-01
    2.50827e+20         3.06308e+06    4.98047e-01
    2.50827e+20         2.87056e+06    4.98047e-01
    2.50827e+20         2.65137e+06    4.98047e-01
    2.50827e+20         2.39442e+06    4.98047e-01
    2.50827e+20         2.23690e+06    4.98047e-01
    2.50827e+20         2.05641e+06    4.98047e-01
    2.50827e+20         1.94963e+06    4.98047e-01
    2.50827e+20         1.83083e+06    4.98047e-01
    2.50827e+20         1.69612e+06    4.98047e-01
    2.50827e+20         1.53915e+06    4.98047e-01
    2.50827e+20         1.44385e+06    4.98047e-01
    2.50827e+20         1.33554e+06    4.98047e-01
    2.50827e+20         1.20896e+06    4.98047e-01
    2.50827e+20         1.13173e+06    4.98047e-01
    2.50827e+20         1.04359e+06    4.98047e-01
    2.50827e+20         9.39930e+05    4.98047e-01
    2.50827e+20         8.76040e+05    4.98047e-01
    2.50827e+20         8.02491e+05    4.98047e-01
    2.50827e+20         7.58667e+05    4.98047e-01
    2.50827e+20         7.09633e+05    4.98047e-01
    2.50827e+20         6.53590e+05    4.98047e-01
    2.50827e+20         6.20556e+05    4.98047e-01
    2.50827e+20         5.83912e+05    4.98047e-01
    2.50827e+20         5.42525e+05    4.98047e-01
    2.50827e+20         4.94582e+05    4.98047e-01
    2.50827e+20         4.65738e+05    4.98047e-01
    2.50827e+20         4.33211e+05    4.98047e-01
    2.50827e+20         3.95615e+05    4.98047e-01
    2.50827e+20         3.73075e+05    4.98047e-01
    2.50827e+20         3.47729e+05    4.98047e-01
    2.50827e+20         3.18553e+05    4.98047e-01
    2.50827e+20         3.01170e+05    4.98047e-01
    2.50827e+20         2.81723e+05    4.98047e-01
    2.50827e+20         2.59499e+05    4.98047e-01
    2.50827e+20         2.46402e+05    4.98047e-01
    2.50827e+20         2.31876e+05    4.98047e-01
    2.50827e+20         2.15473e+05    4.98047e-01
    2.50827e+20         1.96477e+05    4.98047e-01
    2.50827e+20         1.85053e+05    4.98047e-01
    2.50827e+20         1.72176e+05    4.98047e-01
    2.50827e+20         1.57301e+05    4.98047e-01
    2.50827e+20         1.48390e+05    4.98047e-01
    2.50827e+20         1.38377e+05    4.98047e-01
    2.50827e+20         1.26862e+05    4.98047e-01
    2.50827e+20         1.20012e+05    4.98047e-01
    2.50827e+20         1.12357e+05    4.98047e-01
    2.50827e+20         1.03625e+05    4.98047e-01
    2.50827e+20         9.33580e+04    4.98047e-01
    2.50827e+20         8.70336e+04    4.98047e-01
    2.50827e+20         7.97567e+04    4.98047e-01
    2.50827e+20         7.54239e+04    4.98047e-01
    2.50827e+20         7.05791e+04    4.98047e-01
    2.50827e+20         6.50464e+04    4.98047e-01
    2.50827e+20         6.17894e+04    4.98047e-01
    2.50827e+20         5.81800e+04    4.98047e-01
    2.50827e+20         5.41088e+04    4.98047e-01
    2.50827e+20         4.94020e+04    4.98047e-01
    2.50827e+20         4.65788e+04    4.98047e-01
    2.50827e+20         4.34030e+04    4.98047e-01
    2.50827e+20         3.97454e+04    4.98047e-01
    2.50827e+20         3.75645e+04    4.98047e-01
    2.50827e+20         3.51230e+04    4.98047e-01
    2.50827e+20         3.23304e+04    4.98047e-01
    2.50827e+20         3.06824e+04    4.98047e-01
    2.50827e+20         2.88526e+04    4.98047e-01
    2.50827e+20         2.67834e+04    4.98047e-01
    2.50827e+20         2.43822e+04    4.98047e-01
    2.50827e+20         2.29334e+04    4.98047e-01
    2.50827e+20         2.12958e+04    4.98047e-01
    2.50827e+20         1.93966e+04    4.98047e-01
    2.50827e+20         1.82520e+04    4.98047e-01
    2.50827e+20         1.69593e+04    4.98047e-01
    2.50827e+20         1.54621e+04    4.98047e-01
    2.50827e+20         1.45614e+04    4.98047e-01
    2.50827e+20         1.35460e+04    4.98047e-01
    2.50827e+20         1.23725e+04    4.98047e-01
    2.50827e+20         1.16692e+04    4.98047e-01
    2.50827e+20         1.08786e+04    4.98047e-01
    2.50827e+20         9.96886e+03    4.98047e-01
    2.50827e+20         9.42720e+03    4.98047e-01
    2.50827e+20         8.82149e+03    4.98047e-01
    2.50827e+20         8.12976e+03    4.98047e-01
    2.50827e+20         7.72253e+03    4.98047e-01
    2.50827e+20         7.27122e+03    4.98047e-01
    2.50827e+20         6.76215e+03    4.98047e-01
    2.50827e+20         6.17354e+03    4.98047e-01
    2.50827e+20         5.82044e+03    4.98047e-01
    2.50827e+20         5.42320e+03    4.98047e-01
    2.50827e+20         4.96564e+03    4.98047e-01
    2.50827e+20         4.69275e+03    4.98047e-01
    2.50827e+20         4.38720e+03    4.98047e-01
    2.50827e+20         4.03761e+03    4.98047e-01
    2.50827e+20         3.83124e+03    4.98047e-01
    2.50827e+20         3.60203e+03    4.98047e-01
    2.50827e+20         3.34273e+03    4.98047e-01
    2.50827e+20         3.04164e+03    4.98047e-01
    2.50827e+20         2.85981e+03    4.98047e-01
    2.50827e+20         2.65413e+03    4.98047e-01
    2.50827e+20         2.41533e+03    4.98047e-01
    2.50827e+20         2.27115e+03    4.98047e-01
    2.50827e+20         2.10809e+03    4.98047e-01
    2.50827e+20         1.91883e+03    4.98047e-01
    2.50827e+20         1.80461e+03    4.98047e-01
    2.50827e+20         1.67547e+03    4.98047e-01
    2.50827e+20         1.52566e+03    4.98047e-01
    2.50827e+20         1.43533e+03    4.98047e-01
    2.50827e+20         1.33326e+03    4.98047e-01
    2.50827e+20         1.21497e+03    4.98047e-01
    2.50827e+20         1.14375e+03    4.98047e-01
    2.50827e+20         1.06338e+03    4.98047e-01
    2.50827e+20         9.70399e+02    4.98047e-01
    2.50827e+20         9.14575e+02    4.98047e-01
    2.50827e+20         8.51728e+02    4.98047e-01
    2.50827e+20         7.79264e+02    4.98047e-01
    2.50827e+20         7.35980e+02    4.98047e-01
    2.50827e+20         6.87455e+02    4.98047e-01
    2.50827e+20         6.31839e+02    4.98047e-01
    2.50827e+20         5.98919e+02    4.98047e-01
    2.50827e+20         5.62282e+02    4.98047e-01
    2.50827e+20         5.20714e+02    4.98047e-01
    2.50827e+20         4.72245e+02    4.98047e-01
    2.50827e+20         4.42780e+02    4.98047e-01
    2.50827e+20         4.09264e+02    4.98047e-01
    2.50827e+20         3.70033e+02    4.98047e-01
    2.50827e+20         3.46038e+02    4.98047e-01
    2.50827e+20         3.18600e+02    4.98047e-01
    2.50827e+20         3.02416e+02    4.98047e-01
    2.50827e+20         2.84453e+02    4.98047e-01
    2.50827e+20         2.64151e+02    4.98047e-01
    2.50827e+20         2.40607e+02    4.98047e-01
    2.50827e+20         2.26419e+02    4.98047e-01
    2.50827e+20         2.10397e+02    4.98047e-01
    2.50827e+20         1.91842e+02    4.98047e-01
    2.50827e+20         1.80682e+02    4.98047e-01
    2.50827e+20         1.68102e+02    4.98047e-01
    2.50827e+20         1.53569e+02    4.98047e-01
    2.50827e+20         1.44862e+02    4.98047e-01
    2.50827e+20         1.35077e+02    4.98047e-01
    2.50827e+20         1.23822e+02    4.98047e-01
    2.50827e+20         1.17126e+02    4.98047e-01
    2.50827e+20         1.09641e+02    4.98047e-01
    2.50827e+20         1.01100e+02    4.98047e-01
    2.50827e+20         9.10553e+01    4.98047e-01
    2.50827e+20         8.48635e+01    4.98047e-01
    2.50827e+20         7.77353e+01    4.98047e-01
    2.50827e+20         7.34876e+01    4.98047e-01
    2.50827e+20         6.87346e+01    4.98047e-01
    2.50827e+20         6.33015e+01    4.98047e-01
    2.50827e+20         6.00987e+01    4.98047e-01
    2.50827e+20         5.65454e+01    4.98047e-01
    2.50827e+20         5.25314e+01    4.98047e-01
    2.50827e+20         4.78807e+01    4.98047e-01
    2.50827e+20         4.50816e+01    4.98047e-01
    2.50827e+20         4.19242e+01    4.98047e-01
    2.50827e+20         3.82732e+01    4.98047e-01
    2.50827e+20         3.60829e+01    4.98047e-01
    2.50827e+20         3.36185e+01    4.98047e-01
    2.50827e+20         3.07796e+01    4.98047e-01
    2.50827e+20         2.90863e+01    4.98047e-01
    2.50827e+20         2.71900e+01    4.98047e-01
    2.50827e+20         2.50200e+01    4.98047e-01
    2.50827e+20         2.37387e+01    4.98047e-01
    2.50827e+20         2.23153e+01    4.98047e-01
    2.50827e+20         2.07045e+01    4.98047e-01
    2.50827e+20         1.88333e+01    4.98047e-01
    2.50827e+20         1.77026e+01    4.98047e-01
    2.50827e+20         1.64228e+01    4.98047e-01
    2.50827e+20         1.49357e+01    4.98047e-01
    2.50827e+20         1.40368e+01    4.98047e-01
    2.50827e+20         1.30190e+01    4.98047e-01
    2.50827e+20         1.18359e+01    4.98047e-01
    2.50827e+20         1.11202e+01    4.98047e-01
    2.50827e+20         1.03093e+01    4.98047e-01
    2.50827e+20         9.36593e+00    4.98047e-01
    2.50827e+20         8.79442e+00    4.98047e-01
    2.50827e+20         8.14622e+00    4.98047e-01
    2.50827e+20         7.39076e+00    4.98047e-01
    2.50827e+20         6.93186e+00    4.98047e-01
    2.50827e+20         6.41019e+00    4.98047e-01
    2.50827e+20         5.80016e+00    4.98047e-01
    2.50827e+20         5.42761e+00    4.98047e-01
    2.50827e+20         5.00216e+00    4.98047e-01
    2.50827e+20         4.75171e+00    4.98047e-01
    2.50827e+20         4.47416e+00    4.98047e-01
    2.50827e+20         4.16112e+00    4.98047e-01
    2.50827e+20         3.79919e+00    4.98047e-01
    2.50827e+20         3.58211e+00    4.98047e-01
    2.50827e+20         3.33793e+00    4.98047e-01
    2.50827e+20         3.05670e+00    4.98047e-01
    2.50827e+20         2.88903e+00    4.98047e-01
    2.50827e+20         2.70133e+00    4.98047e-01
    2.50827e+20         2.48663e+00    4.98047e-01
    2.50827e+20         2.35995e+00    4.98047e-01
    2.50827e+20         2.21930e+00    4.98047e-01
    2.50827e+20         2.06025e+00    4.98047e-01
    2.50827e+20         1.87571e+00    4.98047e-01
    2.50827e+20         1.76439e+00    4.98047e-01
    2.50827e+20         1.63857e+00    4.98047e-01
    2.50827e+20         1.49270e+00    4.98047e-01
    2.50827e+20         1.40481e+00    4.98047e-01
    2.50827e+20         1.30558e+00    4.98047e-01
    2.50827e+20         1.19069e+00    4.98047e-01
    2.50827e+20         1.12162e+00    4.98047e-01
    2.50827e+20         1.04379e+00    4.98047e-01
    2.50827e+20         9.53916e-01    4.98047e-01
    2.50827e+20         9.00113e-01    4.98047e-01
    2.50827e+20         8.39687e-01    4.98047e-01
    2.50827e+20         7.70250e-01    4.98047e-01
    2.50827e+20         7.28990e-01    4.98047e-01
    2.50827e+20         6.82927e-01    4.98047e-01
    2.50827e+20         6.30440e-01    4.98047e-01
    2.50827e+20         5.68851e-01    4.98047e-01
    2.50827e+20         5.31027e-01    4.98047e-01
    2.50827e+20         4.87623e-01    4.98047e-01
    2.50827e+20         4.61885e-01    4.98047e-01
    2.50827e+20         4.33200e-01    4.98047e-01
    2.50827e+20         4.00589e-01    4.98047e-01
    2.50827e+20         3.62453e-01    4.98047e-01
    2.50827e+20         3.39162e-01    4.98047e-01
    2.50827e+20         3.12561e-01    4.98047e-01
    2.50827e+20         2.96901e-01    4.98047e-01
    2.50827e+20         2.79544e-01    4.98047e-01
    2.50827e+20         2.59966e-01    4.98047e-01
    2.50827e+20         2.37328e-01    4.98047e-01
    2.50827e+20         2.23747e-01    4.98047e-01
    2.50827e+20         2.08466e-01    4.98047e-01
    2.50827e+20         1.90864e-01    4.98047e-01
    2.50827e+20         1.80365e-01    4.98047e-01
    2.50827e+20         1.68607e-01    4.98047e-01
    2.50827e+20         1.55153e-01    4.98047e-01
    2.50827e+20         1.47208e-01    4.98047e-01
    2.50827e+20         1.38383e-01    4.98047e-01
    2.50827e+20         1.28397e-01    4.98047e-01
    2.50827e+20         1.16796e-01    4.98047e-01
    2.50827e+20         1.09787e-01    4.98047e-01
    2.50827e+20         1.01853e-01    4.98047e-01
    2.50827e+20         9.26361e-02    4.98047e-01
    2.50827e+20         8.70647e-02    4.98047e-01
    2.50827e+20         8.07574e-02    4.98047e-01
    2.50827e+20         7.34265e-02    4.98047e-01
    2.50827e+20         6.89926e-02    4.98047e-01
    2.50827e+20         6.39704e-02    4.98047e-01
    2.50827e+20         5.81288e-02    4.98047e-01
    2.50827e+20         5.45914e-02    4.98047e-01
    2.50827e+20         5.05807e-02    4.98047e-01
    2.50827e+20         4.59088e-02    4.98047e-01
    2.50827e+20         4.30732e-02    4.98047e-01
    2.50827e+20         3.98520e-02    4.98047e-01
    2.50827e+20         3.60890e-02    4.98047e-01
    2.50827e+20         3.37947e-02    4.98047e-01
    2.50827e+20         3.11782e-02    4.98047e-01
    2.50827e+20         2.81043e-02    4.98047e-01
    2.50827e+20         2.62127e-02    4.98047e-01
    2.50827e+20         2.40382e-02    4.98047e-01
    2.50827e+20         2.27454e-02    4.98047e-01
    2.50827e+20         2.13014e-02    4.98047e-01
    2.50827e+20         1.96550e-02    4.98047e-01
    2.50827e+20         1.77213e-02    4.98047e-01
    2.50827e+20         1.65319e-02    4.98047e-01
    2.50827e+20         1.51652e-02    4.98047e-01
    2.50827e+20         1.43532e-02    4.98047e-01
    2.50827e+20         1.34466e-02    4.98047e-01
    2.50827e+20         1.24137e-02    4.98047e-01
    2.50827e+20         1.12018e-02    4.98047e-01
    2.50827e+20         1.04576e-02    4.98047e-01
    2.50827e+20         9.60377e-03    4.98047e-01
    2.50827e+20         9.09755e-03    4.98047e-01
    2.50827e+20         8.53343e-03    4.98047e-01
    2.50827e+20         7.89225e-03    4.98047e-01
    2.50827e+20         7.14267e-03    4.98047e-01
    2.50827e+20         6.68508e-03    4.98047e-01
    2.50827e+20         6.16271e-03    4.98047e-01
    2.50827e+20         5.54802e-03    4.98047e-01
    2.50827e+20         5.16881e-03    4.98047e-01
    2.50827e+20         4.73190e-03    4.98047e-01
    2.50827e+20         4.47125e-03    4.98047e-01
    2.50827e+20         4.17932e-03    4.98047e-01
    2.50827e+20         3.84519e-03    4.98047e-01
    2.50827e+20         3.64782e-03    4.98047e-01
    2.50827e+20         3.42852e-03    4.98047e-01
    2.50827e+20         3.18027e-03    4.98047e-01
    2.50827e+20         2.89175e-03    4.98047e-01
    2.50827e+20         2.71727e-03    4.98047e-01
    2.50827e+20         2.51966e-03    4.98047e-01
    2.50827e+20         2.28984e-03    4.98047e-01
    2.50827e+20         2.15070e-03    4.98047e-01
    2.50827e+20         1.99299e-03    4.98047e-01
    2.50827e+20         1.80932e-03    4.98047e-01
    2.50827e+20         1.69789e-03    4.98047e-01
    2.50827e+20         1.57136e-03    4.98047e-01
    2.50827e+20         1.42363e-03    4.98047e-01
    2.50827e+20         1.33364e-03    4.98047e-01
    2.50827e+20         1.23110e-03    4.98047e-01
    2.50827e+20         1.11077e-03    4.98047e-01
    2.50827e+20         1.03685e-03    4.98047e-01
    2.50827e+20         9.52030e-04    4.98047e-01
    2.50827e+20         9.01724e-04    4.98047e-01
    2.50827e+20         8.45648e-04    4.98047e-01
    2.50827e+20         7.81889e-04    4.98047e-01
    2.50827e+20         7.07307e-04    4.98047e-01
    2.50827e+20         6.61737e-04    4.98047e-01
    2.50827e+20         6.09674e-04    4.98047e-01
    2.50827e+20         5.79007e-04    4.98047e-01
    2.50827e+20         5.45006e-04    4.98047e-01
    2.50827e+20         5.06630e-04    4.98047e-01
    2.50827e+20         4.62220e-04    4.98047e-01
    2.50827e+20         4.35543e-04    4.98047e-01
    2.50827e+20         4.05497e-04    4.98047e-01
    2.50827e+20         3.70835e-04    4.98047e-01
    2.50827e+20         3.50113e-04    4.98047e-01
    2.50827e+20         3.26864e-04    4.98047e-01
    2.50827e+20         3.00192e-04    4.98047e-01
    2.50827e+20         2.84380e-04    4.98047e-01
    2.50827e+20         2.66761e-04    4.98047e-01
    2.50827e+20         2.46738e-04    4.98047e-01
    2.50827e+20         2.23333e-04    4.98047e-01
    2.50827e+20         2.09050e-04    4.98047e-01
    2.50827e+20         1.92748e-04    4.98047e-01
    2.50827e+20         1.73571e-04    4.98047e-01
    2.50827e+20         1.61747e-04    4.98047e-01
    2.50827e+20         1.48132e-04    4.98047e-01
    2.50827e+20         1.40015e-04    4.98047e-01
    2.50827e+20         1.30930e-04    4.98047e-01
    2.50827e+20         1.20540e-04    4.98047e-01
    2.50827e+20         1.14411e-04    4.98047e-01
    2.50827e+20         1.07608e-04    4.98047e-01
    2.50827e+20         9.99168e-05    4.98047e-01
    2.50827e+20         9.09966e-05    4.98047e-01
    2.50827e+20         8.56191e-05    4.98047e-01
    2.50827e+20         7.95450e-05    4.98047e-01
    2.50827e+20         7.25079e-05    4.98047e-01
    2.50827e+20         6.82732e-05    4.98047e-01
    2.50827e+20         6.34968e-05    4.98047e-01
    2.50827e+20         5.79749e-05    4.98047e-01
    2.50827e+20         5.46629e-05    4.98047e-01
    2.50827e+20         5.09375e-05    4.98047e-01
    2.50827e+20         4.66472e-05    4.98047e-01
    2.50827e+20         4.40893e-05    4.98047e-01
    2.50827e+20         4.12260e-05    4.98047e-01
    2.50827e+20         3.79511e-05    4.98047e-01
    2.50827e+20         3.60189e-05    4.98047e-01
    2.50827e+20         3.38738e-05    4.98047e-01
    2.50827e+20         3.14485e-05    4.98047e-01
    2.50827e+20         2.86346e-05    4.98047e-01
    2.50827e+20         2.69375e-05    4.98047e-01
    2.50827e+20         2.50199e-05    4.98047e-01


