              t                   M              a
    1.23833e-21         1.00000e+17    8.00000e-01
    2.47665e-21         1.00000e+17    8.00000e-01
    4.95331e-21         1.00000e+17    8.00000e-01
    9.90662e-21         1.00000e+17    8.00000e-01
    1.98132e-20         1.00000e+17    8.00000e-01
    3.96265e-20         1.00000e+17    8.00000e-01
    7.92530e-20         1.00000e+17    8.00000e-01
    1.58506e-19         1.00000e+17    8.00000e-01
    3.17012e-19         1.00000e+17    8.00000e-01
    6.34024e-19         1.00000e+17    8.00000e-01
    1.26805e-18         1.00000e+17    8.00000e-01
    2.53609e-18         1.00000e+17    8.00000e-01
    5.07219e-18         1.00000e+17    8.00000e-01
    1.01444e-17         1.00000e+17    8.00000e-01
    2.02888e-17         1.00000e+17    8.00000e-01
    4.05775e-17         1.00000e+17    8.00000e-01
    8.11550e-17         1.00000e+17    8.00000e-01
    1.62310e-16         1.00000e+17    8.00000e-01
    3.24620e-16         1.00000e+17    8.00000e-01
    6.49240e-16         1.00000e+17    8.00000e-01
    1.29848e-15         1.00000e+17    8.00000e-01
    2.59696e-15         1.00000e+17    8.00000e-01
    5.19392e-15         1.00000e+17    8.00000e-01
    1.03878e-14         1.00000e+17    8.00000e-01
    2.07757e-14         1.00000e+17    8.00000e-01
    4.15514e-14         1.00000e+17    8.00000e-01
    8.31027e-14         1.00000e+17    8.00000e-01
    1.66205e-13         1.00000e+17    8.00000e-01
    3.32411e-13         1.00000e+17    8.00000e-01
    6.64822e-13         1.00000e+17    8.00000e-01
    1.32964e-12         1.00000e+17    8.00000e-01
    2.65929e-12         1.00000e+17    8.00000e-01
    5.31858e-12         1.00000e+17    8.00000e-01
    1.06372e-11         1.00000e+17    8.00000e-01
    2.12743e-11         1.00000e+17    8.00000e-01
    4.25486e-11         9.99999e+16    7.99999e-01
    8.50972e-11         9.99998e+16    7.99998e-01
    1.70194e-10         9.99997e+16    7.99996e-01
    3.40389e-10         9.99994e+16    7.99993e-01
    6.80778e-10         9.99988e+16    7.99986e-01
    1.36156e-09         9.99975e+16    7.99972e-01
    2.72311e-09         9.99951e+16    7.99944e-01
    5.44622e-09         9.99902e+16    7.99887e-01
    1.08924e-08         9.99804e+16    7.99775e-01
    2.17849e-08         9.99608e+16    7.99550e-01
    4.35698e-08         9.99216e+16    7.99100e-01
    8.71395e-08         9.98433e+16    7.98204e-01
    1.74279e-07         9.96869e+16    7.96418e-01
    3.48558e-07         9.93756e+16    7.92878e-01
    6.97116e-07         9.87583e+16    7.85924e-01
    1.39423e-06         9.75343e+16    7.72433e-01
    2.09135e-06         9.63233e+16    7.59702e-01
    2.78847e-06         9.51240e+16    7.47700e-01
    3.48558e-06         9.39256e+16    7.36300e-01
    4.18270e-06         9.27205e+16    7.25399e-01
    4.87981e-06         9.15074e+16    7.14980e-01
    5.57693e-06         9.02828e+16    7.04994e-01
    6.27405e-06         8.90390e+16    6.95377e-01
    6.97116e-06         8.77742e+16    6.86119e-01
    7.66828e-06         8.64865e+16    6.77209e-01
    8.36540e-06         8.51709e+16    6.68596e-01
    9.06251e-06         8.38205e+16    6.60257e-01
    9.75963e-06         8.24323e+16    6.52186e-01
    1.04567e-05         8.10030e+16    6.44375e-01
    1.11539e-05         7.95289e+16    6.36802e-01
    1.18510e-05         7.80068e+16    6.29340e-01
    1.25481e-05         7.64310e+16    6.22001e-01
    1.32452e-05         7.47960e+16    6.14782e-01
    1.39423e-05         7.30953e+16    6.07680e-01
    1.46394e-05         7.13201e+16    6.00694e-01
    1.53366e-05         6.94551e+16    5.93834e-01
    1.60337e-05         6.74883e+16    5.87097e-01
    1.67308e-05         6.54047e+16    5.80480e-01
    1.74279e-05         6.31862e+16    5.73970e-01
    1.81250e-05         6.08092e+16    5.67562e-01
    1.88221e-05         5.82451e+16    5.61106e-01
    1.95193e-05         5.54534e+16    5.54547e-01
    2.02164e-05         5.23770e+16    5.47851e-01
    2.09135e-05         4.89325e+16    5.40983e-01
    2.16106e-05         4.49915e+16    5.33865e-01
    2.19592e-05         4.26621e+16    5.30134e-01
    2.23077e-05         4.00702e+16    5.26266e-01
    2.26563e-05         3.71314e+16    5.22210e-01
    2.30048e-05         3.37075e+16    5.17921e-01
    2.31791e-05         3.16292e+16    5.15616e-01
    2.33534e-05         2.92684e+16    5.13184e-01
    2.35277e-05         2.65109e+16    5.10588e-01
    2.36148e-05         2.48300e+16    5.09178e-01
    2.37020e-05         2.29136e+16    5.07682e-01
    2.37891e-05         2.06629e+16    5.06072e-01
    2.38327e-05         1.92790e+16    5.05190e-01
    2.38762e-05         1.76891e+16    5.04248e-01
    2.38980e-05         1.67447e+16    5.03738e-01
    2.39198e-05         1.56909e+16    5.03199e-01
    2.39416e-05         1.44906e+16    5.02625e-01
    2.39634e-05         1.30832e+16    5.02005e-01
    2.39743e-05         1.22200e+16    5.01663e-01
    2.39852e-05         1.12304e+16    5.01298e-01
    2.39906e-05         1.06446e+16    5.01099e-01
    2.39961e-05         9.99255e+15    5.00889e-01
    2.40015e-05         9.25258e+15    5.00666e-01
    2.40069e-05         8.38952e+15    5.00424e-01
    2.40097e-05         7.86463e+15    5.00291e-01
    2.40124e-05         7.26733e+15    5.00149e-01
    2.40151e-05         6.56781e+15    4.99995e-01
    2.40165e-05         6.13957e+15    4.99910e-01
    2.40178e-05         5.64950e+15    4.99818e-01
    2.40185e-05         5.36011e+15    4.99767e-01
    2.40192e-05         5.03863e+15    4.99713e-01
    2.40199e-05         4.67482e+15    4.99653e-01
    2.40206e-05         4.25216e+15    4.99589e-01
    2.40209e-05         3.99674e+15    4.99552e-01
    2.40212e-05         3.70762e+15    4.99513e-01
    2.40216e-05         3.37165e+15    4.99470e-01
    2.40218e-05         3.16852e+15    4.99446e-01
    2.40219e-05         2.93852e+15    4.99420e-01
    2.40221e-05         2.67109e+15    4.99391e-01
    2.40222e-05         2.50926e+15    4.99375e-01
    2.40223e-05         2.32588e+15    4.99357e-01
    2.40223e-05         2.11245e+15    4.99338e-01
    2.40224e-05         1.98308e+15    4.99327e-01
    2.40224e-05         1.83628e+15    4.99316e-01
    2.40225e-05         1.66507e+15    4.99303e-01
    2.40225e-05         1.56096e+15    4.99295e-01
    2.40225e-05         1.44250e+15    4.99287e-01
    2.40225e-05         1.30377e+15    4.99279e-01
    2.40225e-05         1.21887e+15    4.99274e-01
    2.40226e-05         1.12172e+15    4.99268e-01
    2.40226e-05         1.06436e+15    4.99266e-01
    2.40226e-05         1.00066e+15    4.99262e-01
    2.40226e-05         9.28597e+14    4.99259e-01
    2.40226e-05         8.44908e+14    4.99255e-01
    2.40226e-05         7.94365e+14    4.99253e-01
    2.40226e-05         7.37184e+14    4.99251e-01
    2.40226e-05         6.70789e+14    4.99248e-01
    2.40226e-05         6.30694e+14    4.99247e-01
    2.40226e-05         5.85339e+14    4.99245e-01
    2.40226e-05         5.32684e+14    4.99244e-01
    2.40226e-05         5.00894e+14    4.99243e-01
    2.40226e-05         4.64941e+14    4.99242e-01
    2.40226e-05         4.23212e+14    4.99241e-01
    2.40226e-05         3.98030e+14    4.99240e-01
    2.40226e-05         3.69562e+14    4.99239e-01
    2.40226e-05         3.36538e+14    4.99238e-01
    2.40226e-05         3.16627e+14    4.99238e-01
    2.40226e-05         2.94132e+14    4.99238e-01
    2.40226e-05         2.68066e+14    4.99237e-01
    2.40226e-05         2.52375e+14    4.99237e-01
    2.40226e-05         2.34671e+14    4.99237e-01
    2.40226e-05         2.14197e+14    4.99236e-01
    2.40226e-05         2.01909e+14    4.99236e-01
    2.40226e-05         1.88079e+14    4.99236e-01
    2.40226e-05         1.72142e+14    4.99236e-01
    2.40226e-05         1.62629e+14    4.99236e-01
    2.40226e-05         1.51971e+14    4.99235e-01
    2.40226e-05         1.39765e+14    4.99235e-01
    2.40226e-05         1.32550e+14    4.99235e-01
    2.40226e-05         1.24528e+14    4.99235e-01
    2.40226e-05         1.15438e+14    4.99235e-01
    2.40226e-05         1.04862e+14    4.99235e-01
    2.40226e-05         9.84529e+13    4.99235e-01
    2.40226e-05         9.11824e+13    4.99235e-01
    2.40226e-05         8.27063e+13    4.99235e-01
    2.40226e-05         7.75550e+13    4.99235e-01
    2.40226e-05         7.16968e+13    4.99235e-01
    2.40226e-05         6.48420e+13    4.99235e-01
    2.40226e-05         6.06517e+13    4.99235e-01
    2.40226e-05         5.58624e+13    4.99235e-01
    2.40226e-05         5.30396e+13    4.99235e-01
    2.40226e-05         4.99082e+13    4.99235e-01
    2.40226e-05         4.63716e+13    4.99234e-01
    2.40226e-05         4.22750e+13    4.99234e-01
    2.40226e-05         3.98105e+13    4.99234e-01
    2.40226e-05         3.70314e+13    4.99234e-01
    2.40226e-05         3.38195e+13    4.99234e-01
    2.40226e-05         3.18941e+13    4.99234e-01
    2.40226e-05         2.97291e+13    4.99234e-01
    2.40226e-05         2.72374e+13    4.99234e-01
    2.40226e-05         2.57531e+13    4.99234e-01
    2.40226e-05         2.40928e+13    4.99234e-01
    2.40226e-05         2.21958e+13    4.99234e-01
    2.40226e-05         2.10783e+13    4.99234e-01
    2.40226e-05         1.98391e+13    4.99234e-01
    2.40226e-05         1.84403e+13    4.99234e-01
    2.40226e-05         1.68212e+13    4.99234e-01
    2.40226e-05         1.58483e+13    4.99234e-01
    2.40226e-05         1.47523e+13    4.99234e-01
    2.40226e-05         1.34873e+13    4.99234e-01
    2.40226e-05         1.27307e+13    4.99234e-01
    2.40226e-05         1.18814e+13    4.99234e-01
    2.40226e-05         1.09064e+13    4.99234e-01
    2.40226e-05         1.03278e+13    4.99234e-01
    2.40226e-05         9.68262e+12    4.99234e-01
    2.40226e-05         8.94856e+12    4.99234e-01
    2.40226e-05         8.08912e+12    4.99234e-01
    2.40226e-05         7.56324e+12    4.99234e-01
    2.40226e-05         6.96169e+12    4.99234e-01
    2.40226e-05         6.60669e+12    4.99234e-01
    2.40226e-05         6.21251e+12    4.99234e-01
    2.40226e-05         5.76673e+12    4.99234e-01
    2.40226e-05         5.24936e+12    4.99234e-01
    2.40226e-05         4.93717e+12    4.99234e-01
    2.40226e-05         4.58425e+12    4.99234e-01
    2.40226e-05         4.17490e+12    4.99234e-01
    2.40226e-05         3.92813e+12    4.99234e-01
    2.40226e-05         3.64937e+12    4.99234e-01
    2.40226e-05         3.32640e+12    4.99234e-01
    2.40226e-05         3.13203e+12    4.99234e-01
    2.40226e-05         2.91279e+12    4.99234e-01
    2.40226e-05         2.65931e+12    4.99234e-01
    2.40226e-05         2.50725e+12    4.99234e-01
    2.40226e-05         2.33619e+12    4.99234e-01
    2.40226e-05         2.13917e+12    4.99234e-01
    2.40226e-05         2.02167e+12    4.99234e-01
    2.40226e-05         1.89012e+12    4.99234e-01
    2.40226e-05         1.73962e+12    4.99234e-01
    2.40226e-05         1.65079e+12    4.99234e-01
    2.40226e-05         1.55214e+12    4.99234e-01
    2.40226e-05         1.44055e+12    4.99234e-01
    2.40226e-05         1.31101e+12    4.99234e-01
    2.40226e-05         1.23280e+12    4.99234e-01
    2.40226e-05         1.14436e+12    4.99234e-01
    2.40226e-05         1.04172e+12    4.99234e-01
    2.40226e-05         9.79788e+11    4.99234e-01
    2.40226e-05         9.09779e+11    4.99234e-01
    2.40226e-05         8.28581e+11    4.99234e-01
    2.40226e-05         7.79634e+11    4.99234e-01
    2.40226e-05         7.24349e+11    4.99234e-01
    2.40226e-05         6.60303e+11    4.99234e-01
    2.40226e-05         6.21767e+11    4.99234e-01
    2.40226e-05         5.78305e+11    4.99234e-01
    2.40226e-05         5.28065e+11    4.99234e-01
    2.40226e-05         4.97939e+11    4.99234e-01
    2.40226e-05         4.64056e+11    4.99234e-01
    2.40226e-05         4.25045e+11    4.99234e-01
    2.40226e-05         4.01794e+11    4.99234e-01
    2.40226e-05         3.75775e+11    4.99234e-01
    2.40226e-05         3.46028e+11    4.99234e-01
    2.40226e-05         3.28488e+11    4.99234e-01
    2.40226e-05         3.09024e+11    4.99234e-01
    2.40226e-05         2.87031e+11    4.99234e-01
    2.40226e-05         2.61538e+11    4.99234e-01
    2.40226e-05         2.46186e+11    4.99234e-01
    2.40226e-05         2.28859e+11    4.99234e-01
    2.40226e-05         2.08810e+11    4.99234e-01
    2.40226e-05         1.96768e+11    4.99234e-01
    2.40226e-05         1.83206e+11    4.99234e-01
    2.40226e-05         1.67563e+11    4.99234e-01
    2.40226e-05         1.58213e+11    4.99234e-01
    2.40226e-05         1.47725e+11    4.99234e-01
    2.40226e-05         1.35694e+11    4.99234e-01
    2.40226e-05         1.28566e+11    4.99234e-01
    2.40226e-05         1.20624e+11    4.99234e-01
    2.40226e-05         1.11602e+11    4.99234e-01
    2.40226e-05         1.01063e+11    4.99234e-01
    2.40226e-05         9.46376e+10    4.99234e-01
    2.40226e-05         8.73094e+10    4.99234e-01
    2.40226e-05         7.86996e+10    4.99234e-01
    2.40226e-05         7.34012e+10    4.99234e-01
    2.40226e-05         6.73102e+10    4.99234e-01
    2.40226e-05         6.36887e+10    4.99234e-01
    2.40226e-05         5.96435e+10    4.99234e-01
    2.40226e-05         5.50310e+10    4.99234e-01
    2.40226e-05         4.96130e+10    4.99234e-01
    2.40226e-05         4.62799e+10    4.99234e-01
    2.40226e-05         4.24495e+10    4.99234e-01
    2.40226e-05         4.01731e+10    4.99234e-01
    2.40226e-05         3.76314e+10    4.99234e-01
    2.40226e-05         3.47347e+10    4.99234e-01
    2.40226e-05         3.13348e+10    4.99234e-01
    2.40226e-05         2.92459e+10    4.99234e-01
    2.40226e-05         2.68479e+10    4.99234e-01
    2.40226e-05         2.54252e+10    4.99234e-01
    2.40226e-05         2.38388e+10    4.99234e-01
    2.40226e-05         2.20343e+10    4.99234e-01
    2.40226e-05         1.99220e+10    4.99234e-01
    2.40226e-05         1.86301e+10    4.99234e-01
    2.40226e-05         1.71527e+10    4.99234e-01
    2.40226e-05         1.62814e+10    4.99234e-01
    2.40226e-05         1.53142e+10    4.99234e-01
    2.40226e-05         1.42210e+10    4.99234e-01
    2.40226e-05         1.29533e+10    4.99234e-01
    2.40226e-05         1.21893e+10    4.99234e-01
    2.40226e-05         1.13266e+10    4.99234e-01
    2.40226e-05         1.03273e+10    4.99234e-01
    2.40226e-05         9.72639e+09    4.99234e-01
    2.40226e-05         9.04888e+09    4.99234e-01
    2.40226e-05         8.26612e+09    4.99234e-01
    2.40226e-05         7.79711e+09    4.99234e-01
    2.40226e-05         7.26997e+09    4.99234e-01
    2.40226e-05         6.66362e+09    4.99234e-01
    2.40226e-05         6.30276e+09    4.99234e-01
    2.40226e-05         5.89939e+09    4.99234e-01
    2.40226e-05         5.43898e+09    4.99234e-01
    2.40226e-05         4.89733e+09    4.99234e-01
    2.40226e-05         4.56328e+09    4.99234e-01
    2.40226e-05         4.17853e+09    4.99234e-01
    2.40226e-05         3.94910e+09    4.99234e-01
    2.40226e-05         3.69223e+09    4.99234e-01
    2.40226e-05         3.39839e+09    4.99234e-01
    2.40226e-05         3.22496e+09    4.99234e-01
    2.40226e-05         3.03237e+09    4.99234e-01
    2.40226e-05         2.81455e+09    4.99234e-01
    2.40226e-05         2.56170e+09    4.99234e-01
    2.40226e-05         2.40909e+09    4.99234e-01
    2.40226e-05         2.23654e+09    4.99234e-01
    2.40226e-05         2.03632e+09    4.99234e-01
    2.40226e-05         1.91557e+09    4.99234e-01
    2.40226e-05         1.77910e+09    4.99234e-01
    2.40226e-05         1.62090e+09    4.99234e-01
    2.40226e-05         1.52561e+09    4.99234e-01
    2.40226e-05         1.41804e+09    4.99234e-01
    2.40226e-05         1.29353e+09    4.99234e-01
    2.40226e-05         1.21871e+09    4.99234e-01
    2.40226e-05         1.13443e+09    4.99234e-01
    2.40226e-05         1.03715e+09    4.99234e-01
    2.40226e-05         9.78966e+08    4.99234e-01
    2.40226e-05         9.13656e+08    4.99234e-01
    2.40226e-05         8.38674e+08    4.99234e-01
    2.40226e-05         7.94180e+08    4.99234e-01
    2.40226e-05         7.44561e+08    4.99234e-01
    2.40226e-05         6.88107e+08    4.99234e-01
    2.40226e-05         6.22011e+08    4.99234e-01
    2.40226e-05         5.81566e+08    4.99234e-01
    2.40226e-05         5.35300e+08    4.99234e-01
    2.40226e-05         5.07996e+08    4.99234e-01
    2.40226e-05         4.77677e+08    4.99234e-01
    2.40226e-05         4.43388e+08    4.99234e-01
    2.40226e-05         4.03590e+08    4.99234e-01
    2.40226e-05         3.79573e+08    4.99234e-01
    2.40226e-05         3.52420e+08    4.99234e-01
    2.40226e-05         3.20922e+08    4.99234e-01
    2.40226e-05         3.01930e+08    4.99234e-01
    2.40226e-05         2.80474e+08    4.99234e-01
    2.40226e-05         2.55609e+08    4.99234e-01
    2.40226e-05         2.40640e+08    4.99234e-01
    2.40226e-05         2.23752e+08    4.99234e-01
    2.40226e-05         2.04217e+08    4.99234e-01
    2.40226e-05         1.92491e+08    4.99234e-01
    2.40226e-05         1.79294e+08    4.99234e-01
    2.40226e-05         1.64082e+08    4.99234e-01
    2.40226e-05         1.55001e+08    4.99234e-01
    2.40226e-05         1.44824e+08    4.99234e-01
    2.40226e-05         1.33167e+08    4.99234e-01
    2.40226e-05         1.26273e+08    4.99234e-01
    2.40226e-05         1.18606e+08    4.99234e-01
    2.40226e-05         1.09916e+08    4.99234e-01
    2.40226e-05         9.97967e+07    4.99234e-01
    2.40226e-05         9.36593e+07    4.99234e-01
    2.40226e-05         8.66912e+07    4.99234e-01
    2.40226e-05         7.85578e+07    4.99234e-01
    2.40226e-05         7.36054e+07    4.99234e-01
    2.40226e-05         6.79643e+07    4.99234e-01
    2.40226e-05         6.13478e+07    4.99234e-01
    2.40226e-05         5.72874e+07    4.99234e-01
    2.40226e-05         5.26311e+07    4.99234e-01
    2.40226e-05         4.98728e+07    4.99234e-01
    2.40226e-05         4.68009e+07    4.99234e-01
    2.40226e-05         4.33126e+07    4.99234e-01
    2.40226e-05         3.92397e+07    4.99234e-01
    2.40226e-05         3.67586e+07    4.99234e-01
    2.40226e-05         3.39312e+07    4.99234e-01
    2.40226e-05         3.06130e+07    4.99234e-01
    2.40226e-05         2.85748e+07    4.99234e-01
    2.40226e-05         2.62354e+07    4.99234e-01
    2.40226e-05         2.48478e+07    4.99234e-01
    2.40226e-05         2.33009e+07    4.99234e-01
    2.40226e-05         2.15418e+07    4.99234e-01
    2.40226e-05         1.94836e+07    4.99234e-01
    2.40226e-05         1.82256e+07    4.99234e-01
    2.40226e-05         1.67880e+07    4.99234e-01
    2.40226e-05         1.59408e+07    4.99234e-01
    2.40226e-05         1.50012e+07    4.99234e-01
    2.40226e-05         1.39401e+07    4.99234e-01
    2.40226e-05         1.27114e+07    4.99234e-01
    2.40226e-05         1.19726e+07    4.99234e-01
    2.40226e-05         1.11397e+07    4.99234e-01
    2.40226e-05         1.01777e+07    4.99234e-01
    2.40226e-05         9.60140e+06    4.99234e-01
    2.40226e-05         8.95388e+06    4.99234e-01
    2.40226e-05         8.20933e+06    4.99234e-01
    2.40226e-05         7.76646e+06    4.99234e-01
    2.40226e-05         7.27164e+06    4.99234e-01
    2.40226e-05         6.70719e+06    4.99234e-01
    2.40226e-05         6.04374e+06    4.99234e-01
    2.40226e-05         5.63519e+06    4.99234e-01
    2.40226e-05         5.16525e+06    4.99234e-01
    2.40226e-05         4.88558e+06    4.99234e-01
    2.40226e-05         4.57298e+06    4.99234e-01
    2.40226e-05         4.21617e+06    4.99234e-01
    2.40226e-05         3.79642e+06    4.99234e-01
    2.40226e-05         3.53757e+06    4.99234e-01
    2.40226e-05         3.23945e+06    4.99234e-01
    2.40226e-05         3.06169e+06    4.99234e-01
    2.40226e-05         2.86269e+06    4.99234e-01
    2.40226e-05         2.63507e+06    4.99234e-01
    2.40226e-05         2.50074e+06    4.99234e-01
    2.40226e-05         2.35160e+06    4.99234e-01
    2.40226e-05         2.18294e+06    4.99234e-01
    2.40226e-05         1.98721e+06    4.99234e-01
    2.40226e-05         1.86912e+06    4.99234e-01
    2.40226e-05         1.73563e+06    4.99234e-01
    2.40226e-05         1.58082e+06    4.99234e-01
    2.40226e-05         1.48751e+06    4.99234e-01
    2.40226e-05         1.38213e+06    4.99234e-01
    2.40226e-05         1.26007e+06    4.99234e-01
    2.40226e-05         1.18664e+06    4.99234e-01
    2.40226e-05         1.10385e+06    4.99234e-01
    2.40226e-05         1.00817e+06    4.99234e-01
    2.40226e-05         9.50812e+05    4.99234e-01
    2.40226e-05         8.86332e+05    4.99234e-01
    2.40226e-05         8.12128e+05    4.99234e-01
    2.40226e-05         7.67936e+05    4.99234e-01
    2.40226e-05         7.18512e+05    4.99234e-01
    2.40226e-05         6.62054e+05    4.99234e-01
    2.40226e-05         6.28805e+05    4.99234e-01
    2.40226e-05         5.91948e+05    4.99234e-01
    2.40226e-05         5.50357e+05    4.99234e-01
    2.40226e-05         5.02244e+05    4.99234e-01
    2.40226e-05         4.73357e+05    4.99234e-01
    2.40226e-05         4.40837e+05    4.99234e-01
    2.40226e-05         4.03341e+05    4.99234e-01
    2.40226e-05         3.80946e+05    4.99234e-01
    2.40226e-05         3.55841e+05    4.99234e-01
    2.40226e-05         3.27067e+05    4.99234e-01
    2.40226e-05         3.10038e+05    4.99234e-01
    2.40226e-05         2.91087e+05    4.99234e-01
    2.40226e-05         2.69587e+05    4.99234e-01
    2.40226e-05         2.44522e+05    4.99234e-01
    2.40226e-05         2.29289e+05    4.99234e-01
    2.40226e-05         2.11964e+05    4.99234e-01
    2.40226e-05         1.91691e+05    4.99234e-01
    2.40226e-05         1.79297e+05    4.99234e-01
    2.40226e-05         1.65130e+05    4.99234e-01
    2.40226e-05         1.56779e+05    4.99234e-01
    2.40226e-05         1.47515e+05    4.99234e-01
    2.40226e-05         1.37051e+05    4.99234e-01
    2.40226e-05         1.24928e+05    4.99234e-01
    2.40226e-05         1.17633e+05    4.99234e-01
    2.40226e-05         1.09405e+05    4.99234e-01
    2.40226e-05         9.98926e+04    4.99234e-01
    2.40226e-05         9.41877e+04    4.99234e-01
    2.40226e-05         8.77707e+04    4.99234e-01
    2.40226e-05         8.03811e+04    4.99234e-01
    2.40226e-05         7.59757e+04    4.99234e-01
    2.40226e-05         7.10446e+04    4.99234e-01
    2.40226e-05         6.54053e+04    4.99234e-01
    2.40226e-05         6.20785e+04    4.99234e-01
    2.40226e-05         5.83855e+04    4.99234e-01
    2.40226e-05         5.42105e+04    4.99234e-01
    2.40226e-05         4.93678e+04    4.99234e-01
    2.40226e-05         4.64481e+04    4.99234e-01
    2.40226e-05         4.31497e+04    4.99234e-01
    2.40226e-05         3.93279e+04    4.99234e-01
    2.40226e-05         3.70275e+04    4.99234e-01
    2.40226e-05         3.44324e+04    4.99234e-01
    2.40226e-05         3.14314e+04    4.99234e-01
    2.40226e-05         2.96307e+04    4.99234e-01
    2.40226e-05         2.76045e+04    4.99234e-01
    2.40226e-05         2.52699e+04    4.99234e-01
    2.40226e-05         2.38770e+04    4.99234e-01
    2.40226e-05         2.23167e+04    4.99234e-01
    2.40226e-05         2.05308e+04    4.99234e-01
    2.40226e-05         1.94756e+04    4.99234e-01
    2.40226e-05         1.83031e+04    4.99234e-01
    2.40226e-05         1.69755e+04    4.99234e-01
    2.40226e-05         1.54322e+04    4.99234e-01
    2.40226e-05         1.44984e+04    4.99234e-01
    2.40226e-05         1.34406e+04    4.99234e-01
    2.40226e-05         1.22096e+04    4.99234e-01
    2.40226e-05         1.14638e+04    4.99234e-01
    2.40226e-05         1.06177e+04    4.99234e-01
    2.40226e-05         9.63146e+03    4.99234e-01
    2.40226e-05         9.03217e+03    4.99234e-01
    2.40226e-05         8.35072e+03    4.99234e-01
    2.40226e-05         7.55351e+03    4.99234e-01
    2.40226e-05         7.06633e+03    4.99234e-01
    2.40226e-05         6.50966e+03    4.99234e-01
    2.40226e-05         6.18168e+03    4.99234e-01
    2.40226e-05         5.81798e+03    4.99234e-01
    2.40226e-05         5.40738e+03    4.99234e-01
    2.40226e-05         4.93206e+03    4.99234e-01
    2.40226e-05         4.64638e+03    4.99234e-01
    2.40226e-05         4.32450e+03    4.99234e-01
    2.40226e-05         3.95291e+03    4.99234e-01
    2.40226e-05         3.73055e+03    4.99234e-01
    2.40226e-05         3.48088e+03    4.99234e-01
    2.40226e-05         3.19412e+03    4.99234e-01
    2.40226e-05         3.02384e+03    4.99234e-01
    2.40226e-05         2.83384e+03    4.99234e-01
    2.40226e-05         2.61751e+03    4.99234e-01
    2.40226e-05         2.36394e+03    4.99234e-01
    2.40226e-05         2.20850e+03    4.99234e-01
    2.40226e-05         2.03041e+03    4.99234e-01
    2.40226e-05         1.92506e+03    4.99234e-01
    2.40226e-05         1.80786e+03    4.99234e-01
    2.40226e-05         1.67498e+03    4.99234e-01
    2.40226e-05         1.52017e+03    4.99234e-01
    2.40226e-05         1.42620e+03    4.99234e-01
    2.40226e-05         1.31943e+03    4.99234e-01
    2.40226e-05         1.19469e+03    4.99234e-01
    2.40226e-05         1.11862e+03    4.99234e-01
    2.40226e-05         1.03185e+03    4.99234e-01
    2.40226e-05         9.29867e+02    4.99234e-01
    2.40226e-05         8.67079e+02    4.99234e-01
    2.40226e-05         7.94868e+02    4.99234e-01
    2.40226e-05         7.51904e+02    4.99234e-01
    2.40226e-05         7.03890e+02    4.99234e-01
    2.40226e-05         6.49103e+02    4.99234e-01
    2.40226e-05         5.84677e+02    4.99234e-01
    2.40226e-05         5.44974e+02    4.99234e-01
    2.40226e-05         4.99274e+02    4.99234e-01
    2.40226e-05         4.72050e+02    4.99234e-01
    2.40226e-05         4.41596e+02    4.99234e-01
    2.40226e-05         4.06796e+02    4.99234e-01
    2.40226e-05         3.86291e+02    4.99234e-01
    2.40226e-05         3.63552e+02    4.99234e-01
    2.40226e-05         3.37880e+02    4.99234e-01
    2.40226e-05         3.08158e+02    4.99234e-01
    2.40226e-05         2.90292e+02    4.99234e-01
    2.40226e-05         2.70160e+02    4.99234e-01
    2.40226e-05         2.46915e+02    4.99234e-01
    2.40226e-05         2.33001e+02    4.99234e-01
    2.40226e-05         2.17376e+02    4.99234e-01
    2.40226e-05         1.99423e+02    4.99234e-01
    2.40226e-05         1.88758e+02    4.99234e-01
    2.40226e-05         1.76854e+02    4.99234e-01
    2.40226e-05         1.63294e+02    4.99234e-01
    2.40226e-05         1.47387e+02    4.99234e-01
    2.40226e-05         1.37625e+02    4.99234e-01
    2.40226e-05         1.26428e+02    4.99234e-01
    2.40226e-05         1.19794e+02    4.99234e-01
    2.40226e-05         1.12405e+02    4.99234e-01
    2.40226e-05         1.04013e+02    4.99234e-01
    2.40226e-05         9.42123e+01    4.99234e-01
    2.40226e-05         8.82391e+01    4.99234e-01
    2.40226e-05         8.14299e+01    4.99234e-01
    2.40226e-05         7.34343e+01    4.99234e-01
    2.40226e-05         6.85185e+01    4.99234e-01
    2.40226e-05         6.28720e+01    4.99234e-01
    2.40226e-05         5.95190e+01    4.99234e-01
    2.40226e-05         5.57774e+01    4.99234e-01
    2.40226e-05         5.15171e+01    4.99234e-01
    2.40226e-05         4.65230e+01    4.99234e-01
    2.40226e-05         4.34611e+01    4.99234e-01
    2.40226e-05         3.99525e+01    4.99234e-01
    2.40226e-05         3.78766e+01    4.99234e-01
    2.40226e-05         3.55669e+01    4.99234e-01
    2.40226e-05         3.29474e+01    4.99234e-01
    2.40226e-05         2.98949e+01    4.99234e-01
    2.40226e-05         2.80410e+01    4.99234e-01
    2.40226e-05         2.59340e+01    4.99234e-01
    2.40226e-05         2.34706e+01    4.99234e-01
    2.40226e-05         2.19668e+01    4.99234e-01
    2.40226e-05         2.02500e+01    4.99234e-01
    2.40226e-05         1.82298e+01    4.99234e-01
    2.40226e-05         1.69835e+01    4.99234e-01
    2.40226e-05         1.55475e+01    4.99234e-01
    2.40226e-05         1.46907e+01    4.99234e-01
    2.40226e-05         1.37311e+01    4.99234e-01
    2.40226e-05         1.26327e+01    4.99234e-01
    2.40226e-05         1.19838e+01    4.99234e-01
    2.40226e-05         1.12628e+01    4.99234e-01
    2.40226e-05         1.04465e+01    4.99234e-01
    2.40226e-05         9.49758e+00    4.99234e-01
    2.40226e-05         8.92361e+00    4.99234e-01
    2.40226e-05         8.27342e+00    4.99234e-01
    2.40226e-05         7.51702e+00    4.99234e-01
    2.40226e-05         7.05888e+00    4.99234e-01
    2.40226e-05         6.53934e+00    4.99234e-01
    2.40226e-05         5.93397e+00    4.99234e-01
    2.40226e-05         5.56638e+00    4.99234e-01
    2.40226e-05         5.14863e+00    4.99234e-01
    2.40226e-05         4.66034e+00    4.99234e-01
    2.40226e-05         4.36236e+00    4.99234e-01
    2.40226e-05         4.02227e+00    4.99234e-01
    2.40226e-05         3.62225e+00    4.99234e-01
    2.40226e-05         3.37562e+00    4.99234e-01
    2.40226e-05         3.09164e+00    4.99234e-01
    2.40226e-05         2.92236e+00    4.99234e-01
    2.40226e-05         2.73291e+00    4.99234e-01
    2.40226e-05         2.51628e+00    4.99234e-01
    2.40226e-05         2.38851e+00    4.99234e-01
    2.40226e-05         2.24671e+00    4.99234e-01
    2.40226e-05         2.08644e+00    4.99234e-01
    2.40226e-05         1.90060e+00    4.99234e-01
    2.40226e-05         1.78863e+00    4.99234e-01
    2.40226e-05         1.66219e+00    4.99234e-01
    2.40226e-05         1.51579e+00    4.99234e-01
    2.40226e-05         1.42777e+00    4.99234e-01
    2.40226e-05         1.32855e+00    4.99234e-01
    2.40226e-05         1.21397e+00    4.99234e-01
    2.40226e-05         1.14535e+00    4.99234e-01
    2.40226e-05         1.06827e+00    4.99234e-01
    2.40226e-05         9.79655e-01    4.99234e-01
    2.40226e-05         9.26971e-01    4.99234e-01
    2.40226e-05         8.68129e-01    4.99234e-01
    2.40226e-05         8.01040e-01    4.99234e-01
    2.40226e-05         7.22243e-01    4.99234e-01
    2.40226e-05         6.73778e-01    4.99234e-01
    2.40226e-05         6.18091e-01    4.99234e-01
    2.40226e-05         5.85004e-01    4.99234e-01
    2.40226e-05         5.48069e-01    4.99234e-01
    2.40226e-05         5.05987e-01    4.99234e-01
    2.40226e-05         4.56615e-01    4.99234e-01
    2.40226e-05         4.26302e-01    4.99234e-01
    2.40226e-05         3.91525e-01    4.99234e-01
    2.40226e-05         3.70910e-01    4.99234e-01
    2.40226e-05         3.47940e-01    4.99234e-01
    2.40226e-05         3.21837e-01    4.99234e-01
    2.40226e-05         2.91328e-01    4.99234e-01
    2.40226e-05         2.72711e-01    4.99234e-01
    2.40226e-05         2.51466e-01    4.99234e-01
    2.40226e-05         2.26479e-01    4.99234e-01
    2.40226e-05         2.11077e-01    4.99234e-01
    2.40226e-05         1.93345e-01    4.99234e-01
    2.40226e-05         1.82778e-01    4.99234e-01
    2.40226e-05         1.70954e-01    4.99234e-01
    2.40226e-05         1.57438e-01    4.99234e-01
    2.40226e-05         1.49470e-01    4.99234e-01
    2.40226e-05         1.40630e-01    4.99234e-01
    2.40226e-05         1.30643e-01    4.99234e-01
    2.40226e-05         1.19071e-01    4.99234e-01
    2.40226e-05         1.12106e-01    4.99234e-01
    2.40226e-05         1.04248e-01    4.99234e-01
    2.40226e-05         9.51613e-02    4.99234e-01
    2.40226e-05         8.97088e-02    4.99234e-01
    2.40226e-05         8.35732e-02    4.99234e-01
    2.40226e-05         7.65038e-02    4.99234e-01
    2.40226e-05         7.22856e-02    4.99234e-01
    2.40226e-05         6.75608e-02    4.99234e-01
    2.40226e-05         6.21520e-02    4.99234e-01
    2.40226e-05         5.89564e-02    4.99234e-01
    2.40226e-05         5.54050e-02    4.99234e-01
    2.40226e-05         5.13838e-02    4.99234e-01
    2.40226e-05         4.67085e-02    4.99234e-01
    2.40226e-05         4.38795e-02    4.99234e-01
    2.40226e-05         4.06739e-02    4.99234e-01
    2.40226e-05         3.69431e-02    4.99234e-01
    2.40226e-05         3.46819e-02    4.99234e-01
    2.40226e-05         3.21163e-02    4.99234e-01
    2.40226e-05         2.91244e-02    4.99234e-01
    2.40226e-05         2.73053e-02    4.99234e-01
    2.40226e-05         2.52357e-02    4.99234e-01
    2.40226e-05         2.28128e-02    4.99234e-01
    2.40226e-05         2.13303e-02    4.99234e-01
    2.40226e-05         1.96347e-02    4.99234e-01
    2.40226e-05         1.86340e-02    4.99234e-01
    2.40226e-05         1.75231e-02    4.99234e-01
    2.40226e-05         1.62668e-02    4.99234e-01
    2.40226e-05         1.48090e-02    4.99234e-01
    2.40226e-05         1.39295e-02    4.99234e-01
    2.40226e-05         1.29354e-02    4.99234e-01
    2.40226e-05         1.17827e-02    4.99234e-01
    2.40226e-05         1.10881e-02    4.99234e-01
    2.40226e-05         1.03037e-02    4.99234e-01
    2.40226e-05         9.39532e-03    4.99234e-01
    2.40226e-05         8.84907e-03    4.99234e-01
    2.40226e-05         8.23329e-03    4.99234e-01
    2.40226e-05         7.52195e-03    4.99234e-01
    2.40226e-05         7.09584e-03    4.99234e-01
    2.40226e-05         6.61701e-03    4.99234e-01
    2.40226e-05         6.06637e-03    4.99234e-01
    2.40226e-05         5.73880e-03    4.99234e-01
    2.40226e-05         5.37277e-03    4.99234e-01
    2.40226e-05         4.95516e-03    4.99234e-01
    2.40226e-05         4.46421e-03    4.99234e-01
    2.40226e-05         4.16176e-03    4.99234e-01
    2.40226e-05         3.81377e-03    4.99234e-01
    2.40226e-05         3.60657e-03    4.99234e-01
    2.40226e-05         3.37487e-03    4.99234e-01
    2.40226e-05         3.11028e-03    4.99234e-01
    2.40226e-05         2.95451e-03    4.99234e-01
    2.40226e-05         2.78189e-03    4.99234e-01
    2.40226e-05         2.58718e-03    4.99234e-01
    2.40226e-05         2.36205e-03    4.99234e-01
    2.40226e-05         2.22702e-03    4.99234e-01
    2.40226e-05         2.07510e-03    4.99234e-01
    2.40226e-05         1.90013e-03    4.99234e-01
    2.40226e-05         1.79580e-03    4.99234e-01
    2.40226e-05         1.67898e-03    4.99234e-01
    2.40226e-05         1.54535e-03    4.99234e-01
    2.40226e-05         1.46647e-03    4.99234e-01
    2.40226e-05         1.37889e-03    4.99234e-01
    2.40226e-05         1.27982e-03    4.99234e-01
    2.40226e-05         1.16483e-03    4.99234e-01
    2.40226e-05         1.09542e-03    4.99234e-01
    2.40226e-05         1.01693e-03    4.99234e-01
    2.40226e-05         9.25863e-04    4.99234e-01
    2.40226e-05         8.70931e-04    4.99234e-01
    2.40226e-05         8.08851e-04    4.99234e-01
    2.40226e-05         7.36876e-04    4.99234e-01
    2.40226e-05         6.93515e-04    4.99234e-01
    2.40226e-05         6.44562e-04    4.99234e-01
    2.40226e-05         5.87891e-04    4.99234e-01
    2.40226e-05         5.53829e-04    4.99234e-01
    2.40226e-05         5.15449e-04    4.99234e-01
    2.40226e-05         4.71140e-04    4.99234e-01
    2.40226e-05         4.44623e-04    4.99234e-01
    2.40226e-05         4.14848e-04    4.99234e-01
    2.40226e-05         3.80646e-04    4.99234e-01
    2.40226e-05         3.60334e-04    4.99234e-01
    2.40226e-05         3.37667e-04    4.99234e-01
    2.40226e-05         3.11855e-04    4.99234e-01
    2.40226e-05         2.81594e-04    4.99234e-01
    2.40226e-05         2.63036e-04    4.99234e-01
    2.40226e-05         2.41767e-04    4.99234e-01
    2.40226e-05         2.29180e-04    4.99234e-01
    2.40226e-05         2.15171e-04    4.99234e-01
    2.40226e-05         1.99280e-04    4.99234e-01
    2.40226e-05         1.80752e-04    4.99234e-01
    2.40226e-05         1.69492e-04    4.99234e-01
    2.40226e-05         1.56686e-04    4.99234e-01
    2.40226e-05         1.41701e-04    4.99234e-01
    2.40226e-05         1.32541e-04    4.99234e-01
    2.40226e-05         1.22070e-04    4.99234e-01
    2.40226e-05         1.15898e-04    4.99234e-01
    2.40226e-05         1.09050e-04    4.99234e-01
    2.40226e-05         1.01317e-04    4.99234e-01
    2.40226e-05         9.23571e-05    4.99234e-01
    2.40226e-05         8.69659e-05    4.99234e-01
    2.40226e-05         8.08857e-05    4.99234e-01
    2.40226e-05         7.38569e-05    4.99234e-01
    2.40226e-05         6.96418e-05    4.99234e-01
    2.40226e-05         6.49010e-05    4.99234e-01
    2.40226e-05         5.94424e-05    4.99234e-01
    2.40226e-05         5.61888e-05    4.99234e-01
    2.40226e-05         5.25474e-05    4.99234e-01
    2.40226e-05         4.83839e-05    4.99234e-01
    2.40226e-05         4.59285e-05    4.99234e-01
    2.40226e-05         4.32035e-05    4.99234e-01
    2.40226e-05         4.01239e-05    4.99234e-01
    2.40226e-05         3.65534e-05    4.99234e-01
    2.40226e-05         3.44024e-05    4.99234e-01
    2.40226e-05         3.19740e-05    4.99234e-01
    2.40226e-05         2.91627e-05    4.99234e-01
    2.40226e-05         2.74730e-05    4.99234e-01
    2.40226e-05         2.55690e-05    4.99234e-01


