time                   Mass                   Q                  dMdt                dQdt                   fM                      hM                      delta_t               
2e-30                  1e+17                  0.9                -870700.7343148887  0.0                    1.545531487336709e+111  0.0                     1e-30                 
4.1435888100000014e-30 1e+17                  0.9                -870700.7343148887  0.0                    1.545531487336709e+111  0.0                     2.1435888100000016e-30
8.320836979415658e-30  1e+17                  0.9                -870700.7343148887  0.0                    1.545531487336709e+111  0.0                     4.177248169415656e-30 
1.727513941196805e-29  1e+17                  0.9                -870700.7343148887  0.0                    1.545531487336709e+111  0.0                     8.954302432552392e-30 
3.4724541680854506e-29 1e+17                  0.9                -870700.7343148887  0.0                    1.545531487336709e+111  0.0                     1.7449402268886456e-29
7.212888512562816e-29  1e+17                  0.9                -870700.7343148887  0.0                    1.545531487336709e+111  0.0                     3.7404343444773645e-29
1.450193688107315e-28  1e+17                  0.9                -870700.7343148887  0.0                    1.545531487336709e+111  0.0                     7.289048368510335e-29 
3.0126659399360673e-28 1e+17                  0.9                -870700.7343148887  0.0                    1.545531487336709e+111  0.0                     1.5624722518287521e-28
6.057482335350265e-28  1e+17                  0.9                -870700.7343148887  0.0                    1.545531487336709e+111  0.0                     3.0448163954141973e-28
1.2584316689064679e-27 1e+17                  0.9                -870700.7343148887  0.0                    1.545531487336709e+111  0.0                     6.526834353714413e-28 
2.5303270403015413e-27 1e+17                  0.9                -870700.7343148887  0.0                    1.545531487336709e+111  0.0                     1.2718953713950733e-27
5.2567477259148165e-27 1e+17                  0.9                -870700.7343148887  0.0                    1.545531487336709e+111  0.0                     2.726420685613275e-27 
1.0569770337763133e-26 1e+17                  0.9                -870700.7343148887  0.0                    1.545531487336709e+111  0.0                     5.3130226118483166e-27
2.1958706155798167e-26 1e+17                  0.9                -870700.7343148887  0.0                    1.545531487336709e+111  0.0                     1.1388935818035033e-26
4.4152520135205533e-26 1e+17                  0.9                -870700.7343148887  0.0                    1.545531487336709e+111  0.0                     2.219381397940737e-26 
9.172693143268478e-26  1e+17                  0.9                -870700.7343148887  0.0                    1.545531487336709e+111  0.0                     4.7574411297479245e-26
1.8443600025051581e-25 1e+17                  0.9                -870700.7343148887  0.0                    1.545531487336709e+111  0.0                     9.270906881783103e-26 
3.8316612275393845e-25 1e+17                  0.9                -870700.7343148887  0.0                    1.545531487336709e+111  0.0                     1.9873012250342263e-25
7.7043491076145315e-25 1e+17                  0.9                -870700.7343148887  0.0                    1.545531487336709e+111  0.0                     3.872687880075147e-25 
1.6005799511966243e-24 1e+17                  0.9                -870700.7343148887  0.0                    1.545531487336709e+111  0.0                     8.301450404351711e-25 
3.218297786972835e-24  1e+17                  0.9                -870700.7343148887  0.0                    1.545531487336709e+111  0.0                     1.6177178357762105e-24
6.68601963748014e-24   1e+17                  0.9                -870700.7343148887  0.0                    1.545531487336709e+111  0.0                     3.467721850507305e-24 
1.3443628505607374e-23 1e+17                  0.9                -870700.7343148887  0.0                    1.545531487336709e+111  0.0                     6.757608868127232e-24 
2.7929163257681685e-23 1e+17                  0.9                -870700.7343148887  0.0                    1.545531487336709e+111  0.0                     1.4485534752074308e-23
5.615737253169318e-23  1e+17                  0.9                -870700.7343148887  0.0                    1.545531487336709e+111  0.0                     2.8228209274011485e-23
1.1666704605780247e-22 1e+17                  0.9                -870700.7343148887  0.0                    1.545531487336709e+111  0.0                     6.05096735261093e-23  
2.34583281573549e-22   1e+17                  0.9                -870700.7343148887  0.0                    1.545531487336709e+111  0.0                     1.1791623551574655e-22
4.873472045424281e-22  1e+17                  0.9                -870700.7343148887  0.0                    1.545531487336709e+111  0.0                     2.527639229688791e-22 
9.799125834949659e-22  1e+17                  0.9                -870700.7343148887  0.0                    1.545531487336709e+111  0.0                     4.925653789525378e-22 
2.0357702180110363e-21 1e+17                  0.9                -870700.7343148887  0.0                    1.545531487336709e+111  0.0                     1.0558576345160702e-21
4.093338045558054e-21  1e+17                  0.9                -870700.7343148887  0.0                    1.545531487336709e+111  0.0                     2.057567827547018e-21 
8.503917416503853e-21  1e+17                  0.9                -870700.7343148887  0.0                    1.545531487336709e+111  0.0                     4.4105793709457994e-21
1.7098888857573177e-20 1e+17                  0.9                -870700.7343148887  0.0                    1.545531487336709e+111  0.0                     8.594971441069326e-21 
3.552297346091897e-20  1e+17                  0.9                -870700.7343148887  0.0                    1.545531487336709e+111  0.0                     1.8424084603345794e-20
7.142630217930567e-20  1e+17                  0.9                -870700.7343148887  0.0                    1.545531487336709e+111  0.0                     3.5903328718386696e-20
1.4838827586179109e-19 1e+17                  0.9                -870700.7343148887  0.0                    1.545531487336709e+111  0.0                     7.696197368248543e-20 
2.9836539002660053e-19 1e+17                  0.9                -870700.7343148887  0.0                    1.545531487336709e+111  0.0                     1.4997711416480942e-19
6.198546537063788e-19  1e+17                  0.9                -870700.7343148887  0.0                    1.545531487336709e+111  0.0                     3.214892636797782e-19 
1.2463462793055717e-18 1e+17                  0.9                -870700.7343148887  0.0                    1.545531487336709e+111  0.0                     6.26491625599193e-19  
2.589286717498712e-18  1e+17                  0.9                -870700.7343148887  0.0                    1.545531487336709e+111  0.0                     1.3429404381931403e-18
5.2062977136871784e-18 1e+17                  0.9                -870700.7343148887  0.0                    1.545531487336709e+111  0.0                     2.617010996188467e-18 
1.0816093200763733e-17 1e+17                  0.9                -870700.7343148887  0.0                    1.545531487336709e+111  0.0                     5.609795487076554e-18 
2.174799759393265e-17  1e+17                  0.9                -870700.7343148887  0.0                    1.545531487336709e+111  0.0                     1.0931904393168915e-17
4.518150552311939e-17  1e+17                  0.9                -870700.7343148887  0.0                    1.545531487336709e+111  0.0                     2.3433507929186742e-17
9.084678313771121e-17  1e+17                  0.9                -870700.7343148887  0.0                    1.545531487336709e+111  0.0                     4.566527761459182e-17 
1.887343612378938e-16  1e+17                  0.9                -870700.7343148887  0.0                    1.545531487336709e+111  0.0                     9.788757810018259e-17 
3.794895585593052e-16  1e+17                  0.9                -870700.7343148887  0.0                    1.545531487336709e+111  0.0                     1.907551973214114e-16 
7.883902649868248e-16  1e+17                  0.9                -870700.7343148887  0.0                    1.545531487336709e+111  0.0                     4.0890070642751956e-16
1.5852220638042127e-15 1e+17                  0.9                -870700.7343148887  0.0                    1.545531487336709e+111  0.0                     7.968317988173879e-16 
3.293301791201338e-15  1e+17                  0.9                -870700.7343148887  0.0                    1.545531487336709e+111  0.0                     1.708079727397125e-15 
6.621865964143455e-15  1e+17                  0.9                -870700.7343148887  0.0                    1.545531487336709e+111  0.0                     3.3285641729421173e-15
1.3756938878629088e-14 1e+17                  0.9                -870700.7343148887  0.0                    1.545531487336709e+111  0.0                     7.135072914485632e-15 
2.7661177476834088e-14 1e+17                  0.9                -870700.7343148887  0.0                    1.545531487336709e+111  0.0                     1.3904238598204999e-14
5.746614774751643e-14  1e+17                  0.9                -870700.7343148887  0.0                    1.545531487336709e+111  0.0                     2.980497027068234e-14 
1.1554760297898677e-13 1e+17                  0.9                -870700.7343148887  0.0                    1.545531487336709e+111  0.0                     5.808145523147034e-14 
2.4005036048168267e-13 1e+17                  0.9                -870700.7343148887  0.0                    1.545531487336709e+111  0.0                     1.245027575026959e-13 
4.826710130243396e-13  1e+17                  0.9                -870700.7343148887  0.0                    1.545531487336709e+111  0.0                     2.426206525426569e-13 
1.0027499288896772e-12 1e+17                  0.9                -870700.7343148887  0.0                    1.545531487336709e+111  0.0                     5.200789158653376e-13 
2.0162366055859228e-12 1e+17                  0.9                -870700.7343148887  0.0                    1.545531487336709e+111  0.0                     1.0134866766962454e-12
4.188735304836083e-12  1e+17                  0.9                -870700.7343148887  0.0                    1.545531487336709e+111  0.0                     2.1724986992501603e-12
8.42232066979263e-12   1e+17                  0.9                -870700.7343148887  0.0                    1.545531487336709e+111  0.0                     4.233585364956546e-12 
1.7497386884293254e-11 1e+17                  0.9                -870700.7343148887  0.0                    1.545531487336709e+111  0.0                     9.075066214500623e-12 
3.51821236001229e-11   1e+17                  0.9                -870700.7343148887  0.0                    1.545531487336709e+111  0.0                     1.7684736715829647e-11
7.30909273319715e-11   1e+17                  0.9                -870700.7343148887  0.0                    1.545531487336709e+111  0.0                     3.7908803731848605e-11
1.4696446140476875e-10 1e+17                  0.9                -870700.7343148887  0.0                    1.545531487336709e+111  0.0                     7.387353407279724e-11 
3.0531894239837076e-10 1e+17                  0.9                -870700.7343148887  0.0                    1.545531487336709e+111  0.0                     1.58354480993602e-10  
6.139070273722281e-10  1e+17                  0.9                -870700.7343148887  0.0                    1.545531487336709e+111  0.0                     3.085880849738574e-10 
1.2753929932215183e-09 1e+17                  0.9                -870700.7343148887  0.0                    1.545531487336709e+111  0.0                     6.614859658492902e-10 
2.564442006282047e-09  1e+17                  0.9                -870700.7343148887  0.0                    1.545531487336709e+111  0.0                     1.2890490130605285e-09
5.327633046220141e-09  1e+17                  0.9                -870700.7343148887  0.0                    1.545531487336709e+111  0.0                     2.763191039938095e-09 
1.0712310676314294e-08 1e+17                  0.9                -870700.7343148887  0.0                    1.545531487336709e+111  0.0                     5.384677630094152e-09 
2.2254845389641446e-08 1e+17                  0.9                -870700.7343148887  0.0                    1.545531487336709e+111  0.0                     1.154253471332715e-08 
4.4747980162845676e-08 1e+17                  0.9                -870700.7343148887  0.0                    1.545531487336709e+111  0.0                     2.2493134773204227e-08
9.296401216450819e-08  1e+17                  0.9                -870700.7343148887  0.0                    1.545531487336709e+111  0.0                     4.821603200166251e-08 
1.869234182202952e-07  1e+17                  0.9                -870700.7343148887  0.0                    1.545531487336709e+111  0.0                     9.395940605578702e-08 
3.8833374963572663e-07 1e+17                  0.9                -870700.7343148887  0.0                    1.545531487336709e+111  0.0                     2.0141033141543142e-07
7.808255065816452e-07  1e+17                  0.9                -870700.7343148887  0.0                    1.545531487336709e+111  0.0                     3.9249175694591865e-07
1.6221664447881567e-06 1e+17                  0.9                -870700.7343148887  0.0                    1.545531487336709e+111  0.0                     8.413409382065115e-07 
3.26170191800123e-06   1e+17                  0.9                -870700.7343148887  0.0                    1.545531487336709e+111  0.0                     1.639535473213073e-06 
6.776191811978831e-06  1e+17                  0.9                -870700.7343148887  0.0                    1.545531487336709e+111  0.0                     3.5144898939776014e-06
1.3624938366150174e-05 1e+17                  0.9                -870700.7343148887  0.0                    1.545531487336709e+111  0.0                     6.848746554171342e-06 
2.830583484219793e-05  9.999999999999998e+16  0.9                -870700.734314889   0.0                    1.545531487336709e+111  0.0                     1.4680896476047757e-05
5.691474884840195e-05  9.999999999999997e+16  0.9                -870700.7343148898  0.0                    1.5455314873367097e+111 0.0                     2.8608914006204027e-05
0.00011824049677835323 9.999999999999992e+16  0.9                -870700.7343148903  0.0                    1.5455314873367092e+111 0.0                     6.132574792995128e-05 
0.00023774703043973896 9.999999999999982e+16  0.9                -870700.7343148921  0.0                    1.5455314873367092e+111 0.0                     0.00011950653366138572
0.0004939198987181739  9.99999999999996e+16   0.9                -870700.7343148952  0.0                    1.5455314873367076e+111 0.0                     0.0002561728682784349 
0.0009931283476884078  9.999999999999917e+16  0.9                -870700.7343149032  0.0                    1.5455314873367084e+111 0.0                     0.000499208448970234  
0.002063225992758458   9.999999999999824e+16  0.9                -870700.7343149199  0.0                    1.5455314873367095e+111 0.0                     0.0010700976450700504 
0.004148543572376197   9.999999999999642e+16  0.9                -870700.7343149515  0.0                    1.5455314873367092e+111 0.0                     0.002085317579617739  
0.00861860700134107    9.999999999999253e+16  0.9                -870700.7343150192  0.0                    1.5455314873367092e+111 0.0                     0.004470063428964873  
0.01732949604344956    9.999999999998493e+16  0.9                -870700.7343151511  0.0                    1.545531487336709e+111  0.0                     0.00871088904210849   
0.03600206031926495    9.999999999996867e+16  0.9                -870700.7343154345  0.0                    1.5455314873367092e+111 0.0                     0.01867256427581539   
0.07238960562439553    9.9999999999937e+16    0.9                -870700.7343159858  0.0                    1.5455314873367084e+111 0.0                     0.03638754530513059   
0.15038954056384155    9.999999999986909e+16  0.9                -870700.7343171679  0.0                    1.5455314873367076e+111 0.0                     0.07799993493944601   
0.30238934757922753    9.999999999973674e+16  0.9                -870700.7343194733  0.0                    1.5455314873367087e+111 0.0                     0.151999807015386     
0.6282144330195687     9.999999999945304e+16  0.9                -870700.7343244137  0.0                    1.545531487336709e+111  0.0                     0.3258250854403412    
1.263155348626123      9.999999999890021e+16  0.9                -870700.7343340409  0.0                    1.5455314873367092e+111 0.0                     0.6349409156065544    
2.6242075903314888     9.999999999771514e+16  0.9                -870700.7343546781  0.0                    1.5455314873367097e+111 0.0                     1.3610522417053657    
5.27651336773607       9.999999999540576e+16  0.9                -870700.7343948928  0.0                    1.5455314873367087e+111 0.0                     2.652305777404581     
10.961966352878884     9.999999999045542e+16  0.9                -870700.7344810979  0.0                    1.5455314873367087e+111 0.0                     5.685452985142814     
22.041305806272735     9.999999998080866e+16  0.9                -870700.7346490865  0.0                    1.5455314873367076e+111 0.0                     11.079339453393851    
45.79085388075933      9.99999999601299e+16   0.9                -870700.7350091874  0.0                    1.5455314873367092e+111 0.0                     23.749548074486594    
92.07200433078346      9.999999991983288e+16  0.9                -870700.7357109206  0.0                    1.5455314873367095e+111 0.0                     46.28115045002413     
191.2797605493817      9.99999998334526e+16   0.9                -870700.7372151467  0.0                    1.5455314873367073e+111 0.0                     99.20775621859826     
384.60761154519554     9.999999966512189e+16  0.9                -870700.7401464611  0.0                    1.545531487336709e+111  0.0                     193.32785099581383    
799.0230296011698      9.999999930429008e+16  0.9                -870700.7464299918  0.0                    1.5455314873367092e+111 0.0                     414.41541805597427    
1606.6014412704963     9.999999860113094e+16  0.9                -870700.7586748155  0.0                    1.545531487336709e+111  0.0                     807.5784116693263     
3337.717487722439      9.99999970938469e+16   0.9                -870700.7849226836  0.0                    1.5455314873367087e+111 0.0                     1731.1160464519423    
6711.172929527735      9.999999415657659e+16  0.9                -870700.836072358   0.0                    1.5455314873367073e+111 0.0                     3373.4554418052962    
13942.47426561518      9.999998786027646e+16  0.9                -870700.9457162515  0.0                    1.5455314873367095e+111 0.0                     7231.301336087444     
28034.23483450164      9.99999755905672e+16   0.9                -870701.159381266   0.0                    1.5455314873367095e+111 0.0                     14091.76056888646     
58241.17510316591      9.99999492893493e+16   0.9                -870701.6173915764  0.0                    1.5455314873367084e+111 0.0                     30206.940268664268    
117105.95614339059     9.999989803568925e+16  0.9                -870702.5099256093  0.0                    1.5455314873367084e+111 0.0                     58864.78104022469     
243287.84208431648     9.999978816880445e+16  0.9                -870704.4231581606  0.0                    1.5455314873367092e+111 0.0                     126181.88594092589    
489180.64092764846     9.999957406885686e+16  0.9                -870708.1515334591  0.0                    1.5455314873367092e+111 0.0                     245892.79884333198    
1016273.6929877962     9.999911512463984e+16  0.9                -870716.1437519372  0.0                    1.5455314873367084e+111 0.0                     527093.0520601476     
2043428.9368285965     9.999822076398688e+16  0.9                -870731.7187838793  0.0                    1.5455314873367084e+111 0.0                     1027155.2438408005    
4245227.423658559      9.999630358820602e+16  0.9                -870765.1072533673  0.0                    1.545531487336709e+111  0.0                     2201798.4868299626    
8535909.785698235      9.999256741171885e+16  0.9                -870830.1799479367  0.0                    1.545531487336709e+111  0.0                     4290682.362039675     
17733368.484230854     9.998455798710536e+16  0.9                -870969.7040541315  0.0                    1.5455314873367092e+111 0.0                     9197458.69853262      
35656613.52660513      9.99689473836751e+16   0.9                -871241.7370118123  0.0                    1.5455314873367084e+111 0.0                     17923245.042374272    
74076681.03832662      9.993547421732008e+16  0.9                -871825.4757473285  0.0                    1.5455314873367081e+111 0.0                     38420067.51172149     
148946523.5815728      9.987020078122568e+16  0.9                -872965.468272855   0.0                    1.545531487336708e+111  0.0                     74869842.54324618     
309436680.2637374      9.973009841644445e+16  0.9                -875419.9015092353  0.0                    1.545531487336709e+111  0.0                     160490156.68216458    
622186592.971951       9.94563109186644e+16   0.9                -880246.320694744   0.0                    1.5455314873367092e+111 0.0                     312749912.70821357    
1292593806.1817548     9.886618743586926e+16  0.9                -890785.9060766151  0.0                    1.545531487336709e+111  0.0                     670407213.2098038     
2480261079.2229285     9.780823016793573e+16  0.9                -910160.7643959314  0.0                    1.545531487336709e+111  0.0                     1187667273.0411737    
3667928352.264102      9.672726201485653e+16  0.9                -930617.2991328436  0.0                    1.545531487336709e+111  0.0                     1187667273.0411737    
4855595625.305276      9.56219983049505e+16   0.9                -952255.0403251952  0.0                    1.5455314873367081e+111 0.0                     1187667273.0411737    
6043262898.34645       9.449103615796774e+16  0.9                -975186.5169254333  0.0                    1.5455314873367087e+111 0.0                     1187667273.0411737    
7230930171.387624      9.333283904670438e+16  0.9                -999539.4911386673  0.0                    1.5455314873367095e+111 0.0                     1187667273.0411737    
8418597444.428798      9.214571870496677e+16  0.9                -1025459.6757919984 0.0                    1.545531487336708e+111  0.0                     1187667273.0411737    
9606264717.46997       9.09278138082052e+16   0.9                -1053114.0621884104 0.0                    1.5455314873367092e+111 0.0                     1187667273.0411737    
10793931990.511145     8.967706470176459e+16  0.9                -1082695.0260883165 0.0                    1.5455314873367095e+111 0.0                     1187667273.0411737    
11981599263.552319     8.839118325259504e+16  0.9                -1114425.4345651295 0.0                    1.545531487336708e+111  0.0                     1187667273.0411737    
13169266536.593493     8.706761663571734e+16  0.9                -1148565.0529352063 0.0                    1.5455314873367095e+111 0.0                     1187667273.0411737    
14356933809.634666     8.57035035113874e+16   0.9                -1185418.6584090702 0.0                    1.5455314873367097e+111 0.0                     1187667273.0411737    
15544601082.67584      8.429562056594256e+16  0.9                -1225346.4202225958 0.0                    1.5455314873367087e+111 0.0                     1187667273.0411737    
16732268355.717014     8.284031672450602e+16  0.9                -1268777.3275013184 0.0                    1.5455314873367095e+111 0.0                     1187667273.0411737    
17919935628.758186     8.133343141585606e+16  0.9                -1316226.771827482  0.0                    1.545531487336709e+111  0.0                     1187667273.0411737    
19107602901.79936      7.977019195505594e+16  0.9                -1368319.8791255266 0.0                    1.545531487336708e+111  0.0                     1187667273.0411737    
20295270174.84053      7.81450832155669e+16   0.9                -1425822.9300823899 0.0                    1.5455314873367084e+111 0.0                     1187667273.0411737    
21482937447.881702     7.645167998435637e+16  0.9                -1489686.370251933  0.0                    1.5455314873367087e+111 0.0                     1187667273.0411737    
22670604720.922874     7.468242823531264e+16  0.9                -1561104.768410263  0.0                    1.5455314873367092e+111 0.0                     1187667273.0411737    
23858271993.964046     7.282835519208326e+16  0.9                -1641602.1318869095 0.0                    1.5455314873367095e+111 0.0                     1187667273.0411737    
25045939267.00522      7.087867806468655e+16  0.9                -1733156.1501062843 0.0                    1.5455314873367084e+111 0.0                     1187667273.0411737    
26233606540.04639      6.882026522613528e+16  0.9                -1838383.979392201  0.0                    1.54553148733671e+111   0.0                     1187667273.0411737    
27421273813.087563     6.663687673852797e+16  0.9                -1960828.6490184774 0.0                    1.545531487336709e+111  0.0                     1187667273.0411737    
28608941086.128735     6.4308064724047176e+16 0.9                -2105416.5396980545 0.0                    1.5455314873367081e+111 0.0                     1187667273.0411737    
29796608359.169907     6.180753040372821e+16  0.9                -2279219.376749997  0.0                    1.545531487336709e+111  0.0                     1187667273.0411737    
30984275632.21108      5.910057614188093e+16  0.9                -2492788.781376425  0.0                    1.545531487336709e+111  0.0                     1187667273.0411737    
32171942905.25225      5.613997248763596e+16  0.9                -2762641.425975347  0.0                    1.5455314873367105e+111 0.0                     1187667273.0411737    
33359610178.293423     5.285887367885724e+16  0.9                -3116255.807726652  0.0                    1.5455314873367097e+111 0.0                     1187667273.0411737    
34547277451.334595     4.91577986415958e+16   0.9                -3603164.235543348  0.0                    1.545531487336709e+111  0.0                     1187667273.0411737    
35734944724.37577      4.487843839964854e+16  0.9                -4323081.642007663  0.0                    1.5455314873367087e+111 0.0                     1187667273.0411737    
36716487925.236244     4.063514700717118e+16  0.9                -5273090.684510997  0.0                    1.5455314873367095e+111 0.0                     981543200.860474      
37453935859.76703      3.674651717328503e+16  0.9                -6448170.97898094   0.0                    1.5455314873367095e+111 0.0                     737447934.5307841     
38007991407.874306     3.3173872267236324e+16 0.9                -7911823.212228106  0.0                    1.5455314873367081e+111 0.0                     554055548.1072757     
38424261541.688934     2.9880416559964412e+16 0.9                -9752043.176908609  0.0                    1.5455314873367092e+111 0.0                     416270133.81463224    
38708579644.15095      2.7107734148778144e+16 0.9                -11849021.16387132  0.0                    1.5455314873367092e+111 0.0                     284318102.46201223    
38922192042.69491      2.4576636317565436e+16 0.9                -14415311.283512345 0.0                    1.5455314873367081e+111 0.0                     213612398.54396105    
39082682199.377075     2.226312075105237e+16  0.9                -17566968.681344055 0.0                    1.5455314873367076e+111 0.0                     160490156.68216455    
39203260829.4914       2.0144919732194676e+16 0.9                -21455459.90316981  0.0                    1.5455314873367087e+111 0.0                     120578630.11432345    
39293853338.96873      1.8201215777576336e+16 0.9                -26282587.207770236 0.0                    1.5455314873367084e+111 0.0                     90592509.47732788     
39361916832.18986      1.6412331081326432e+16 0.9                -32324243.68560029  0.0                    1.545531487336709e+111  0.0                     68063493.22113287     
39408405113.87904      1.490963253548045e+16  0.9                -39168327.8128331   0.0                    1.5455314873367087e+111 0.0                     46488281.68918301     
39443332447.980606     1.3541587263762008e+16 0.9                -47482083.26476198  0.0                    1.54553148733671e+111   0.0                     34927334.10156499     
39469573871.04715      1.2295589828730702e+16 0.9                -57593063.03572777  0.0                    1.5455314873367097e+111 0.0                     26241423.06654018     
39489289440.59376      1.1160109789047418e+16 0.9                -69908820.79601696  0.0                    1.5455314873367084e+111 0.0                     19715569.546611704    
39504102039.80233      1.0124578445452012e+16 0.9                -84940538.78353196  0.0                    1.545531487336709e+111  0.0                     14812599.20857378     
39515230964.82755      9179281557727914.0     0.9                -103335971.8400468  0.0                    1.5455314873367095e+111 0.0                     11128925.025224475    
39523592290.91713      8315255800390132.0     0.9                -125926659.54637094 0.0                    1.5455314873367084e+111 0.0                     8361326.089575111     
39529874278.963394     7524186030414087.0     0.9                -153797707.317591   0.0                    1.54553148733671e+111   0.0                     6281988.046262291     
39534594029.56164      6798299209293387.0     0.9                -188394561.1236334  0.0                    1.5455314873367084e+111 0.0                     4719750.5982436435    
39538140048.04266      6130248613824478.0     0.9                -231692905.15134996 0.0                    1.5455314873367084e+111 0.0                     3546018.481024525     
39540562026.378174     5569093417055850.0     0.9                -280737161.78861463 0.0                    1.545531487336709e+111  0.0                     2421978.3355129594    
39542381694.54911      5058244939350799.0     0.9                -340305681.1103031  0.0                    1.5455314873367092e+111 0.0                     1819668.1709338534    
39543748838.178665     4592998195320459.0     0.9                -412739811.2027705  0.0                    1.5455314873367081e+111 0.0                     1367143.629552106     
39544775993.42251      4169050333901670.5     0.9                -500950291.5942364  0.0                    1.545531487336708e+111  0.0                     1027155.2438408006    
39545547710.36003      3782458509022183.0     0.9                -608584048.727151   0.0                    1.5455314873367087e+111 0.0                     771716.9375212626     
39546127512.7173       3429600042975596.0     0.9                -740256038.6460248  0.0                    1.545531487336709e+111  0.0                     579802.3572661625     
39546563126.80991      3107134080400482.0     0.9                -901880343.722852   0.0                    1.5455314873367084e+111 0.0                     435614.09261169226    
39546890410.125175     2811963691538610.5     0.9                -1101157632.2909274 0.0                    1.545531487336708e+111  0.0                     327283.3152604749     
39547136302.92402      2541196959366897.5     0.9                -1348317765.0473998 4.775253583039789e-07  1.5455314873367092e+111 0.0                     245892.79884333196    
39547140013.725006     2536193620474937.5     0.9013125937449161 -1353642867.1350183 3.5633900303380854e-07 1.5455314873367081e+111 4.006933581247035e+110  3710.800985985826     
39547143724.52599      2531219866320642.5     0.9026232482211326 -1345617796.8106995 3.558026953422004e-07  1.5303487384976706e+111 3.9559590339927764e+110 3710.800985985826     
39547147435.32698      2526276550032981.5     0.9039316422301652 -1337361124.6367989 3.551786861858347e-07  1.515023686918691e+111  3.905147110977612e+110  3710.800985985826     
39547151146.12797      2521364525573436.0     0.9052374498611776 -1328872648.1292584 3.54465702499968e-07   1.499559096594182e+111  3.854503884034475e+110  3710.800985985826     
39547154856.928955     2516484646736487.5     0.9065403408004734 -1320152437.6017632 3.536625567916327e-07  1.4839579637814372e+111 3.804035568492577e+110  3710.800985985826     
39547158567.72994      2511637766108546.5     0.9078399806641811 -1311200847.4250522 3.5276815347601105e-07 1.468223521370173e+111  3.753748522573982e+110  3710.800985985826     
39547162278.53093      2506824733986572.0     0.9091360313541434 -1302018526.9323163 3.5178149520959223e-07 1.4523592427566148e+111 3.703649246361781e+110  3710.800985985826     
39547165989.33192      2502046397257934.5     0.9104281514369034 -1292606430.896048  3.507016891876038e-07  1.4363688451721043e+111 3.653744380309737e+110  3710.800985985826     
39547169700.132904     2497303598243344.0     0.9117159965455568 -1282965829.4991894 3.495279533711446e-07  1.4202562924160135e+111 3.604040703264002e+110  3710.800985985826     
39547173410.93389      2492597173504962.5     0.9129992198041056 -1273098317.7210402 3.482596226074348e-07  1.4040257969426184e+111 3.5545451299674275e+110 3710.800985985826     
39547177121.73488      2487927952622105.5     0.9142774722738092 -1263005824.0567338 3.468961546048207e-07  1.3876818212521326e+111 3.5052647080179256e+110 3710.800985985826     
39547180832.535866     2483296756937266.0     0.9155504034208847 -1252690618.4878175 3.4543713572255413e-07 1.371229078536903e+111  3.4562066142529406e+110 3710.800985985826     
39547184543.33685      2478704398275474.5     0.9168176616047575 -1242155319.6210308 3.4388228653403205e-07 1.3546725325352633e+111 3.407378150533647e+110  3710.800985985826     
39547188254.13784      2474151677640320.0     0.9180788945859074 -1231402900.9123843 3.4223146712107287e-07 1.3380173965473216e+111 3.3587867389038404e+110 3710.800985985826     
39547191964.93883      2469639383890273.5     0.9193337500521992 -1220436695.8946636 3.404846820560754e-07  1.321269131569541e+111  3.310439916100591e+110  3710.800985985826     
39547195675.739815     2465168292399233.5     0.920581876162427  -1209260402.328069  3.3864208502847207e-07 1.3044334435078793e+111 3.26234532739565e+110   3710.800985985826     
39547199386.5408       2460739163705512.5     0.9218229221056414 -1197878085.196334  3.367039830718622e-07  1.2875162794329396e+111 3.2145107197499467e+110 3710.800985985826     
39547203097.34179      2456352742153749.5     0.9230565386746683 -1186294178.4740303 3.3467084034860027e-07 1.2705238228446943e+111 3.166943934265704e+110  3710.800985985826     
39547206808.14278      2452009754534502.5     0.9242823788520758 -1174513485.5952444 3.325432814494491e-07  1.253462487919247e+111  3.1196528979250625e+110 3710.800985985826     
39547210518.94376      2447710908726515.0     0.9255000984066897 -1162541178.5589895 3.3032209416718893e-07 1.2363389127153231e+111 3.072645614606934e+110  3710.800985985826     
39547214229.74475      2443456892346854.5     0.9267093564986153 -1150382795.613099  3.280082317048588e-07  1.2191599513242446e+111 3.0259301553790806e+110 3710.800985985826     
39547217940.54574      2439248371414330.0     0.9279098162905841 -1138044237.4655142 3.2560281428159334e-07 1.2019326649535642e+111 2.979514648066017e+110  3710.800985985826     
39547221651.346725     2435085989031758.5     0.9291011455633168 -1125531761.9800136 3.2310713010178007e-07 1.1846643119415351e+111 2.93340726609886e+110   3710.800985985826     
39547225362.14771      2430970364092751.0     0.9302830173324772 -1112851977.322522  3.205226356565572e-07  1.1673623367070661e+111 2.8876162166582865e+110 3710.800985985826     
39547229072.9487       2426902090018829.5     0.9314551104646902 -1100011833.5339851 3.178509553304531e-07  1.1500343576476665e+111 2.8421497281270638e+110 3710.800985985826     
39547232783.74969      2422881733532694.5     0.9326171102900073 -1087018612.516497  3.150938802901991e-07  1.1326881540060832e+111 2.797016036874859e+110  3710.800985985826     
39547236494.550674     2418909833473503.5     0.9337687092081343 -1073879916.4306953 3.122533666374754e-07  1.1153316517347964e+111 2.752223373403257e+110  3710.800985985826     
39547240205.35166      2414986899659987.0     0.9349096072856837 -1060603654.514483  3.093315328124602e-07  1.0979729083962354e+111 2.7077799478857327e+110 3710.800985985826     
39547243916.15265      2411113411807135.5     0.9360395128416804 -1047198028.3454691 3.0633065624053085e-07 1.080620097145221e+111  2.6636939351428668e+110 3710.800985985826     
39547247626.953636     2407289818502088.5     0.9371581430185392 -1033671515.582427  3.032531692203011e-07  1.0632814898489322e+111 2.6199734590995647e+110 3710.800985985826     
39547251337.75462      2403516536244671.0     0.9382652243357446 -1020032852.2340406 3.001016540572501e-07  1.0459654394082759e+111 2.5766265767769733e+110 3710.800985985826     
39547255048.55561      2399793948557807.0     0.9393604932234945 -1006291013.5162414 2.9687883745344354e-07 1.0286803613528256e+111 2.533661261877851e+110  3710.800985985826     
39547258759.3566       2396122405172775.0     0.9404436965336296 -992455193.3724895  2.935875841702801e-07  1.0114347147896015e+111 2.4910853880297393e+110 3710.800985985826     
39547262470.157585     2392502221293951.5     0.9415145920252475 -978534782.7439226  2.902308899875823e-07  9.942369827933777e+110  2.4489067117557025e+110 3710.800985985826     
39547266180.95857      2388933676947331.5     0.9425729488225089 -964539346.6886675  2.8681187398878786e-07 9.770956523332738e+110  2.407132855247501e+110  3710.800985985826     
39547269891.75956      2385417016416706.5     0.9436185478422667 -950478600.4610966  2.8333377020821e-07    9.60019193836533e+110   2.3657712890206973e+110 3710.800985985826     
39547273602.56055      2381952447770951.5     0.9446511821893014 -936362384.6727046  2.79799918682425e-07   9.430160404959052e+110  2.3248293145347624e+110 3710.800985985826     
39547277313.361534     2378540142485371.5     0.9456706575171151 -922200639.6661267  2.7621375595355367e-07 9.260945674316068e+110  2.2843140468654026e+110 3710.800985985826     
39547281024.16252      2375180235159565.0     0.9466767923524286 -908003379.2425106  2.7257880507757417e-07 9.092630708223492e+110  2.244232397518194e+110  3710.800985985826     
39547284734.96351      2371872823333704.0     0.947669418381736  -893780663.8900056  2.6889866519568574e-07 8.925297471225181e+110  2.2045910574752192e+110 3710.800985985826     
39547288445.764496     2368617967404581.0     0.9486483806984938 -879542573.6671511  2.651770007310699e-07  8.75902672483894e+110   2.1653964805671762e+110 3710.800985985826     
39547292156.56548      2365415690642181.5     0.9496135380097654 -865299180.8995684  2.6141753027712987e-07 8.593897825005778e+110  2.1266548672638787e+110 3710.800985985826     
39547295867.36647      2362265979306949.5     0.9505670668683887 -851060522.8513602  2.58248660893397e-07   8.429988523947914e+110  2.0730114170694867e+110 3710.800985985826     
39547299949.24756      2358859226069141.5     0.9516004143361021 -837016217.5910757  2.5452954759161634e-07 8.266979608721199e+110  2.035393503889934e+110  4081.881084584409     
39547304031.12865      2355516128038299.0     0.9526165356238685 -821335597.3219398  0.0                    8.089128918504822e+110  1.9945234622129986e+110 4081.881084584409     
39547334238.06892      2331246170627145.0     0.9526165356238685 -820272534.6521863  3.351877592650646e-07  7.913040499273228e+110  0.0                     30206.940268664268    
39547339671.05264      2326789643297478.5     0.953997088672953  -823417698.8521467  2.559391187528049e-07  7.913040499273237e+110  1.9141638246750222e+110 5432.9837235818495    
39547345104.03637      2322452350277202.0     0.9553441692610998 -801310767.9997342  0.0                    7.671910897004855e+110  1.8604082838790937e+110 5432.9837235818495    
39547375310.97664      2298996036747228.5     0.9553441692610998 -792446954.5844166  3.2930007943035683e-07 7.434565509962599e+110  0.0                     30206.940268664268    
39547380743.960365     2294690685341169.5     0.9567069698790316 -795423358.5465518  0.0                    7.434565509962611e+110  1.77142059475527e+110   5432.9837235818495    
39547410950.900635     2271445951350089.0     0.9567069698790316 -785346539.839959   3.307789507334253e-07  7.192420926509061e+110  0.0                     30206.940268664268    
39547416383.88436      2267179176381767.5     0.9580832176884766 -788305326.8163594  2.5511278369815695e-07 7.192420926509064e+110  1.6844014472164544e+110 5432.9837235818495    
39547421816.86809      2263043140935493.5     0.9594202845617453 -764067751.2115732  0.0                    6.945867314626987e+110  1.6324005200795457e+110 5432.9837235818495    
39547455044.50238      2238537402984263.8     0.9594202845617453 -753746517.8991296  3.230500851699601e-07  6.704447218061982e+110  0.0                     33227.6342955307      
39547460477.48611      2234442310420811.2     0.960770274504656  -756511852.4339175  0.0                    6.704447218061979e+110  1.5475883561845596e+110 5432.9837235818495    
39547493705.1204       2210225937966841.5     0.960770274504656  -744859936.8634851  3.237855794354484e-07  6.458875378331244e+110  0.0                     33227.6342955307      
39547499138.104126     2206179126053514.0     0.962127438848422  -747595048.0929006  2.5153288956818803e-07 6.458875378331236e+110  1.4758460912207387e+110 5432.9837235818495    
39547504571.08785      2202273812154343.5     0.9634424334824117 -721367308.0457057  0.0                    6.210234966400552e+110  1.4152832710006319e+110 5432.9837235818495    
39547537798.722145     2179240509103324.8     0.9634424334824117 -707928020.1017393  3.129750440890264e-07  5.96771913704994e+110   0.0                     33227.6342955307      
39547543231.70587      2175394347692644.5     0.9647614540368179 -710433508.3002611  0.0                    5.967719137049944e+110  1.3384564503161428e+110 5432.9837235818495    
39547576459.340164     2152756442469824.5     0.9647614540368179 -695701615.3273859  3.1177985987535595e-07 5.722973746592251e+110  0.0                     33227.6342955307      
39547581892.32389      2148976706917281.2     0.9660812260494764 -698151042.1952635  0.0                    5.722973746592253e+110  1.2640072771243675e+110 5432.9837235818495    
39547615119.95818      2126777033615158.2     0.9660812260494764 -682129220.4606975  3.0985487581021596e-07 5.47670721676888e+110   0.0                     33227.6342955307      
39547621096.24028      2122700436967801.5     0.9675299614809083 -684751762.8058392  0.0                    5.476707216768869e+110  1.1920194222218382e+110 5976.282095940035     
39547654323.87457      2101076825363864.5     0.9675299614809083 -664235929.6589682  3.058756137229202e-07  5.204933383582501e+110  0.0                     33227.6342955307      
39547660300.15667      2097107164069963.5     0.9689652657720307 -666753003.966194   0.0                    5.204933383582502e+110  1.1181349723374353e+110 5976.282095940035     
39547693527.79096      2076104182639719.8     0.9689652657720307 -644947683.742977   3.0101182253410924e-07 4.9343701052773705e+110 0.0                     33227.6342955307      
39547699504.07306      2072249793344548.5     0.970382375998207  -647349123.305765   0.0                    4.9343701052773745e+110 1.0473148835317976e+110 5976.282095940035     
39547736054.47079      2049875000101946.0     0.970382375998207  -625599475.4806852  2.9615010935300356e-07 4.666164877956956e+110  0.0                     36550.39772508377     
39547742030.752884     2046136241157401.2     0.9717814197169745 -627887790.8921225  0.0                    4.666164877956958e+110  9.776768347120301e+109  5976.282095940035     
39547778581.15061      2024492998289262.2     0.9717814197169745 -604876570.7310896  2.903481578623896e-07  4.4005632523687456e+110 0.0                     36550.39772508377     
39547784557.43271      2020878085269348.5     0.9731572864276256 -607042492.4286362  0.0                    4.400563252368745e+110  9.112941347625412e+109  5976.282095940035     
39547821107.83044      2000010139560369.2     0.9731572864276256 -582912575.7727228  0.0                    4.1388221673295394e+110 0.0                     36550.39772508377     
39547857658.228165     1978704453076923.2     0.9731572864276256 -595533172.2581677  2.9289237459954517e-07 4.1388221673295374e+110 0.0                     36550.39772508377     
39547863634.51026      1975145378842018.5     0.974556568525331  -597681324.4193972  0.0                    4.1388221673295394e+110 8.30232644406457e+109   5976.282095940035     
39547900184.90799      1954706276153178.8     0.974556568525331  -570958887.7384081  2.8466258137689557e-07 3.8723695748057755e+110 0.0                     36550.39772508377     
39547906161.19009      1951294064774869.8     0.9759196601270084 -572957495.6132905  0.0                    3.872369574805778e+110  7.696654088270181e+109  5976.282095940035     
39547942711.587814     1931755557881034.2     0.9759196601270084 -545431695.5489534  0.0                    3.612881016913662e+110  0.0                     36550.39772508377     
39547979261.98554      1911819812476853.0     0.9759196601270084 -556866120.7051995  2.842614098400781e-07  3.6128810169136656e+110 0.0                     36550.39772508377     
39547985238.26764      1908491823449847.0     0.9772878619995182 -558809917.5202802  0.0                    3.6128810169136636e+110 7.03136591240892e+109   5976.282095940035     
39548025443.70514      1887641615345673.8     0.9772878619995182 -530111373.8226397  2.7445432805309457e-07 3.352857962112911e+110  0.0                     40205.43749759215     
39548032017.61545      1884156710722220.2     0.9787463836743928 -532074157.5078639  0.0                    3.352857962112909e+110  6.424529916917948e+109  6573.910305534039     
39548072223.05295      1864526878952972.5     0.9787463836743928 -498572742.2859021  0.0                    3.076626489984908e+110  0.0                     40205.43749759215     
39548112428.49045      1844481543724993.8     0.9787463836743928 -509468339.664653   2.7034171024360327e-07 3.076626489984906e+110  0.0                     40205.43749759215     
39548119002.40076      1841132344556528.8     0.980191874731193  -511323570.67785    0.0                    3.076626489984906e+110  5.742459566784917e+109  6573.910305534039     
39548159207.83826      1822393331459966.0     0.980191874731193  -475715938.78595597 0.0                    2.804405979624683e+110  0.0                     40205.43749759215     
39548199413.27576      1803266964016498.8     0.980191874731193  -485860826.75120115 2.640966890287632e-07  2.8044059796246783e+110 0.0                     40205.43749759215     
39548205987.186066     1800072958520463.8     0.9816115043424696 -487586555.61014205 0.0                    2.8044059796246833e+110 5.112731964074509e+109  6573.910305534039     
39548250213.16731      1780548213143127.0     0.9816115043424696 -451212000.1650265  0.0                    2.5392009026696726e+110 0.0                     44225.981247351374    
39548294439.14856      1760592919685248.5     0.9816115043424696 -461498416.4075977  2.5730658672790594e-07 2.5392009026696716e+110 0.0                     44225.981247351374    
39548301013.05887      1757559070489639.0     0.9830021009808717 -463093042.777697   0.0                    2.5392009026696736e+110 4.517149533101765e+109  6573.910305534039     
39548345239.040115     1739151251453785.0     0.9830021009808717 -425079354.2744764  0.0                    2.2821998164230216e+110 0.0                     44225.981247351374    
39548389465.02136      1720351699903005.8     0.9830021009808717 -434420426.3992628  2.482260992816515e-07  2.2821998164230223e+110 0.0                     44225.981247351374    
39548396038.93167      1717495858984965.2     0.9843496502257734 -435866330.4266475  0.0                    2.282199816423019e+110  3.975655022995609e+109  6573.910305534039     
39548440264.91292      1700294061582846.8     0.9843496502257734 -396862142.04240775 0.0                    2.0365575864541346e+110 0.0                     44225.981247351374    
39548484490.894165     1682742443931095.5     0.9843496502257734 -405184151.5508145  0.0                    2.0365575864541363e+110 0.0                     44225.981247351374    
39548528716.87541      1664822777242885.0     0.9843496502257734 -413953663.1417612  2.4475586776755316e-07 2.036557586454132e+110  0.0                     44225.981247351374    
39548535948.17675      1661829353565530.0     0.985822882429472  -415446301.01480186 0.0                    2.0365575864541313e+110 3.413678014703799e+109  7231.301336087444     
39548584596.75612      1644235168993490.5     0.985822882429472  -369440043.1141314  0.0                    1.772885872889566e+110  0.0                     48648.57937208652     
39548633245.33549      1626262435732825.5     0.985822882429472  -377650941.3459241  0.0                    1.7728858728895645e+110 0.0                     48648.57937208652     
39548681893.914856     1607890253937815.2     0.985822882429472  -386330527.5325908  2.3686534158033813e-07 1.7728858728895662e+110 0.0                     48648.57937208652     
39548689125.216194     1605096581477897.5     0.9872588894738371 -387676515.3224034  0.0                    1.772885872889565e+110  2.8654174593595568e+109 7231.301336087444     
39548737773.79556      1588905039238898.2     0.9872588894738371 -339644439.78585523 0.0                    1.5220514768211243e+110 0.0                     48648.57937208652     
39548786422.37493      1572381819751688.2     0.9872588894738371 -346820185.8204123  0.0                    1.5220514768211264e+110 0.0                     48648.57937208652     
39548835070.9543       1555509510413962.2     0.9872588894738371 -354384772.6209726  0.0                    1.5220514768211264e+110 0.0                     48648.57937208652     
39548883719.53367      1538269194674852.0     0.9872588894738371 -362372897.1716593  2.3257038837908282e-07 1.5220514768211233e+110 0.0                     48648.57937208652     
39548890950.83501      1535648767059372.8     0.9886806799652784 -363610656.92630786 0.0                    1.522051476821122e+110  2.353017973936596e+109  7231.301336087444     
39548944464.272316     1519269589787294.0     0.9886806799652784 -312711128.2535391  0.0                    1.2812148775352106e+110 0.0                     53513.43730929517     
39548997977.709625     1502535342429579.2     0.9886806799652784 -319715457.5261134  0.0                    1.2812148775352095e+110 0.0                     53513.43730929517     
39549051491.146935     1485426269336443.0     0.9886806799652784 -327122808.6076762  2.177287473116147e-07  1.2812148775352081e+110 0.0                     53513.43730929517     
39549059445.57841      1482824193373198.8     0.9901542261582628 -328271893.2357805  0.0                    1.2812148775352098e+110 1.9112875879976606e+109 7954.431469696189     
39549118310.35945      1467116945982479.5     0.9901542261582628 -272580265.77826107 0.0                    1.0414365710398428e+110 0.0                     58864.78104022469     
39549177175.140495     1451071568321555.8     0.9901542261582628 -278641764.70199937 0.0                    1.0414365710398411e+110 0.0                     58864.78104022469     
39549236039.92154      1434669381853710.8     0.9901542261582628 -285049456.8670854  0.0                    1.041436571039843e+110  0.0                     58864.78104022469     
39549294904.70258      1417890007989594.8     0.9901542261582628 -291835952.5896248  0.0                    1.0414365710398423e+110 0.0                     58864.78104022469     
39549353769.48363      1400711148540741.0     0.9901542261582628 -299038225.5242144  2.1138831021237956e-07 1.041436571039841e+110  0.0                     58864.78104022469     
39549361723.9151       1398332469468989.2     0.991599409716314  -300056468.306773   0.0                    1.0414365710398418e+110 1.463485922787914e+109  7954.431469696189     
39549426475.17425      1383065144680430.5     0.991599409716314  -241018476.92819703 0.0                    8.183603088263033e+109  0.0                     64751.25914424717     
39549491226.433395     1367458894822301.0     0.991599409716314  -246551159.79812828 0.0                    8.183603088263027e+109  0.0                     64751.25914424717     
39549555977.69254      1351494396781897.8     0.991599409716314  -252410322.6045718  0.0                    8.183603088263023e+109  0.0                     64751.25914424717     
39549620728.95169      1335150510572246.2     0.991599409716314  -258627772.00088373 0.0                    8.183603088263037e+109  0.0                     64751.25914424717     
39549685480.21084      1318404036685517.8     0.991599409716314  -265239721.17478213 1.994923738336296e-07  8.183603088263023e+109  0.0                     64751.25914424717     
39549693434.64231      1316294205500391.8     0.992976736100404  -266090685.2238819  0.0                    8.183603088263025e+109  1.0805349350667583e+109 7954.431469696189     
39549764661.02737      1301944226448855.5     0.992976736100404  -205935653.73826548 0.0                    6.19619746202709e+109   0.0                     71226.38505867189     
39549835887.41242      1287276174278384.2     0.992976736100404  -210655518.40956685 0.0                    6.1961974620270945e+109 0.0                     71226.38505867189     
39549907113.79748      1272271943209410.2     0.992976736100404  -215653446.26315993 0.0                    6.1961974620270945e+109 0.0                     71226.38505867189     
39549978340.18253      1256911727806641.0     0.992976736100404  -220956481.60030314 0.0                    6.196197462027082e+109  0.0                     71226.38505867189     
39550049566.56759      1241173796366968.5     0.992976736100404  -226595408.9745843  1.8128320971448684e-07 6.19619746202708e+109   0.0                     71226.38505867189     
39550058316.44221      1239191114949728.8     0.9943656911751321 -227321085.44203097 0.0                    6.196197462027081e+109  7.705192034192107e+108  8749.87461666581      
39550136665.465775     1226650328519677.2     0.9943656911751321 -163352658.26486734 0.0                    4.362914597332528e+109  0.0                     78349.0235645391      
39550215014.48934      1213851807247953.0     0.9943656911751321 -166815509.65784398 0.0                    4.362914597332518e+109  0.0                     78349.0235645391      
39550293363.51291      1200781974950840.0     0.9943656911751321 -170466657.29207334 0.0                    4.362914597332529e+109  0.0                     78349.0235645391      
39550371712.536476     1187426078801695.0     0.9943656911751321 -174322963.14370888 0.0                    4.362914597332523e+109  0.0                     78349.0235645391      
39550450061.56004      1173768044854508.5     0.9943656911751321 -178403430.58718497 0.0                    4.362914597332529e+109  0.0                     78349.0235645391      
39550528410.58361      1159790310267438.5     0.9943656911751321 -182729561.9710087  0.0                    4.362914597332524e+109  0.0                     78349.0235645391      
39550606759.60718      1145473627510634.0     0.9943656911751321 -187325791.21439773 0.0                    4.36291459733252e+109   0.0                     78349.0235645391      
39550685108.630745     1130796834680531.0     0.9943656911751321 -192220010.6143993  1.6902858042247508e-07 4.362914597332519e+109  0.0                     78349.0235645391      
39550694733.49282      1128946743589671.8     0.9958095064875373 -192850538.0075762  0.0                    4.36291459733252e+109   4.909293286579803e+108  9624.862078332391     
39550799016.04318      1116560840781081.6     0.9958095064875373 -121422214.51025394 0.0                    2.687026076199385e+109  0.0                     104282.55036440154    
39550903298.593544     1103898622581058.9     0.9958095064875373 -124223726.00487958 0.0                    2.68702607619939e+109   0.0                     104282.55036440154    
39551007581.143906     1090944255617501.5     0.9958095064875373 -127191419.62477392 0.0                    2.6870260761993858e+109 0.0                     104282.55036440154    
39551111863.69427      1077680409994561.2     0.9958095064875373 -130341572.92900597 0.0                    2.6870260761993866e+109 0.0                     104282.55036440154    
39551216146.24463      1064088058351016.9     0.9958095064875373 -133692731.21058577 0.0                    2.687026076199386e+109  0.0                     104282.55036440154    
39551320428.79499      1050146239375194.6     0.9958095064875373 -137266124.23978397 0.0                    2.687026076199383e+109  0.0                     104282.55036440154    
39551424711.34535      1035831777860833.1     0.9958095064875373 -141086179.56828272 0.0                    2.6870260761993933e+109 0.0                     104282.55036440154    
39551528993.89571      1021118951234282.8     0.9958095064875373 -145181159.77502254 0.0                    2.6870260761993858e+109 0.0                     104282.55036440154    
39551633276.446075     1005979089628081.6     0.9958095064875373 -149583960.3403437  1.4807179519013621e-07 2.687026076199392e+109  0.0                     104282.55036440154    
39551643863.794365     1004395392141934.5     0.9972198297083246 -150056050.3330004  0.0                    2.6870260761993908e+109 2.6972360593726923e+108 10587.348286165632    
39551782663.8689       993991327595917.2      0.9972198297083246 -76534556.73875117  0.0                    1.3422447331550176e+109 0.0                     138800.07453501847    
39551921463.94343      983368325416074.0      0.9972198297083246 -78197043.05502677  0.0                    1.3422447331550226e+109 0.0                     138800.07453501847    
39552060264.01796      972514570011618.1      0.9972198297083246 -79952220.28781417  0.0                    1.342244733155024e+109  0.0                     138800.07453501847    
39552199064.09249      961417195876429.2      0.9972198297083246 -81808605.63767499  0.0                    1.342244733155023e+109  0.0                     138800.07453501847    
39552337864.16702      950062155316314.1      0.9972198297083246 -83775827.09909295  0.0                    1.3422447331550172e+109 0.0                     138800.07453501847    
39552476664.241554     938434064270727.1      0.9972198297083246 -85864814.11103077  0.0                    1.3422447331550218e+109 0.0                     138800.07453501847    
39552615464.316086     926516021672180.5      0.9972198297083246 -88088029.36076911  0.0                    1.3422447331550258e+109 0.0                     138800.07453501847    
39552754264.39062      914289396631262.9      0.9972198297083246 -90459752.58269802  0.0                    1.3422447331550203e+109 0.0                     138800.07453501847    
39552893064.46515      901733576230365.0      0.9972198297083246 -92996430.60682236  0.0                    1.3422447331550205e+109 0.0                     138800.07453501847    
39553031864.53968      888825664730647.5      0.9972198297083246 -95717112.58920556  0.0                    1.342244733155022e+109  0.0                     138800.07453501847    
39553170664.61421      875540122368989.0      0.9972198297083246 -98643995.84320536  0.0                    1.3422447331550226e+109 0.0                     138800.07453501847    
39553309464.68874      861848328393520.0      0.9972198297083246 -101803116.80157624 0.0                    1.3422447331550264e+109 0.0                     138800.07453501847    
39553448264.763275     847718048193564.0      0.9972198297083246 -105225234.61552505 0.0                    1.3422447331550235e+109 0.0                     138800.07453501847    
39553587064.83781      833112777785964.4      0.9972198297083246 -108946973.65631126 1.3040741351430319e-07 1.342244733155024e+109  0.0                     138800.07453501847    
39553598710.92092      831843972275659.0      0.9986134499535504 -109279579.16321325 0.0                    1.3422447331550228e+109 1.1057579550123851e+108 11646.083114782195    
39553869192.99965      823164989892683.0      0.9986134499535504 -32767271.30822901  0.0                    3.941150377558047e+108  0.0                     270482.0787276652     
39554139675.07838      814302030234999.8      0.9986134499535504 -33484438.768185478 0.0                    3.9411503775580585e+108 0.0                     270482.0787276652     
39554410157.157104     805245089631951.8      0.9986134499535504 -34241902.70626908  0.0                    3.941150377558044e+108  0.0                     270482.0787276652     
39554680639.23583      795983268608369.5      0.9986134499535504 -35043395.58537197  0.0                    3.94115037755805e+108   0.0                     270482.0787276652     
39554951121.31456      786504658124762.2      0.9986134499535504 -35893140.6775789   0.0                    3.941150377558042e+108  0.0                     270482.0787276652     
39555221603.39329      776796206822226.2      0.9986134499535504 -36795937.025197886 0.0                    3.9411503775580303e+108 0.0                     270482.0787276652     
39555492085.472015     766843565286918.5      0.9986134499535504 -37757262.903890915 0.0                    3.941150377558047e+108  0.0                     270482.0787276652     
39555762567.55074      756630902329607.1      0.9986134499535504 -38783402.70706222  0.0                    3.9411503775580345e+108 0.0                     270482.0787276652     
39556033049.62947      746140686945268.6      0.9986134499535504 -39881603.73409647  0.0                    3.941150377558052e+108  0.0                     270482.0787276652     
39556303531.7082       735353427864277.2      0.9986134499535504 -41060271.51338569  0.0                    3.941150377558037e+108  0.0                     270482.0787276652     
39556574013.78693      724247360272214.2      0.9986134499535504 -42329215.279044144 0.0                    3.9411503775580444e+108 0.0                     270482.0787276652     
39556844495.865654     712798066132627.5      0.9986134499535504 -43699959.430268414 0.0                    3.9411503775580496e+108 0.0                     270482.0787276652     
39557114977.94438      700978010265614.0      0.9986134499535504 -45186142.81857586  0.0                    3.9411503775580314e+108 0.0                     270482.0787276652     
39557385460.02311      688755968426360.4      0.9986134499535504 -46804036.43802119  0.0                    3.941150377558042e+108  0.0                     270482.0787276652     
39557655942.10184      676096315357759.0      0.9986134499535504 -48573222.97402205  0.0                    3.9411503775580356e+108 0.0                     270482.0787276652     
39557926424.180565     662958129037243.1      0.9986134499535504 -50517501.02116748  0.0                    3.9411503775580356e+108 0.0                     270482.0787276652     
39558196906.25929      649294050348910.8      0.9986134499535504 -52666106.4529372   0.0                    3.941150377558043e+108  0.0                     270482.0787276652     
39558467388.33802      635048812397027.8      0.9986134499535504 -55055389.936535135 0.0                    3.9411503775580423e+108 0.0                     270482.0787276652     
39558737870.41675      620157316081831.5      0.9986134499535504 -57731164.30523629  9.296208504146721e-08  3.9411503775580413e+108 0.0                     270482.0787276652     
39558754921.44704      619172940250681.0      1.000101113051826  -57914874.97256276  0.0                    3.9411503775580413e+108 2.422629457418891e+107  17051.03028835262     
39558771972.477325     nan                    1.000101113051826  nan                 0.0                    nan                     0.0                     17051.03028835262     
