time                   Mass                   Q                  dMdt                dQdt                   fM                      hM                      delta_t               
2e-30                  1e+17                  0.8                -1315152.0343085635 0.0                    2.3344517806777455e+111 0.0                     1e-30                 
4.1435888100000014e-30 1e+17                  0.8                -1315152.0343085635 0.0                    2.3344517806777455e+111 0.0                     2.1435888100000016e-30
8.320836979415658e-30  1e+17                  0.8                -1315152.0343085635 0.0                    2.3344517806777455e+111 0.0                     4.177248169415656e-30 
1.727513941196805e-29  1e+17                  0.8                -1315152.0343085635 0.0                    2.3344517806777455e+111 0.0                     8.954302432552392e-30 
3.4724541680854506e-29 1e+17                  0.8                -1315152.0343085635 0.0                    2.3344517806777455e+111 0.0                     1.7449402268886456e-29
7.212888512562816e-29  1e+17                  0.8                -1315152.0343085635 0.0                    2.3344517806777455e+111 0.0                     3.7404343444773645e-29
1.450193688107315e-28  1e+17                  0.8                -1315152.0343085635 0.0                    2.3344517806777455e+111 0.0                     7.289048368510335e-29 
3.0126659399360673e-28 1e+17                  0.8                -1315152.0343085635 0.0                    2.3344517806777455e+111 0.0                     1.5624722518287521e-28
6.057482335350265e-28  1e+17                  0.8                -1315152.0343085635 0.0                    2.3344517806777455e+111 0.0                     3.0448163954141973e-28
1.2584316689064679e-27 1e+17                  0.8                -1315152.0343085635 0.0                    2.3344517806777455e+111 0.0                     6.526834353714413e-28 
2.5303270403015413e-27 1e+17                  0.8                -1315152.0343085635 0.0                    2.3344517806777455e+111 0.0                     1.2718953713950733e-27
5.2567477259148165e-27 1e+17                  0.8                -1315152.0343085635 0.0                    2.3344517806777455e+111 0.0                     2.726420685613275e-27 
1.0569770337763133e-26 1e+17                  0.8                -1315152.0343085635 0.0                    2.3344517806777455e+111 0.0                     5.3130226118483166e-27
2.1958706155798167e-26 1e+17                  0.8                -1315152.0343085635 0.0                    2.3344517806777455e+111 0.0                     1.1388935818035033e-26
4.4152520135205533e-26 1e+17                  0.8                -1315152.0343085635 0.0                    2.3344517806777455e+111 0.0                     2.219381397940737e-26 
9.172693143268478e-26  1e+17                  0.8                -1315152.0343085635 0.0                    2.3344517806777455e+111 0.0                     4.7574411297479245e-26
1.8443600025051581e-25 1e+17                  0.8                -1315152.0343085635 0.0                    2.3344517806777455e+111 0.0                     9.270906881783103e-26 
3.8316612275393845e-25 1e+17                  0.8                -1315152.0343085635 0.0                    2.3344517806777455e+111 0.0                     1.9873012250342263e-25
7.7043491076145315e-25 1e+17                  0.8                -1315152.0343085635 0.0                    2.3344517806777455e+111 0.0                     3.872687880075147e-25 
1.6005799511966243e-24 1e+17                  0.8                -1315152.0343085635 0.0                    2.3344517806777455e+111 0.0                     8.301450404351711e-25 
3.218297786972835e-24  1e+17                  0.8                -1315152.0343085635 0.0                    2.3344517806777455e+111 0.0                     1.6177178357762105e-24
6.68601963748014e-24   1e+17                  0.8                -1315152.0343085635 0.0                    2.3344517806777455e+111 0.0                     3.467721850507305e-24 
1.3443628505607374e-23 1e+17                  0.8                -1315152.0343085635 0.0                    2.3344517806777455e+111 0.0                     6.757608868127232e-24 
2.7929163257681685e-23 1e+17                  0.8                -1315152.0343085635 0.0                    2.3344517806777455e+111 0.0                     1.4485534752074308e-23
5.615737253169318e-23  1e+17                  0.8                -1315152.0343085635 0.0                    2.3344517806777455e+111 0.0                     2.8228209274011485e-23
1.1666704605780247e-22 1e+17                  0.8                -1315152.0343085635 0.0                    2.3344517806777455e+111 0.0                     6.05096735261093e-23  
2.34583281573549e-22   1e+17                  0.8                -1315152.0343085635 0.0                    2.3344517806777455e+111 0.0                     1.1791623551574655e-22
4.873472045424281e-22  1e+17                  0.8                -1315152.0343085635 0.0                    2.3344517806777455e+111 0.0                     2.527639229688791e-22 
9.799125834949659e-22  1e+17                  0.8                -1315152.0343085635 0.0                    2.3344517806777455e+111 0.0                     4.925653789525378e-22 
2.0357702180110363e-21 1e+17                  0.8                -1315152.0343085635 0.0                    2.3344517806777455e+111 0.0                     1.0558576345160702e-21
4.093338045558054e-21  1e+17                  0.8                -1315152.0343085635 0.0                    2.3344517806777455e+111 0.0                     2.057567827547018e-21 
8.503917416503853e-21  1e+17                  0.8                -1315152.0343085635 0.0                    2.3344517806777455e+111 0.0                     4.4105793709457994e-21
1.7098888857573177e-20 1e+17                  0.8                -1315152.0343085635 0.0                    2.3344517806777455e+111 0.0                     8.594971441069326e-21 
3.552297346091897e-20  1e+17                  0.8                -1315152.0343085635 0.0                    2.3344517806777455e+111 0.0                     1.8424084603345794e-20
7.142630217930567e-20  1e+17                  0.8                -1315152.0343085635 0.0                    2.3344517806777455e+111 0.0                     3.5903328718386696e-20
1.4838827586179109e-19 1e+17                  0.8                -1315152.0343085635 0.0                    2.3344517806777455e+111 0.0                     7.696197368248543e-20 
2.9836539002660053e-19 1e+17                  0.8                -1315152.0343085635 0.0                    2.3344517806777455e+111 0.0                     1.4997711416480942e-19
6.198546537063788e-19  1e+17                  0.8                -1315152.0343085635 0.0                    2.3344517806777455e+111 0.0                     3.214892636797782e-19 
1.2463462793055717e-18 1e+17                  0.8                -1315152.0343085635 0.0                    2.3344517806777455e+111 0.0                     6.26491625599193e-19  
2.589286717498712e-18  1e+17                  0.8                -1315152.0343085635 0.0                    2.3344517806777455e+111 0.0                     1.3429404381931403e-18
5.2062977136871784e-18 1e+17                  0.8                -1315152.0343085635 0.0                    2.3344517806777455e+111 0.0                     2.617010996188467e-18 
1.0816093200763733e-17 1e+17                  0.8                -1315152.0343085635 0.0                    2.3344517806777455e+111 0.0                     5.609795487076554e-18 
2.174799759393265e-17  1e+17                  0.8                -1315152.0343085635 0.0                    2.3344517806777455e+111 0.0                     1.0931904393168915e-17
4.518150552311939e-17  1e+17                  0.8                -1315152.0343085635 0.0                    2.3344517806777455e+111 0.0                     2.3433507929186742e-17
9.084678313771121e-17  1e+17                  0.8                -1315152.0343085635 0.0                    2.3344517806777455e+111 0.0                     4.566527761459182e-17 
1.887343612378938e-16  1e+17                  0.8                -1315152.0343085635 0.0                    2.3344517806777455e+111 0.0                     9.788757810018259e-17 
3.794895585593052e-16  1e+17                  0.8                -1315152.0343085635 0.0                    2.3344517806777455e+111 0.0                     1.907551973214114e-16 
7.883902649868248e-16  1e+17                  0.8                -1315152.0343085635 0.0                    2.3344517806777455e+111 0.0                     4.0890070642751956e-16
1.5852220638042127e-15 1e+17                  0.8                -1315152.0343085635 0.0                    2.3344517806777455e+111 0.0                     7.968317988173879e-16 
3.293301791201338e-15  1e+17                  0.8                -1315152.0343085635 0.0                    2.3344517806777455e+111 0.0                     1.708079727397125e-15 
6.621865964143455e-15  1e+17                  0.8                -1315152.0343085635 0.0                    2.3344517806777455e+111 0.0                     3.3285641729421173e-15
1.3756938878629088e-14 1e+17                  0.8                -1315152.0343085635 0.0                    2.3344517806777455e+111 0.0                     7.135072914485632e-15 
2.7661177476834088e-14 1e+17                  0.8                -1315152.0343085635 0.0                    2.3344517806777455e+111 0.0                     1.3904238598204999e-14
5.746614774751643e-14  1e+17                  0.8                -1315152.0343085635 0.0                    2.3344517806777455e+111 0.0                     2.980497027068234e-14 
1.1554760297898677e-13 1e+17                  0.8                -1315152.0343085635 0.0                    2.3344517806777455e+111 0.0                     5.808145523147034e-14 
2.4005036048168267e-13 1e+17                  0.8                -1315152.0343085635 0.0                    2.3344517806777455e+111 0.0                     1.245027575026959e-13 
4.826710130243396e-13  1e+17                  0.8                -1315152.0343085635 0.0                    2.3344517806777455e+111 0.0                     2.426206525426569e-13 
1.0027499288896772e-12 1e+17                  0.8                -1315152.0343085635 0.0                    2.3344517806777455e+111 0.0                     5.200789158653376e-13 
2.0162366055859228e-12 1e+17                  0.8                -1315152.0343085635 0.0                    2.3344517806777455e+111 0.0                     1.0134866766962454e-12
4.188735304836083e-12  1e+17                  0.8                -1315152.0343085635 0.0                    2.3344517806777455e+111 0.0                     2.1724986992501603e-12
8.42232066979263e-12   1e+17                  0.8                -1315152.0343085635 0.0                    2.3344517806777455e+111 0.0                     4.233585364956546e-12 
1.7497386884293254e-11 1e+17                  0.8                -1315152.0343085635 0.0                    2.3344517806777455e+111 0.0                     9.075066214500623e-12 
3.51821236001229e-11   1e+17                  0.8                -1315152.0343085635 0.0                    2.3344517806777455e+111 0.0                     1.7684736715829647e-11
7.30909273319715e-11   1e+17                  0.8                -1315152.0343085635 0.0                    2.3344517806777455e+111 0.0                     3.7908803731848605e-11
1.4696446140476875e-10 1e+17                  0.8                -1315152.0343085635 0.0                    2.3344517806777455e+111 0.0                     7.387353407279724e-11 
3.0531894239837076e-10 1e+17                  0.8                -1315152.0343085635 0.0                    2.3344517806777455e+111 0.0                     1.58354480993602e-10  
6.139070273722281e-10  1e+17                  0.8                -1315152.0343085635 0.0                    2.3344517806777455e+111 0.0                     3.085880849738574e-10 
1.2753929932215183e-09 1e+17                  0.8                -1315152.0343085635 0.0                    2.3344517806777455e+111 0.0                     6.614859658492902e-10 
2.564442006282047e-09  1e+17                  0.8                -1315152.0343085635 0.0                    2.3344517806777455e+111 0.0                     1.2890490130605285e-09
5.327633046220141e-09  1e+17                  0.8                -1315152.0343085635 0.0                    2.3344517806777455e+111 0.0                     2.763191039938095e-09 
1.0712310676314294e-08 1e+17                  0.8                -1315152.0343085635 0.0                    2.3344517806777455e+111 0.0                     5.384677630094152e-09 
2.2254845389641446e-08 1e+17                  0.8                -1315152.0343085635 0.0                    2.3344517806777455e+111 0.0                     1.154253471332715e-08 
4.4747980162845676e-08 1e+17                  0.8                -1315152.0343085635 0.0                    2.3344517806777455e+111 0.0                     2.2493134773204227e-08
9.296401216450819e-08  1e+17                  0.8                -1315152.0343085635 0.0                    2.3344517806777455e+111 0.0                     4.821603200166251e-08 
1.869234182202952e-07  1e+17                  0.8                -1315152.0343085635 0.0                    2.3344517806777455e+111 0.0                     9.395940605578702e-08 
3.8833374963572663e-07 1e+17                  0.8                -1315152.0343085635 0.0                    2.3344517806777455e+111 0.0                     2.0141033141543142e-07
7.808255065816452e-07  1e+17                  0.8                -1315152.0343085635 0.0                    2.3344517806777455e+111 0.0                     3.9249175694591865e-07
1.6221664447881567e-06 1e+17                  0.8                -1315152.0343085635 0.0                    2.3344517806777455e+111 0.0                     8.413409382065115e-07 
3.26170191800123e-06   1e+17                  0.8                -1315152.0343085635 0.0                    2.3344517806777455e+111 0.0                     1.639535473213073e-06 
6.776191811978831e-06  1e+17                  0.8                -1315152.0343085635 0.0                    2.3344517806777455e+111 0.0                     3.5144898939776014e-06
1.3624938366150174e-05 9.999999999999998e+16  0.8                -1315152.034308564  0.0                    2.3344517806777455e+111 0.0                     6.848746554171342e-06 
2.830583484219793e-05  9.999999999999997e+16  0.8                -1315152.0343085665 0.0                    2.334451780677749e+111  0.0                     1.4680896476047757e-05
5.691474884840195e-05  9.999999999999994e+16  0.8                -1315152.0343085672 0.0                    2.334451780677749e+111  0.0                     2.8608914006204027e-05
0.00011824049677835323 9.999999999999986e+16  0.8                -1315152.0343085702 0.0                    2.33445178067775e+111   0.0                     6.132574792995128e-05 
0.00023774703043973896 9.99999999999997e+16   0.8                -1315152.0343085728 0.0                    2.3344517806777476e+111 0.0                     0.00011950653366138572
0.0004939198987181739  9.999999999999936e+16  0.8                -1315152.0343085814 0.0                    2.3344517806777468e+111 0.0                     0.0002561728682784349 
0.0009931283476884078  9.99999999999987e+16   0.8                -1315152.0343085986 0.0                    2.334451780677747e+111  0.0                     0.000499208448970234  
0.002063225992758458   9.99999999999973e+16   0.8                -1315152.0343086359 0.0                    2.3344517806777468e+111 0.0                     0.0010700976450700504 
0.004148543572376197   9.999999999999456e+16  0.8                -1315152.0343087087 0.0                    2.3344517806777487e+111 0.0                     0.002085317579617739  
0.00861860700134107    9.999999999998867e+16  0.8                -1315152.0343088626 0.0                    2.3344517806777474e+111 0.0                     0.004470063428964873  
0.01732949604344956    9.99999999999772e+16   0.8                -1315152.0343091644 0.0                    2.334451780677748e+111  0.0                     0.00871088904210849   
0.03600206031926495    9.999999999995266e+16  0.8                -1315152.0343098105 0.0                    2.334451780677748e+111  0.0                     0.01867256427581539   
0.07238960562439553    9.999999999990478e+16  0.8                -1315152.0343110687 0.0                    2.3344517806777466e+111 0.0                     0.03638754530513059   
0.15038954056384155    9.99999999998022e+16   0.8                -1315152.034313768  0.0                    2.3344517806777487e+111 0.0                     0.07799993493944601   
0.30238934757922753    9.99999999996023e+16   0.8                -1315152.0343190255 0.0                    2.3344517806777482e+111 0.0                     0.151999807015386     
0.6282144330195687     9.999999999917381e+16  0.8                -1315152.0343302959 0.0                    2.334451780677747e+111  0.0                     0.3258250854403412    
1.263155348626123      9.999999999833877e+16  0.8                -1315152.0343522597 0.0                    2.3344517806777463e+111 0.0                     0.6349409156065544    
2.6242075903314888     9.999999999654878e+16  0.8                -1315152.0343993432 0.0                    2.3344517806777487e+111 0.0                     1.3610522417053657    
5.27651336773607       9.99999999930606e+16   0.8                -1315152.0344910924 0.0                    2.334451780677748e+111  0.0                     2.652305777404581     
10.961966352878884     9.999999998558336e+16  0.8                -1315152.0346877652 0.0                    2.3344517806777463e+111 0.0                     5.685452985142814     
22.041305806272735     9.999999997101234e+16  0.8                -1315152.035071028  0.0                    2.3344517806777468e+111 0.0                     11.079339453393851    
45.79085388075933      9.999999993977806e+16  0.8                -1315152.0358925846 0.0                    2.3344517806777476e+111 0.0                     23.749548074486594    
92.07200433078346      9.999999987891131e+16  0.8                -1315152.0374935644 0.0                    2.3344517806777455e+111 0.0                     46.28115045002413     
191.2797605493817      9.999999974843803e+16  0.8                -1315152.0409254082 0.0                    2.3344517806777455e+111 0.0                     99.20775621859826     
384.60761154519554     9.999999949418251e+16  0.8                -1315152.0476131025 0.0                    2.3344517806777474e+111 0.0                     193.32785099581383    
799.0230296011698      9.999999894916325e+16  0.8                -1315152.0619487667 0.0                    2.3344517806777468e+111 0.0                     414.41541805597427    
1606.6014412704963     9.999999788707483e+16  0.8                -1315152.089884924  0.0                    2.334451780677749e+111  0.0                     807.5784116693263     
3337.717487722439      9.999999561039394e+16  0.8                -1315152.1497685588 0.0                    2.3344517806777468e+111 0.0                     1731.1160464519423    
6711.172929527735      9.999999117378675e+16  0.8                -1315152.2664648423 0.0                    2.3344517806777487e+111 0.0                     3373.4554418052962    
13942.47426561518      9.999998166352442e+16  0.8                -1315152.5166137614 0.0                    2.3344517806777487e+111 0.0                     7231.301336087444     
28034.23483450164      9.999996313071003e+16  0.8                -1315153.0040835347 0.0                    2.3344517806777466e+111 0.0                     14091.76056888646     
58241.17510316591      9.99999234039618e+16   0.8                -1315154.0490195882 0.0                    2.3344517806777463e+111 0.0                     30206.940268664268    
117105.95614339059     9.999984598770667e+16  0.8                -1315156.085309541  0.0                    2.3344517806777476e+111 0.0                     58864.78104022469     
243287.84208431648     9.999968003883152e+16  0.8                -1315160.4503005901 0.0                    2.3344517806777492e+111 0.0                     126181.88594092589    
489180.64092764846     9.999935665034747e+16  0.8                -1315168.9565239544 0.0                    2.334451780677748e+111  0.0                     245892.79884333198    
1016273.6929877962     9.999866343392821e+16  0.8                -1315187.1907651632 0.0                    2.3344517806777468e+111 0.0                     527093.0520601476     
2043428.9368285965     9.999731253250858e+16  0.8                -1315222.7257250343 0.0                    2.334451780677746e+111  0.0                     1027155.2438408005    
4245227.423658559      9.999441667710123e+16  0.8                -1315298.9049782164 0.0                    2.334451780677748e+111  0.0                     2201798.4868299626    
8535909.785698235      9.998877314728883e+16  0.8                -1315447.3844090546 0.0                    2.3344517806777476e+111 0.0                     4290682.362039675     
17733368.484230854     9.997667437430064e+16  0.8                -1315765.7839234227 0.0                    2.3344517806777466e+111 0.0                     9197458.69853262      
35656613.52660513      9.995309158173701e+16  0.8                -1316386.7370440091 0.0                    2.334451780677749e+111  0.0                     17923245.042374272    
74076681.03832662      9.990251591442824e+16  0.8                -1317719.916481925  0.0                    2.3344517806777487e+111 0.0                     38420067.51172149     
148946523.5815728      9.980385843176514e+16  0.8                -1320326.3725187613 0.0                    2.3344517806777474e+111 0.0                     74869842.54324618     
309436680.2637374      9.959195904536802e+16  0.8                -1325950.8021921471 0.0                    2.3344517806777474e+111 0.0                     160490156.68216458    
622186592.971951       9.917726804772702e+16  0.8                -1337062.409506228  0.0                    2.334451780677746e+111  0.0                     312749912.70821357    
1292593806.1817548     9.828089176388237e+16  0.8                -1361563.1350333511 0.0                    2.3344517806777474e+111 0.0                     670407213.2098038     
2030041740.7125392     9.727680984221877e+16  0.8                -1389816.0470483901 0.0                    2.3344517806777474e+111 0.0                     737447934.5307842     
2767489675.2433233     9.62518928689452e+16   0.8                -1419571.9295128225 0.0                    2.334451780677749e+111  0.0                     737447934.5307842     
3504937609.7741075     9.52050324816081e+16   0.8                -1450962.3720833603 0.0                    2.334451780677746e+111  0.0                     737447934.5307842     
4242385544.3048916     9.413502327723333e+16  0.8                -1484135.291640539  0.0                    2.3344517806777463e+111 0.0                     737447934.5307842     
4979833478.835676      9.304055077184877e+16  0.8                -1519257.5939657786 0.0                    2.3344517806777476e+111 0.0                     737447934.5307842     
5717281413.366461      9.19201773971585e+16   0.8                -1556518.3801533373 0.0                    2.334451780677748e+111  0.0                     737447934.5307842     
6454729347.897245      9.077232613265523e+16  0.8                -1596132.8335575562 0.0                    2.334451780677748e+111  0.0                     737447934.5307842     
7192177282.42803       8.959526127131144e+16  0.8                -1638346.9634469936 0.0                    2.3344517806777484e+111 0.0                     737447934.5307842     
7929625216.958815      8.838706568707267e+16  0.8                -1683443.435998637  0.0                    2.334451780677748e+111  0.0                     737447934.5307842     
8667073151.4896        8.714561380229606e+16  0.8                -1731748.7975235542 0.0                    2.3344517806777474e+111 0.0                     737447934.5307842     
9404521086.020384      8.586853922843614e+16  0.8                -1783642.4972336863 0.0                    2.334451780677748e+111  0.0                     737447934.5307842     
10141969020.551168     8.455319575290982e+16  0.8                -1839568.2598720826 0.0                    2.3344517806777468e+111 0.0                     737447934.5307842     
10879416955.081953     8.319660993923878e+16  0.8                -1900048.5609070319 0.0                    2.3344517806777484e+111 0.0                     737447934.5307842     
11616864889.612738     8.17954230524897e+16   0.8                -1965703.2475467771 0.0                    2.334451780677748e+111  0.0                     737447934.5307842     
12354312824.143522     8.034581925268587e+16  0.8                -2037273.77259371   0.0                    2.33445178067775e+111   0.0                     737447934.5307842     
13091760758.674307     7.88434359170129e+16   0.8                -2115655.1368853664 0.0                    2.3344517806777466e+111 0.0                     737447934.5307842     
13829208693.205091     7.728325040613734e+16  0.8                -2201938.5866031577 0.0                    2.3344517806777452e+111 0.0                     737447934.5307842     
14566656627.735876     7.565943534348322e+16  0.8                -2297469.578824458  0.0                    2.3344517806777452e+111 0.0                     737447934.5307842     
15304104562.26666      7.39651711479318e+16   0.8                -2403927.845508762  0.0                    2.3344517806777476e+111 0.0                     737447934.5307842     
16041552496.797445     7.219239952350034e+16  0.8                -2523440.1391734686 0.0                    2.3344517806777484e+111 0.0                     737447934.5307842     
16779000431.32823      7.033149380495478e+16  0.8                -2658742.4990558103 0.0                    2.3344517806777484e+111 0.0                     737447934.5307842     
17516448365.859013     6.837080964057686e+16  0.8                -2813419.6438611494 0.0                    2.3344517806777463e+111 0.0                     737447934.5307842     
18253896300.389797     6.629605913524312e+16  0.8                -2992268.3201860157 0.0                    2.3344517806777468e+111 0.0                     737447934.5307842     
18991344234.92058      6.408941704296003e+16  0.8                -3201867.224355634  0.0                    2.334451780677748e+111  0.0                     737447934.5307842     
19728792169.451366     6.172820667171716e+16  0.8                -3451506.066235485  0.0                    2.334451780677746e+111  0.0                     737447934.5307842     
20466240103.98215      5.918290065215133e+16  0.8                -3754771.107756801  0.0                    2.334451780677748e+111  0.0                     737447934.5307842     
21203688038.512936     5.641395245410021e+16  0.8                -4132405.250954687  0.0                    2.3344517806777466e+111 0.0                     737447934.5307842     
21941135973.04372      5.33665187371395e+16   0.8                -4617832.908383493  0.0                    2.3344517806777484e+111 0.0                     737447934.5307842     
22678583907.574505     4.9961107396843816e+16 0.8                -5268801.645786365  0.0                    2.3344517806777484e+111 0.0                     737447934.5307842     
23416031842.10529      4.607564050570626e+16  0.8                -6194884.288538107  0.0                    2.3344517806777506e+111 0.0                     737447934.5307842     
24153479776.636074     4.150723588246663e+16  0.8                -7633581.292235821  0.0                    2.334451780677748e+111  0.0                     737447934.5307842     
24657166638.55178      3.766230127620194e+16  0.8                -9271761.567259751  0.0                    2.3344517806777468e+111 0.0                     503686861.91570526    
25035594032.92872      3.4153612705019588e+16 0.8                -11274639.448291576 0.0                    2.3344517806777484e+111 0.0                     378427394.37693846    
25319912135.39073      3.094802861113798e+16  0.8                -13731247.073335482 0.0                    2.3344517806777482e+111 0.0                     284318102.4620123     
25533524533.934692     2.8014863988803044e+16 0.8                -16757102.432854526 0.0                    2.3344517806777476e+111 0.0                     213612398.5439611     
25694014690.616856     2.532551399381514e+16  0.8                -20504983.510982186 0.0                    2.334451780677747e+111  0.0                     160490156.68216458    
25814593320.73118      2.2853051171544116e+16 0.8                -25181846.767214067 0.0                    2.3344517806777474e+111 0.0                     120578630.11432347    
25905185830.208508     2.0571764479628652e+16 0.8                -31076555.356766604 0.0                    2.334451780677747e+111  0.0                     90592509.4773279      
25967061733.13681      1.864887455702734e+16  0.8                -37815574.77180512  0.0                    2.3344517806777476e+111 0.0                     61875902.92830262     
26013550014.825993     1.68908934647973e+16   0.8                -46096793.36978378  0.0                    2.3344517806777476e+111 0.0                     46488281.68918303     
26048477348.92756      1.5280855361760056e+16 0.8                -56322332.36245723  0.0                    2.334451780677747e+111  0.0                     34927334.101564996    
26074718771.9941       1.3802877210142528e+16 0.8                -69029815.40100428  0.0                    2.334451780677748e+111  0.0                     26241423.066540185    
26094434341.54071      1.244191508381426e+16  0.8                -84957455.2022957   0.0                    2.334451780677748e+111  0.0                     19715569.546611708    
26107900340.82123      1.1297878053185198e+16 0.8                -103034387.94001484 0.0                    2.3344517806777492e+111 0.0                     13465999.28052162     
26118017545.389618     1.0255458072817636e+16 0.8                -125044856.98763913 0.0                    2.3344517806777484e+111 0.0                     10117204.56838589     
26125618750.925594     9304966413637694.0     0.8                -151896001.3735436  0.0                    2.3344517806777482e+111 0.0                     7601205.535977376     
26131329649.149467     8437503809179839.0     0.8                -184734494.80942526 0.0                    2.3344517806777476e+111 0.0                     5710898.223874811     
26135620331.51151      7644866770640727.0     0.8                -225027771.14383027 0.0                    2.3344517806777474e+111 0.0                     4290682.362039677     
26138843984.676075     6919455284077291.0     0.8                -274683230.7774912  0.0                    2.3344517806777482e+111 0.0                     3223653.164567751     
26141265963.01159      6254178450005501.0     0.8                -336229197.0964465  0.0                    2.334451780677747e+111  0.0                     2421978.3355129603    
26143085631.18252      5642352881910452.0     0.8                -413100264.237635   0.0                    2.3344517806777484e+111 0.0                     1819668.1709338543    
26144328489.02757      5128927977711566.0     0.8                -499945610.79184145 0.0                    2.3344517806777468e+111 0.0                     1242857.8450473696    
26145262266.52197      4662090017929719.0     0.8                -605082581.9350955  0.0                    2.3344517806777476e+111 0.0                     933777.4944007281     
26145963827.37426      4237587766040254.5     0.8                -732383495.6123043  0.0                    2.3344517806777474e+111 0.0                     701560.8522920571     
26146490920.42632      3851553514059485.5     0.8                -886551743.6242474  0.0                    2.334451780677747e+111  0.0                     527093.0520601479     
26146886933.237785     3500467665557494.5     0.8                -1073306650.4873604 0.0                    2.3344517806777484e+111 0.0                     396012.81146517483    
26147184463.524387     3181126430227840.5     0.8                -1299613162.0879478 0.0                    2.3344517806777487e+111 0.0                     297530.2866004318     
26147408002.432426     2890612323101078.5     0.8                -1573969315.1925418 4.356085532781433e-07  2.3344517806777482e+111 0.0                     223538.90803939273    
26147412084.31351      2884187567525678.0     0.8011728034778776 -1580989407.295138  2.896677567625993e-07  2.3344517806777487e+111 7.946904599150469e+110  4081.881084584409     
26147416166.194595     2877751051430210.0     0.8023552903467213 -1583912074.4344049 2.920702604698398e-07  2.3283403191307242e+111 7.884519881394614e+110  4081.881084584409     
26147420248.07568      2871302975892434.5     0.8035475054913296 -1586785299.656651  2.9448401332949923e-07 2.322122664186978e+111  7.822096977082326e+110  4081.881084584409     
26147424329.956764     2864843552111560.0     0.8047494917430708 -1589606577.3139732 2.969085047640003e-07  2.3157966343754952e+111 7.759636991066141e+110  4081.881084584409     
26147428040.75775      2858961233608396.5     0.8058511262884233 -1591718120.0333884 2.9911756749937697e-07 2.3093600045712603e+111 7.697141059176355e+110  3710.800985985826     
26147431751.55874      2853069906511316.0     0.8069609003416309 -1594179352.9092674 3.013367772326976e-07  2.3034084339324115e+111 7.640284600163856e+110  3710.800985985826     
26147435462.359726     2847169753343145.5     0.8080788409473908 -1596591180.900136  3.035634397163233e-07  2.2973617997510567e+111 7.583400381514875e+110  3710.800985985826     
26147439173.160713     2841260964505744.5     0.8092049733606202 -1598951459.7130995 3.0579706553455253e-07 2.2912183345524914e+111 7.526489331915819e+110  3710.800985985826     
26147442883.9617       2835343738520345.0     0.8103393209465021 -1601257979.4749036 3.0803713782088233e-07 2.2849762403591546e+111 7.469552404303678e+110  3710.800985985826     
26147446594.762688     2829418282273419.5     0.8114819050767492 -1603508463.2216594 3.102831112176553e-07  2.2786336886117683e+111 7.412590576654347e+110  3710.800985985826     
26147450305.563675     2823484811268071.0     0.8126327450219974 -1605700565.3903346 3.1253441081023203e-07 2.2721888201317722e+111 7.355604852804884e+110  3710.800985985826     
26147454016.364662     2817543549880927.5     0.8137918578402342 -1607831870.3158193 3.1479043103620616e-07 2.2656397451287316e+111 7.298596263310974e+110  3710.800985985826     
26147457727.16565      2811594731624500.0     0.8149592582611762 -1609899890.7377396 3.1705053457030906e-07 2.258984543256653e+111  7.241565866341601e+110  3710.800985985826     
26147461437.966637     2805638599414961.5     0.8161349585665085 -1611902066.321558  3.1931405118580186e-07 2.2522212637233354e+111 7.184514748612787e+110  3710.800985985826     
26147465148.767624     2799675405845270.0     0.8173189684659043 -1613835762.198892  3.215802765933215e-07  2.2453479254571159e+111 7.127444026361718e+110  3710.800985985826     
26147468859.56861      2793705413463547.0     0.818511294968747  -1615698267.532534  3.2384847125833916e-07 2.2383625173357609e+111 7.070354846364039e+110  3710.800985985826     
26147472570.3696       2787728895056608.5     0.8197119422514797 -1617486794.1119735 3.261178591985684e-07  2.2312629984823433e+111 7.013248386995739e+110  3710.800985985826     
26147476281.170586     2781746133938504.5     0.8209209115205176 -1619198474.9858334 3.283876267628985e-07  2.224047298633366e+111  6.956125859341798e+110  3710.800985985826     
26147479991.971573     2775757424243911.5     0.8221382008706584 -1620830363.138131  3.306569213936448e-07  2.216713318584658e+111  6.89898850835432e+110   3710.800985985826     
26147483702.77256      2769763071226196.5     0.8233638051389388 -1622379430.2157803 3.329248503741688e-07  2.2092589307207914e+111 6.841837614061674e+110  3710.800985985826     
26147487413.573547     2763763391559933.0     0.8245977157538921 -1623842565.3154304 3.3519047956419035e-07 2.201681979634224e+111  6.784674492831904e+110  3710.800985985826     
26147490787.028988     2758304593457829.0     0.8257269928686886 -1624573363.418775  3.372064049937412e-07  2.1939802828405232e+111 6.72750049869189e+110   3373.4554418052962    
26147494160.48443      2752841937475779.5     0.8268631120292464 -1625738784.6151695 3.3925705083459827e-07 2.1868664656855415e+111 6.675507193110694e+110  3373.4554418052962    
26147497533.93987      2747375688006953.0     0.8280060586080258 -1626825308.3136134 3.4130333020370335e-07 2.1796460175292956e+111 6.623507252825005e+110  3373.4554418052962    
26147500907.39531      2741906118071992.0     0.8291558152192581 -1627830351.6883945 3.4334441254079297e-07 2.172317244570384e+111  6.571501786685525e+110  3373.4554418052962    
26147504280.85075      2736433509517485.5     0.8303123616113653 -1628751272.4167016 3.453794348250096e-07  2.1648784371469738e+111 6.519491933215647e+110  3373.4554418052962    
26147507654.30619      2730958153215852.0     0.8314756745567631 -1629585368.2618392 3.4740750078646363e-07 2.1573278705322717e+111 6.467478861622978e+110  3373.4554418052962    
26147511027.76163      2725480349266368.0     0.8326457277390695 -1630329876.7306192 3.49427680124734e-07   2.149663805808939e+111  6.415463772851309e+110  3373.4554418052962    
26147514401.21707      2720000407197092.0     0.8338224916377522 -1630981974.8119416 3.5143900773697253e-07 2.14188449082701e+111   6.363447900674975e+110  3373.4554418052962    
26147517774.672512     2714518646167379.0     0.8350059334102508 -1631538778.803846  3.534404829584737e-07  2.1339881612498393e+111 6.311432512836931e+110  3373.4554418052962    
26147521148.127953     2709035395170667.0     0.8361960167716277 -1631997344.2368956 3.554310688188566e-07  2.1259730416929962e+111 6.259418912232112e+110  3373.4554418052962    
26147524521.583393     2703550993237198.0     0.8373927018718079 -1632354665.902011  3.574096913171987e-07  2.1178373469609886e+111 6.207408438137904e+110  3373.4554418052962    
26147527895.038834     2698065789636286.5     0.8385959451704807 -1632607677.9913945 3.593752387197607e-07  2.1095792833869727e+111 6.155402467493009e+110  3373.4554418052962    
26147531268.494274     2692580144077740.5     0.8398056993097498 -1632753254.3615453 3.61326560884176e-07   2.1011970502806536e+111 6.10340241622661e+110   3373.4554418052962    
26147534641.949715     2687094426911992.5     0.8410219129846307 -1632788208.9278657 3.632624686142796e-07  2.0926888414898184e+111 6.051409740639569e+110  3373.4554418052962    
26147538015.405155     2681609019328476.0     0.8422445308115118 -1632709296.2007227 3.6518173305003464e-07 2.0840528470809766e+111 5.9994259388387974e+110 3373.4554418052962    
26147541388.860596     2676124313551741.0     0.8434734931947069 -1632513211.9733453 3.6708308509730915e-07 2.0752872551447863e+111 5.947452552226944e+110  3373.4554418052962    
26147544762.316036     2670640713034768.0     0.8447087361912463 -1632196594.172275  3.68965214902558e-07   2.066390253731944e+111  5.8954911670487956e+110 3373.4554418052962    
26147548135.771477     2665158632648909.5     0.8459501913740722 -1631756023.8816233 3.708267713778036e-07  2.0573600329254168e+111 5.843543415995775e+110  3373.4554418052962    
26147551509.226917     2659678498869838.0     0.8471977856938193 -1631188026.5527203 3.726663617815999e-07  2.0481947870548727e+111 5.791610979870416e+110  3373.4554418052962    
26147554882.682358     2654200749958846.5     0.8484514413393847 -1630489073.4112122 3.7448255136202113e-07 2.0388927170592663e+111 5.739695589311986e+110  3373.4554418052962    
26147558256.1378       2648725836138811.0     0.8497110755975102 -1629655583.0740154 3.762738630680316e-07  2.0294520330035242e+111 5.6877990265847303e+110 3373.4554418052962    
26147561629.59324      2643254219764065.0     0.8509766007116245 -1628683923.3889248 3.7803877733593536e-07 2.0198709567552897e+111 5.635923127430087e+110  3373.4554418052962    
26147565003.04868      2637786375483412.0     0.8522479237402103 -1627570413.5100398 3.79775731957945e-07   2.0101477248276674e+111 5.58406978298398e+110   3373.4554418052962    
26147568376.50412      2632322790395446.0     0.8535249464149945 -1626311326.222437  3.814831220402307e-07  2.000280591393779e+111  5.532240941760347e+110  3373.4554418052962    
26147571443.281796     2627360221122589.5     0.8546909633097962 -1624289123.7875278 3.828899912047736e-07  1.9902678314788996e+111 5.480438611701667e+110  3066.777674368451     
26147574510.05947      2622401994093475.0     0.8558535145395394 -1622874077.3142498 3.817518889273041e-07  1.9810357038771908e+111 5.5316625195341445e+110 3066.777674368451     
26147577576.837147     2617448341749251.5     0.8570205569896915 -1621382664.8835282 3.832300918194931e-07  1.971744828493344e+111  5.483949517102026e+110  3066.777674368451     
26147580643.614822     2612499662744832.0     0.8581920025642596 -1619760274.4704106 3.846791742373419e-07  1.9623306004428725e+111 5.43626291068248e+110   3066.777674368451     
26147583710.392498     2607556364597318.0     0.8593677591217157 -1618003990.7967937 3.860977976569954e-07  1.9527918095100307e+111 5.388604414858284e+110  3066.777674368451     
26147586777.170174     2602618863745601.0     0.8605477303907173 -1616110879.1440096 3.874845957424696e-07  1.9431272709831133e+111 5.34097579237396e+110   3066.777674368451     
26147589843.94785      2597687585602032.5     0.861731815887141  -1614077987.9780958 3.888381747914173e-07  1.9333358282714494e+111 5.293378855648413e+110  3066.777674368451     
26147592910.725525     2592762964595573.0     0.8629199108326842 -1611902351.7727892 3.9015711426641035e-07 1.9234163556387423e+111 5.2458154683253333e+110 3066.777674368451     
26147595977.5032       2587845444205801.0     0.8641119060753057 -1609580994.0372884 3.914399674166317e-07  1.9133677610544224e+111 5.198287546860919e+110  3066.777674368451     
26147599044.280876     2582935476987128.5     0.865307688011792  -1607110930.5556934 3.926852619949597e-07  1.9031889891644194e+111 5.150797062147864e+110  3066.777674368451     
26147602111.05855      2578033524582575.5     0.8665071385127486 -1604489172.8447704 3.9389150107543854e-07 1.8928790243823975e+111 5.103346041175163e+110  3066.777674368451     
26147605177.836227     2573140057726418.0     0.8677101348503347 -1601712731.8365052 3.9505716397621185e-07 1.882436894102215e+111  5.055936568721778e+110  3066.777674368451     
26147608244.613903     2568255556235003.0     0.8689165496290711 -1598778621.7914722 3.9618070729293424e-07 1.8718616720318711e+111 5.008570789083419e+110  3066.777674368451     
26147611311.39158      2563380508985026.5     0.8701262507200688 -1595683864.4488077 3.9726056604772315e-07 1.8611524816489201e+111 4.961250907830181e+110  3066.777674368451     
26147614378.169254     2558515413878524.0     0.8713391011990401 -1592425493.4179623 3.9829515495860223e-07 1.8503084997766765e+111 4.913979193593113e+110  3066.777674368451     
26147617444.94693      2553660777793847.0     0.8725549592884685 -1589000558.8169982 3.992828698343303e-07  1.8393289602801684e+111 4.866757979877614e+110  3066.777674368451     
26147620511.724606     2548817116521842.0     0.8737736783043287 -1585406132.1615481 4.0022208909939463e-07 1.8282131578801485e+111 4.8195896669006174e+110 3066.777674368451     
26147623578.50228      2543984954686475.5     0.8749951066077629 -1581639311.5078275 4.011111754537613e-07  1.8169604520828303e+111 4.7724767234485875e+110 3066.777674368451     
26147626645.279957     2539164825649126.0     0.8762190875621299 -1577697226.852392  4.01948477671798e-07   1.805570271222441e+111  4.725421688753049e+110  3066.777674368451     
26147629712.057632     2534357271395745.0     0.8774454594958604 -1573577045.7904162 4.027323325445308e-07  1.7940421166128875e+111 4.6784271743794936e+110 3066.777674368451     
26147632778.835308     2529562842406110.0     0.8786740556715614 -1569275979.4332929 4.0346106696908033e-07 1.7823755668040646e+111 4.6314958661256406e+110 3066.777674368451     
26147635845.612984     2524782097504376.0     0.8799047042618225 -1564791288.5853717 4.0413300018881766e-07 1.7705702819375888e+111 4.5846305259239456e+110 3066.777674368451     
26147638912.39066      2520015603690145.5     0.8811372283321893 -1560120290.1783829 4.047464461873223e-07  1.758626008195756e+111  4.537833993743482e+110  3066.777674368451     
26147641979.168335     2515263935949273.0     0.8823714458317755 -1555260363.9609532 4.0529971623882304e-07 1.7465425823367111e+111 4.491109189485068e+110  3066.777674368451     
26147645045.94601      2510527677043647.0     0.8836071695919926 -1550208959.4391117 4.057911216172273e-07  1.7343199363077324e+111 4.444459114863469e+110  3066.777674368451     
26147648112.723686     2505807417279193.0     0.884844207333881  -1544963603.0623496 4.06218976465308e-07   1.7219581019276215e+111 4.3978868552697914e+110 3066.777674368451     
26147651179.50136      2501103754251375.0     0.8860823616845297 -1539521905.6480827 4.0658160082492513e-07 1.7094572156280168e+111 4.3513955816067675e+110 3066.777674368451     
26147654246.279037     2496417292567492.0     0.8873214302030723 -1533881570.0357552 4.0687732382848894e-07 1.6968175232424021e+111 4.304988552088425e+110  3066.777674368451     
26147657313.056713     2491748643545096.0     0.8885612054167464 -1528040398.9599767 4.07104487051042e-07   1.6840393848304002e+111 4.2586691139959946e+110 3066.777674368451     
26147660379.83439      2487098424885904.0     0.8898014748674994 -1521996303.1302245 4.0726144802152186e-07 1.6711232795237606e+111 4.212440705380466e+110  3066.777674368451     
26147663446.612064     2482467260324607.5     0.8910420211696158 -1515747309.5025687 4.07346583890819e-07   1.6580698103792027e+111 4.166306856701802e+110  3066.777674368451     
26147666513.38974      2477855779252045.5     0.8922826220788347 -1509291569.726849  4.073582952532584e-07  1.6448797092220513e+111 4.120271192394392e+110  3066.777674368451     
26147669580.167416     2473264616312251.5     0.8935230505734089 -1502627368.7505207 4.0729501011708357e-07 1.6315538414633555e+111 4.0743374323474174e+110 3066.777674368451     
26147672646.94509      2468694410972957.0     0.8947630749475455 -1495753133.5581007 4.0715518801837936e-07 1.6180932108718383e+111 4.02850939328806e+110   3066.777674368451     
26147675713.722767     2464145807069201.0     0.896002458917645  -1488667442.0228584 4.069373242716887e-07  1.6044989642808382e+111 3.982790990055308e+110  3066.777674368451     
26147678780.500443     2459619452319769.5     0.8972409617417336 -1481369031.8449655 4.0663995434932426e-07 1.5907723962090556e+111 3.937186236750895e+110  3066.777674368451     
26147681847.27812      2455115997816279.0     0.8984783383524569 -1473856809.5479167 4.0626165838007884e-07 1.5769149533727307e+111 3.891699247753722e+110  3066.777674368451     
26147684914.055794     2450636097484807.0     0.8997143395039694 -1466129859.5025687 4.058010657566728e-07  1.5629282390656307e+111 3.846334238583203e+110  3066.777674368451     
26147687980.83347      2446180407520073.0     0.9009487119330217 -1458187452.945708  4.0525685983989633e-07 1.5488140173820994e+111 3.801095526596849e+110  3066.777674368451     
26147691047.611145     2441749585792282.5     0.9021811985345047 -1450029056.9575467 4.046277827459588e-07  1.5345742172572426e+111 3.755987531506206e+110  3066.777674368451     
26147694114.38882      2437344291226856.0     0.9034115385516676 -1441654343.3602536 4.0391264020212675e-07 1.520210936297416e+111  3.71101477569566e+110   3066.777674368451     
26147697181.166496     2432965183157393.5     0.9046394677811754 -1433063197.497114  4.031103064542371e-07  1.5057264443730797e+111 3.6661818843273275e+110 3066.777674368451     
26147700247.94417      2428612920652352.5     0.9058647187931234 -1424255726.8498588 4.022197292082552e-07  1.491123186945468e+111  3.621493585215645e+110  3066.777674368451     
26147703314.721848     2424288161816041.5     0.9070870211660604 -1415232269.44935   4.0123993458653525e-07 1.4764037880976094e+111 3.576954708454585e+110  3066.777674368451     
26147706381.499523     2419991563064692.5     0.9083061017370204 -1405993402.032962  4.001700320780676e-07  1.4615710532398304e+111 3.5325701857803426e+110 3066.777674368451     
26147709448.2772       2415723778378506.5     0.9095216848664868 -1396539947.9001238 3.9900921946059904e-07 1.446627971459448e+111  3.4883450496523796e+110 3066.777674368451     
26147712515.054874     2411485458530725.5     0.9107334927181501 -1386872984.4158545 3.97756787671176e-07   1.4315777174840935e+111 3.4442844320357066e+110 3066.777674368451     
26147715581.83255      2407277250294936.0     0.9119412455532426 -1376993850.1108303 3.9641212560046835e-07 1.4164236532282183e+111 3.400393562867231e+110  3066.777674368451     
26147718648.610226     2403099795631979.0     0.9131446620391566 -1366904151.3253458 3.949747247850248e-07  1.4011693288924168e+111 3.356677768189838e+110  3066.777674368451     
26147721715.3879       2398953730857985.0     0.9143434595719718 -1356605768.3438382 3.9344418397065014e-07 1.3858184835857686e+111 3.313142467937635e+110  3066.777674368451     
26147724782.165577     2394839685795243.5     0.9155440030531229 -1346100860.966174  3.940050030418743e-07  1.370375045442038e+111  3.2116896183850944e+110 3066.777674368451     
26147727848.943253     2390758544746330.5     0.9167392434363822 -1335305910.15714   3.9224891856559685e-07 1.3547562125080913e+111 3.169123325091388e+110  3066.777674368451     
26147730915.72093      2386710925119747.5     0.9179288935526186 -1324308575.2134855 3.903982502391033e-07  1.339053040969209e+111  3.126752829298855e+110  3066.777674368451     
26147733982.498604     2382697434967542.5     0.9191126664505878 -1313111957.9650009 3.884530914333266e-07  1.3232700941753367e+111 3.084583854373871e+110  3066.777674368451     
26147737049.27628      2378718672074469.0     0.9202902757880266 -1301719459.6679137 3.864136651380727e-07  1.3074121217512506e+111 3.042622200391912e+110  3066.777674368451     
26147740116.053955     2374775223041119.5     0.9214614362326267 -1290134782.8766718 3.84280327157986e-07   1.2914840566625327e+111 3.0008737395091178e+110 3066.777674368451     
26147743182.83163      2370867662363749.5     0.9226258638718655 -1278361932.4204962 3.820535689655867e-07  1.2754910116155033e+111 2.9593444108955393e+110 3066.777674368451     
26147746249.609306     2366996551513634.5     0.9237832766305853 -1266405215.4395347 3.7973402018232543e-07 1.259438274774962e+111  2.9180402152239627e+110 3066.777674368451     
26147749316.386982     2363162438018934.5     0.9249333946951248 -1254269240.4389544 3.7732245065957787e-07 1.243331304786836e+111  2.8769672087099433e+110 3066.777674368451     
26147752383.164658     2359365854552163.5     0.9260759409427242 -1241958915.323278  3.7481977213270363e-07 1.227175725096266e+111  2.8361314967010997e+110 3066.777674368451     
26147755449.942333     2355607318026448.0     0.9272106413748492 -1229479444.377948  3.7222703942287257e-07 1.2109773175555585e+111 2.7955392268162464e+110 3066.777674368451     
26147758516.72001      2351887328703864.0     0.9283372255530052 -1216836324.1700926 3.6954545116316537e-07 1.1947420153203949e+111 2.7551965816375336e+110 3066.777674368451     
26147761583.497684     2348206369319202.5     0.9294554270355468 -1204035338.3462205 3.6677635002763636e-07 1.1784758950371193e+111 2.7151097709616308e+110 3066.777674368451     
26147764650.27536      2344564904222562.0     0.93056498381393   -1191082551.3105907 3.6392122244444515e-07 1.1621851683283743e+111 2.675285023618791e+110  3066.777674368451     
26147767717.053036     2340963378544214.0     0.9316656387468032 -1177984300.7746391 3.6098169777690567e-07 1.1458761725891537e+111 2.6357285788719354e+110 3066.777674368451     
26147770783.83071      2337402217385174.5     0.93275713999029   -1164747189.1747825 3.579595469592974e-07  1.1295553611101743e+111 2.5964466774109127e+110 3066.777674368451     
26147773850.608387     2333881825036931.5     0.9338392414227876 -1151378073.9632857 3.5485668057754774e-07 1.1132292925504839e+111 2.5574455519603726e+110 3066.777674368451     
26147776917.386063     2330402584233718.5     0.9349117030625794 -1137884056.78447   3.5167514638836874e-07 1.0969046197862415e+111 2.518731417523124e+110  3066.777674368451     
26147779984.16374      2326964855440679.5     0.935974291476552  -1124272471.5564473 3.4841712627414544e-07 1.0805880781676931e+111 2.480310461283893e+110  3066.777674368451     
26147783050.941414     2323568976181192.0     0.9370267801783073 -1110550871.4865556 3.450849326347186e-07  1.0642864732213728e+111 2.4421888322020835e+110 3066.777674368451     
26147786117.71909      2320215260406489.0     0.9380689500139744 -1096727015.0567355 3.4168100422120595e-07 1.0480066678394433e+111 2.404372630324998e+110  3066.777674368451     
26147789184.496765     2316903997910613.0     0.9391005895340484 -1082808851.0232153 3.3820790142110737e-07 1.0317555690029035e+111 2.366867895856489e+110  3066.777674368451     
26147792251.27444      2313635453793558.0     0.9401214953496249 -1068804502.4828222 3.3466830100808254e-07 1.0155401140899126e+111 2.329680598018955e+110  3066.777674368451     
26147795318.052116     2310409867975288.0     0.9411314724714475 -1054722250.066005  3.310649903739477e-07  9.993672568247436e+110  2.2928166237492146e+110 3066.777674368451     
26147798384.829792     2307227454763113.5     0.9421303346302492 -1040570514.3241752 3.2740086126453875e-07 9.832439529268458e+110  2.256281766272056e+110  3066.777674368451     
26147801451.607468     2304088402474678.0     0.9431179045769439 -1026357837.3860782 3.236789030451392e-07  9.671771455230536e+110  2.2200817135970455e+110 3066.777674368451     
26147804518.385143     2300992873118575.5     0.9440940143613116 -1012092863.964534  3.199021955250288e-07  9.511737503890839e+110  2.184222036986859e+110  3066.777674368451     
26147807585.16282      2297941002134333.0     0.9450585055879196 -997784321.8009915  3.1607390137442945e-07 9.352406410891242e+110  2.1487081794470347e+110 3066.777674368451     
26147810651.940495     2294932898193235.5     0.946011229648132  -983441001.6407655  3.121972581705906e-07  9.193846340844213e+110  2.1135454442885347e+110 3066.777674368451     
26147814025.395935     2291672217547950.0     0.9470461297550817 -969322449.9733458  3.0842585076036607e-07 9.036124738832475e+110  2.078738983815776e+110  3373.4554418052962    
26147817398.851376     2288464695628229.0     0.948066452248771  -953479193.453448   3.040569794956645e-07  8.863568409697677e+110  2.0408445338067514e+110 3373.4554418052962    
26147820772.306816     2285310366841623.5     0.94907204082879   -937626850.4665017  2.996421029517532e-07  8.6921930195782e+110    2.003393599572067e+110  3373.4554418052962    
26147824145.762257     2282209226090637.5     0.9500627545547166 -921777208.6194009  2.9518583553625546e-07 8.522084300599021e+110  1.9663923473192237e+110 3373.4554418052962    
26147827519.217697     2279161228976210.5     0.9510384679999062 -905941990.7929866  2.9069283488618956e-07 8.353326054441597e+110  1.9298466565921608e+110 3373.4554418052962    
26147830892.673138     2276166292113159.0     0.9519990713553739 -890132821.7586712  2.861677868721652e-07  8.185999934726202e+110  1.8937621043789553e+110 3373.4554418052962    
26147834603.474125     2272930093700205.0     0.9530390103963211 -874587558.2682014  2.8175270794434403e-07 8.020185238097465e+110  1.8581439500252998e+110 3710.800985985826     
26147838314.275112     2269757796914577.0     0.9540604386666909 -857273249.4034956  2.7671016075968436e-07 7.839479920165527e+110  1.8194768101304453e+110 3710.800985985826     
26147842025.0761       2266649134999369.5     0.9550632740839935 -840032840.3282101  2.7164637310108406e-07 7.660794440995744e+110  1.7813863022206874e+110 3710.800985985826     
26147845735.877087     2263603787546311.0     0.9560474573408997 -822880859.0859563  2.665675471244538e-07  7.484223201726815e+110  1.7438780325074376e+110 3710.800985985826     
26147849446.678074     2260621381871790.5     0.9570129516621924 -805831454.613613   2.614798142085734e-07  7.309856043316976e+110  1.706957064188285e+110  3710.800985985826     
26147853528.55916      2257409505823426.5     0.9580544215612812 -789102449.1952138  2.5651406477464147e-07 7.137778011415957e+110  1.6706279019645628e+110 4081.881084584409     
26147857610.440243     2254272748669976.5     0.9590755461479442 -770598795.120435   2.514737676539616e-07  6.951046508388602e+110  1.6193158709079752e+110 4081.881084584409     
26147861692.321327     2251210600934868.8     0.9600739623170179 -752222747.9762709  0.0                    6.766867298840154e+110  1.5809358809221778e+110 4081.881084584409     
26147894919.955624     2226884959438755.5     0.9600739623170179 -748172198.8528416  3.2255848888984275e-07 6.585762685305903e+110  0.0                     33227.6342955307      
26147900352.939346     2222820152059951.5     0.9614245805985311 -750911022.7987971  0.0                    6.585762685305904e+110  1.5101108832586616e+110 5432.9837235818495    
26147933580.573643     2198803220453540.0     0.9614245805985311 -738676055.6278015  3.229853905860887e-07  6.339218144842604e+110  0.0                     33227.6342955307      
26147939013.557365     2194790005466314.5     0.9627809364910263 -741379891.6218013  2.5137824336258124e-07 6.33921814484261e+110   1.4393084860723942e+110 5432.9837235818495    
26147944446.54109      2190920512204536.2     0.9640938878067272 -714740506.6733439  0.0                    6.08990594410565e+110   1.3793669354545897e+110 5432.9837235818495    
26147977674.175385     2168118567835549.2     0.9640938878067272 -700744415.0179331  3.1159892150544633e-07 5.847020941919721e+110  0.0                     33227.6342955307      
26147983107.159107     2164311434834365.8     0.9654093050067053 -703211872.8580009  0.0                    5.847020941919714e+110  1.3038004369014546e+110 5432.9837235818495    
26148016334.793404     2141923523750365.0     0.9654093050067053 -687932359.1078231  3.10065365702249e-07   5.602251558636296e+110  0.0                     33227.6342955307      
26148022311.0755       2137812245909411.2     0.966855287678556  -690580861.6944829  0.0                    5.602251558636299e+110  1.2306421972105603e+110 5976.282095940035     
26148055538.709797     2115974136512686.8     0.966855287678556  -670863287.6714667  3.0653858466511027e-07 5.331675177468782e+110  0.0                     33227.6342955307      
26148061514.991894     2111964868257752.5     0.9682902190692485 -673412784.4969689  0.0                    5.331675177468789e+110  1.1555012052079806e+110 5976.282095940035     
26148094742.62619      2090721690017832.0     0.9682902190692485 -652380544.1390576  3.021414581467014e-07  5.061769877324644e+110  0.0                     33227.6342955307      
26148100718.908287     2086822879852154.2     0.9697094313575425 -654820505.8044578  0.0                    5.061769877324641e+110  1.0833707594087775e+110 5976.282095940035     
26148137269.30601      2064156718525597.5     0.9697094313575425 -633828426.3341323  2.9776295441256027e-07 4.7936463890642734e+110 0.0                     36550.39772508377     
26148143245.588108     2060368781049398.8     0.9711131592291772 -636161124.7052506  0.0                    4.793646389064274e+110  1.012293896786802e+110  5976.282095940035     
26148179795.985832     2038407730530592.2     0.9711131592291772 -613859257.9174914  2.9244728341133354e-07 4.527514732000857e+110  0.0                     36550.39772508377     
26148185772.26793      2034739134438073.0     0.9724963295846527 -616074806.6283516  0.0                    4.5275147320008575e+110 9.444317690532353e+109  5976.282095940035     
26148222322.665653     2013528920226832.5     0.9724963295846527 -592590493.4615651  0.0                    4.2646104845357005e+110 0.0                     36550.39772508377     
26148258873.063377     1991869502002708.5     0.9724963295846527 -605548119.0131983  2.9564854652130965e-07 4.264610484535697e+110  0.0                     36550.39772508377     
26148264849.345474     1988250575620820.0     0.9739038398795749 -607754509.3608903  0.0                    4.264610484535696e+110  8.673870361657952e+109  5976.282095940035     
26148301399.7432       1967432540726729.5     0.9739038398795749 -581688072.0049552  2.879429079324447e-07  3.996674738039653e+110  0.0                     36550.39772508377     
26148307376.025295     1963956208716584.5     0.9752806668469202 -583749147.0095725  0.0                    3.996674738039652e+110  7.989528192370759e+109  5976.282095940035     
26148343926.42302      1944019600103656.2     0.9752806668469202 -556700353.5952914  2.792868405541705e-07  3.7344936251186086e+110 0.0                     36550.39772508377     
26148349902.705116     1940692601747661.0     0.9766188927931696 -558610732.1428882  0.0                    3.734493625118608e+110  7.4030189725041695e+109 5976.282095940035     
26148390108.142612     1919764451461064.8     0.9766188927931696 -531941241.49422073 0.0                    3.479913912298771e+110  0.0                     40205.43749759215     
26148430313.58011      1898377521123777.2     0.9766188927931696 -543994348.8549274  2.7985748501169726e-07 3.479913912298772e+110  0.0                     40205.43749759215     
26148436289.862206     1895126457436423.0     0.977970049302282  -545862379.6001073  0.0                    3.479913912298771e+110  6.686207130644717e+109  5976.282095940035     
26148476495.2997       1874796923132025.5     0.977970049302282  -516666809.1768907  2.695143450520767e-07  3.2235022236901086e+110 0.0                     40205.43749759215     
26148483069.210007     1871400401870650.0     0.9794038487893534 -518543972.72988164 0.0                    3.22350222369011e+110   6.148827330102044e+109  6573.910305534039     
26148523274.647503     1852304318153966.8     0.9794038487893534 -484806323.8076846  0.0                    2.952581546963514e+110  0.0                     40205.43749759215     
26148563480.085        1832812467803679.5     0.9794038487893534 -495172928.5307345  2.646065980773569e-07  2.952581546963513e+110  0.0                     40205.43749759215     
26148570053.995304     1829557245385789.8     0.9808196719878934 -496936559.5938257  0.0                    2.9525815469635085e+110 5.494005473617155e+109  6573.910305534039     
26148614279.97655      1809557921483093.2     0.9808196719878934 -462258456.2062417  0.0                    2.6868213396065636e+110 0.0                     44225.981247351374    
26148658505.957798     1789114087667486.5     0.9808196719878934 -472883076.0990169  2.592417257150709e-07  2.6868213396065666e+110 0.0                     44225.981247351374    
26148665079.868103     1786005396740206.5     0.9822149672910698 -474530693.4027885  0.0                    2.6868213396065653e+110 4.870565654875748e+109  6573.910305534039     
26148709305.84935      1767046000506778.5     0.9822149672910698 -437942253.21935767 0.0                    2.427289101897485e+110  0.0                     44225.981247351374    
26148753531.830597     1747677574628476.2     0.9822149672910698 -447702925.28142077 0.0                    2.427289101897485e+110  0.0                     44225.981247351374    
26148797757.811844     1727877473450595.8     0.9822149672910698 -458022353.3383175  2.6036360663025767e-07 2.4272891018974856e+110 0.0                     44225.981247351374    
26148804331.72215      1724866475581820.2     0.9836279585996481 -459622834.3725497  0.0                    2.427289101897486e+110  4.2347723925909645e+109 6573.910305534039     
26148848557.703396     1706713580450851.0     0.9836279585996481 -419235543.31608284 0.0                    2.1676458603895458e+110 0.0                     44225.981247351374    
26148892783.684643     1688172477173931.0     0.9836279585996481 -428494994.3661118  2.496662291782415e-07  2.1676458603895488e+110 0.0                     44225.981247351374    
26148899357.594948     1685355589514597.8     0.9849905319221611 -429928556.48454314 0.0                    2.1676458603895468e+110 3.6809288402266758e+109 6573.910305534039     
26148948006.17432      1666818504873005.0     0.9849905319221611 -389563030.08721524 0.0                    1.921158994942241e+110  0.0                     48648.57937208652     
26148996654.753693     1647866816883376.8     0.9849905319221611 -398575082.7570366  2.3824296888160326e-07 1.921158994942236e+110  0.0                     48648.57937208652     
26149003886.055027     1644984600354904.5     0.9864264447354708 -399973012.06674814 0.0                    1.921158994942239e+110  3.1992490492822737e+109 7231.301336087444     
26149052534.6344       1628104400334268.0     0.9864264447354708 -354214714.9995025  0.0                    1.6666332649640192e+110 0.0                     48648.57937208652     
26149101183.21377      1610872357656853.5     0.9864264447354708 -361833556.4136099  0.0                    1.6666332649640202e+110 0.0                     48648.57937208652     
26149149831.793144     1593269669168181.8     0.9864264447354708 -369872908.0597564  0.0                    1.6666332649640216e+110 0.0                     48648.57937208652     
26149198480.372517     1575275877642852.2     0.9864264447354708 -378371009.5879352  2.369332096529557e-07  1.666633264964019e+110  0.0                     48648.57937208652     
26149205711.67385      1572539762855682.2     0.9878680107867397 -379688835.9301959  0.0                    1.666633264964018e+110  2.6436148276125725e+109 7231.301336087444     
26149259225.11116      1555254185621806.2     0.9878680107867397 -330233823.5593246  0.0                    1.4178596955862534e+110 0.0                     53513.43730929517     
26149312738.54847      1537582238607355.5     0.9878680107867397 -337868421.9757422  0.0                    1.4178596955862535e+110 0.0                     53513.43730929517     
26149366251.98578      1519501737989166.2     0.9878680107867397 -345956829.43520695 2.2491562620027884e-07 1.4178596955862539e+110 0.0                     53513.43730929517     
26149373483.287113     1517000019906242.8     0.9892467042943769 -347098820.3265892  0.0                    1.4178596955862539e+110 2.15969205308729e+109   7231.301336087444     
26149426996.724422     1501439341198905.2     0.9892467042943769 -296839217.74096084 0.0                    1.1878068008912337e+110 0.0                     53513.43730929517     
26149480510.16173      1485554454329384.0     0.9892467042943769 -303221302.5833331  0.0                    1.1878068008912313e+110 0.0                     53513.43730929517     
26149534023.59904      1469328040162748.2     0.9892467042943769 -309955486.10672945 0.0                    1.187806800891232e+110  0.0                     53513.43730929517     
26149587537.03635      1452741256688303.5     0.9892467042943769 -317073772.76508045 2.1591194115397725e-07 1.1878068008912335e+110 0.0                     53513.43730929517     
26149595491.46782      1450219115092005.8     0.9907145667180716 -318177606.4472675  0.0                    1.1878068008912328e+110 1.7262142262778178e+109 7954.431469696189     
26149654356.24886      1435186225692447.0     0.9907145667180716 -260758013.9801984  0.0                    9.533736105366932e+109  0.0                     58864.78104022469     
26149713221.0299       1419836762295018.8     0.9907145667180716 -266426455.07943276 0.0                    9.533736105366929e+109  0.0                     58864.78104022469     
26149772085.81094      1404153627353444.5     0.9907145667180716 -272411179.9190482  0.0                    9.533736105366946e+109  0.0                     58864.78104022469     
26149830950.59198      1388118202894600.5     0.9907145667180716 -278741274.2786791  0.0                    9.533736105366924e+109  0.0                     58864.78104022469     
26149889815.37302      1371710158817312.8     0.9907145667180716 -285449620.3429318  2.0616534412905044e-07 9.533736105366934e+109  0.0                     58864.78104022469     
26149897769.80449      1369439569374244.2     0.992130339734597  -286396980.4601726  0.0                    9.533736105366936e+109  1.303127511035781e+109  7954.431469696189     
26149962521.063633     1355045817594729.2     0.992130339734597  -227040626.08248797 0.0                    7.399808531112119e+109  0.0                     64751.25914424717     
26150027272.322777     1340344651178990.0     0.992130339734597  -232048392.76806045 0.0                    7.399808531112103e+109  0.0                     64751.25914424717     
26150092023.58192      1325319225564859.5     0.992130339734597  -237339782.35306683 0.0                    7.399808531112119e+109  0.0                     64751.25914424717     
26150156774.841064     1309951175812476.8     0.992130339734597  -242941281.36512053 0.0                    7.399808531112105e+109  0.0                     64751.25914424717     
26150221526.10021      1294220421945968.5     0.992130339734597  -248882888.80609116 1.907899619247577e-07  7.399808531112113e+109  0.0                     64751.25914424717     
26150230275.974827     1292042727874681.8     0.9935836236818959 -249722563.1190484  0.0                    7.399808531112114e+109  9.57914032443339e+108   8749.87461666581      
26150308624.99839      1277839529902062.0     0.9935836236818959 -185333388.6306399  0.0                    5.3717433011282055e+109 0.0                     78349.0235645391      
26150386974.021954     1263318839868944.0     0.9935836236818959 -189618347.9934615  0.0                    5.371743301128202e+109  0.0                     78349.0235645391      
26150465323.045517     1248462427453735.5     0.9935836236818959 -194158027.24549273 0.0                    5.371743301128203e+109  0.0                     78349.0235645391      
26150543672.06908      1233250335601833.8     0.9935836236818959 -198977431.08489904 0.0                    5.3717433011282105e+109 0.0                     78349.0235645391      
26150622021.092644     1217660648164951.5     0.9935836236818959 -204105055.70118862 0.0                    5.371743301128196e+109  0.0                     78349.0235645391      
26150700370.116207     1201669216346177.5     0.9935836236818959 -209573531.92168748 0.0                    5.371743301128213e+109  0.0                     78349.0235645391      
26150778719.13977      1185249334755141.5     0.9935836236818959 -215420417.7418704  1.805849562609146e-07  5.371743301128211e+109  0.0                     78349.0235645391      
26150787469.01439      1183364433110030.2     0.9949767634931929 -216107221.68890083 0.0                    5.371743301128202e+109  6.355812251514723e+108  8749.87461666581      
26150873652.94031      1170807421844863.2     0.9949767634931929 -148842206.96528456 0.0                    3.621645862841718e+109  0.0                     86183.925920993       
26150959836.866234     1157979616105850.2     0.9949767634931929 -152158145.1154797  0.0                    3.621645862841724e+109  0.0                     86183.925920993       
26151046020.792156     1144866029798942.0     0.9949767634931929 -155663824.34033608 0.0                    3.6216458628417178e+109 0.0                     86183.925920993       
26151132204.71808      1131450310293416.0     0.9949767634931929 -159377152.31700763 0.0                    3.6216458628417265e+109 0.0                     86183.925920993       
26151218388.644        1117714561604628.2     0.9949767634931929 -163318437.61328444 0.0                    3.6216458628417207e+109 0.0                     86183.925920993       
26151304572.569923     1103639137475832.6     0.9949767634931929 -167510813.70733696 0.0                    3.6216458628417286e+109 0.0                     86183.925920993       
26151390756.495846     1089202397916314.2     0.9949767634931929 -171980757.2853267  0.0                    3.6216458628417236e+109 0.0                     86183.925920993       
26151476940.42177      1074380421070599.4     0.9949767634931929 -176758726.42897645 1.6369511403254147e-07 3.621645862841722e+109  0.0                     86183.925920993       
26151486565.283848     1072679142707578.8     0.9963835047824706 -177319852.77829903 0.0                    3.6216458628417194e+109 3.880184033281297e+108  9624.862078332391     
26151601276.08925      1060883620396177.9     0.9963835047824706 -105127668.20265162 0.0                    2.1002039288323356e+109 0.0                     114710.80540084171    
26151715986.89465      1048824340906739.2     0.9963835047824706 -107559061.51787148 0.0                    2.100203928832337e+109  0.0                     114710.80540084171    
26151830697.70005      1036486154331865.5     0.9963835047824706 -110135038.96487124 0.0                    2.100203928832336e+109  0.0                     114710.80540084171    
26151945408.50545      1023852475309352.1     0.9963835047824706 -112869798.7482672  0.0                    2.1002039288323322e+109 0.0                     114710.80540084171    
26152060119.310852     1010905089789507.4     0.9963835047824706 -115779522.34393929 0.0                    2.1002039288323335e+109 0.0                     114710.80540084171    
26152174830.116253     997623927532509.2      0.9963835047824706 -118882739.96434976 0.0                    2.1002039288323322e+109 0.0                     114710.80540084171    
26152289540.921654     983986792682939.9      0.9963835047824706 -122200780.94414848 0.0                    2.100203928832331e+109  0.0                     114710.80540084171    
26152404251.727055     969969042680224.8      0.9963835047824706 -125758333.1973336  0.0                    2.1002039288323306e+109 0.0                     114710.80540084171    
26152518962.532455     955543202993291.1      0.9963835047824706 -129584144.1306421  0.0                    2.100203928832335e+109  0.0                     114710.80540084171    
26152633673.337856     940678501452886.5      0.9963835047824706 -133711906.94524093 1.4163004498080307e-07 2.100203928832334e+109  0.0                     114710.80540084171    
26152644260.686142     939262846924049.9      0.9977430982166735 -134115271.17037764 0.0                    2.1002039288323335e+109 1.9593653126212583e+108 10587.348286165632    
26152812208.77633      929234197464297.0      0.9977430982166735 -61008633.98392665  0.0                    9.350839789602913e+108  0.0                     167948.09018737238    
26152980156.866516     918987913901756.1      0.9977430982166735 -62376653.3132741   0.0                    9.350839789602918e+108  0.0                     167948.09018737238    
26153148104.956703     908511874105512.0      0.9977430982166735 -63823476.06320574  0.0                    9.3508397896029e+108    0.0                     167948.09018737238    
26153316053.04689      897792843191577.0      0.9977430982166735 -65356591.00106628  0.0                    9.350839789602932e+108  0.0                     167948.09018737238    
26153484001.137077     886816328551790.8      0.9977430982166735 -66984498.077272266 0.0                    9.350839789602932e+108  0.0                     167948.09018737238    
26153651949.227264     875566410027553.1      0.9977430982166735 -68716888.32809515  0.0                    9.350839789602876e+108  0.0                     167948.09018737238    
26153819897.31745      864025539869230.6      0.9977430982166735 -70564864.08479646  0.0                    9.350839789602858e+108  0.0                     167948.09018737238    
26153987845.40764      852174305711857.5      0.9977430982166735 -72541210.526038    0.0                    9.350839789602936e+108  0.0                     167948.09018737238    
26154155793.497826     839991147944129.4      0.9977430982166735 -74660733.22752397  0.0                    9.350839789602885e+108  0.0                     167948.09018737238    
26154323741.588013     827452020386577.8      0.9977430982166735 -76940681.37704124  0.0                    9.350839789602926e+108  0.0                     167948.09018737238    
26154491689.6782       814529979891588.6      0.9977430982166735 -79401283.36331083  0.0                    9.350839789602934e+108  0.0                     167948.09018737238    
26154659637.768387     801194685992294.2      0.9977430982166735 -82066431.46941303  0.0                    9.35083978960288e+108   0.0                     167948.09018737238    
26154827585.858574     787411785558513.5      0.9977430982166735 -84964566.88410728  0.0                    9.350839789602868e+108  0.0                     167948.09018737238    
26154995533.94876      773142148816730.4      0.9977430982166735 -88129837.51614596  1.137319149696689e-07  9.350839789602907e+108  0.0                     167948.09018737238    
26155009625.70933      771900244247478.0      0.999222300646026  -88413648.52523533  0.0                    9.350839789602944e+108  7.204458385643502e+107  14091.76056888646     
26155647408.302322     763623455415064.5      0.999222300646026  -13260290.868108256 0.0                    1.3725257993649098e+108 0.0                     637782.5929927788     
26156285190.895313     755166272721364.0      0.999222300646026  -13558960.621755844 0.0                    1.3725257993649002e+108 0.0                     637782.5929927788     
26156922973.488304     746518603657733.5      0.999222300646026  -13874913.995863251 0.0                    1.372525799364913e+108  0.0                     637782.5929927788     
26157560756.081295     737669425031900.0      0.999222300646026  -14209801.250704922 0.0                    1.372525799364916e+108  0.0                     637782.5929927788     
26158198538.674286     728606661144313.5      0.999222300646026  -14565496.566485781 0.0                    1.3725257993649132e+108 0.0                     637782.5929927788     
26158836321.267277     719317040975912.9      0.999222300646026  -14944138.083556231 0.0                    1.372525799364901e+108  0.0                     637782.5929927788     
26159474103.860268     709785929838940.2      0.999222300646026  -15348176.96060002  0.0                    1.3725257993649015e+108 0.0                     637782.5929927788     
26160111886.45326      699997129739296.8      0.999222300646026  -15780437.933632625 0.0                    1.3725257993648996e+108 0.0                     637782.5929927788     
26160749669.04625      689932641115422.8      0.999222300646026  -16244194.67695584  0.0                    1.3725257993649109e+108 0.0                     637782.5929927788     
26161387451.63924      679572376513274.2      0.999222300646026  -16743264.403475752 0.0                    1.372525799364912e+108  0.0                     637782.5929927788     
26162025234.23223      668893813926861.9      0.999222300646026  -17282127.740038622 0.0                    1.3725257993649174e+108 0.0                     637782.5929927788     
26162663016.825222     657871573684387.6      0.999222300646026  -17866082.193034988 0.0                    1.3725257993649062e+108 0.0                     637782.5929927788     
26163300799.418213     646476897456691.6      0.999222300646026  -18501440.820559572 0.0                    1.3725257993649155e+108 0.0                     637782.5929927788     
26163938582.011204     634677000556052.8      0.999222300646026  -19195792.587020144 0.0                    1.3725257993649148e+108 0.0                     637782.5929927788     
26164576364.604195     622434258185351.5      0.999222300646026  -19958348.16040473  0.0                    1.3725257993649166e+108 0.0                     637782.5929927788     
26165214147.197186     609705171143755.9      0.999222300646026  -20800406.049727943 0.0                    1.3725257993649124e+108 0.0                     637782.5929927788     
26165851929.790176     596439034238057.8      0.999222300646026  -21735991.38516071  0.0                    1.3725257993649075e+108 0.0                     637782.5929927788     
26166489712.383167     582576197291161.4      0.999222300646026  -22782747.51150738  0.0                    1.372525799364901e+108  0.0                     637782.5929927788     
26167127494.97616      568045757507772.4      0.999222300646026  -23963206.412839897 0.0                    1.3725257993649067e+108 0.0                     637782.5929927788     
26167765277.56915      552762441585370.1      0.999222300646026  -25306641.74367464  0.0                    1.3725257993649098e+108 0.0                     637782.5929927788     
26168403060.16214      536622305994150.06     0.999222300646026  -26851844.74804178  0.0                    1.3725257993649049e+108 0.0                     637782.5929927788     
26169040842.75513      519496666824104.5      0.999222300646026  -28651412.61888594  0.0                    1.3725257993649033e+108 0.0                     637782.5929927788     
26169678625.34812      501223294591125.4      0.999222300646026  -30778615.215548333 0.0                    1.372525799364901e+108  0.0                     637782.5929927788     
26170316407.941113     481593229570225.9      0.999222300646026  -33338866.06235303  0.0                    1.3725257993649124e+108 0.0                     637782.5929927788     
26170954190.534103     460330281125539.44     0.999222300646026  -36489883.88092459  7.920727185848583e-08  1.3725257993649062e+108 0.0                     637782.5929927788     
26170972946.66742      459645871998740.1      1.0006419788685714 -36598631.088892296 0.0                    1.3725257993649004e+108 6.0923797224998104e+106 18756.133317187883    
26170991702.800735     nan                    1.0006419788685714 nan                 0.0                    nan                     0.0                     18756.133317187883    
