time                   Mass                   Q                  dMdt                dQdt                   fM                      hM                      delta_t               
2e-30                  1e+17                  0.7                -1520880.513238817  0.0                    2.699628734707514e+111  0.0                     1e-30                 
4.1435888100000014e-30 1e+17                  0.7                -1520880.513238817  0.0                    2.699628734707514e+111  0.0                     2.1435888100000016e-30
8.320836979415658e-30  1e+17                  0.7                -1520880.513238817  0.0                    2.699628734707514e+111  0.0                     4.177248169415656e-30 
1.727513941196805e-29  1e+17                  0.7                -1520880.513238817  0.0                    2.699628734707514e+111  0.0                     8.954302432552392e-30 
3.4724541680854506e-29 1e+17                  0.7                -1520880.513238817  0.0                    2.699628734707514e+111  0.0                     1.7449402268886456e-29
7.212888512562816e-29  1e+17                  0.7                -1520880.513238817  0.0                    2.699628734707514e+111  0.0                     3.7404343444773645e-29
1.450193688107315e-28  1e+17                  0.7                -1520880.513238817  0.0                    2.699628734707514e+111  0.0                     7.289048368510335e-29 
3.0126659399360673e-28 1e+17                  0.7                -1520880.513238817  0.0                    2.699628734707514e+111  0.0                     1.5624722518287521e-28
6.057482335350265e-28  1e+17                  0.7                -1520880.513238817  0.0                    2.699628734707514e+111  0.0                     3.0448163954141973e-28
1.2584316689064679e-27 1e+17                  0.7                -1520880.513238817  0.0                    2.699628734707514e+111  0.0                     6.526834353714413e-28 
2.5303270403015413e-27 1e+17                  0.7                -1520880.513238817  0.0                    2.699628734707514e+111  0.0                     1.2718953713950733e-27
5.2567477259148165e-27 1e+17                  0.7                -1520880.513238817  0.0                    2.699628734707514e+111  0.0                     2.726420685613275e-27 
1.0569770337763133e-26 1e+17                  0.7                -1520880.513238817  0.0                    2.699628734707514e+111  0.0                     5.3130226118483166e-27
2.1958706155798167e-26 1e+17                  0.7                -1520880.513238817  0.0                    2.699628734707514e+111  0.0                     1.1388935818035033e-26
4.4152520135205533e-26 1e+17                  0.7                -1520880.513238817  0.0                    2.699628734707514e+111  0.0                     2.219381397940737e-26 
9.172693143268478e-26  1e+17                  0.7                -1520880.513238817  0.0                    2.699628734707514e+111  0.0                     4.7574411297479245e-26
1.8443600025051581e-25 1e+17                  0.7                -1520880.513238817  0.0                    2.699628734707514e+111  0.0                     9.270906881783103e-26 
3.8316612275393845e-25 1e+17                  0.7                -1520880.513238817  0.0                    2.699628734707514e+111  0.0                     1.9873012250342263e-25
7.7043491076145315e-25 1e+17                  0.7                -1520880.513238817  0.0                    2.699628734707514e+111  0.0                     3.872687880075147e-25 
1.6005799511966243e-24 1e+17                  0.7                -1520880.513238817  0.0                    2.699628734707514e+111  0.0                     8.301450404351711e-25 
3.218297786972835e-24  1e+17                  0.7                -1520880.513238817  0.0                    2.699628734707514e+111  0.0                     1.6177178357762105e-24
6.68601963748014e-24   1e+17                  0.7                -1520880.513238817  0.0                    2.699628734707514e+111  0.0                     3.467721850507305e-24 
1.3443628505607374e-23 1e+17                  0.7                -1520880.513238817  0.0                    2.699628734707514e+111  0.0                     6.757608868127232e-24 
2.7929163257681685e-23 1e+17                  0.7                -1520880.513238817  0.0                    2.699628734707514e+111  0.0                     1.4485534752074308e-23
5.615737253169318e-23  1e+17                  0.7                -1520880.513238817  0.0                    2.699628734707514e+111  0.0                     2.8228209274011485e-23
1.1666704605780247e-22 1e+17                  0.7                -1520880.513238817  0.0                    2.699628734707514e+111  0.0                     6.05096735261093e-23  
2.34583281573549e-22   1e+17                  0.7                -1520880.513238817  0.0                    2.699628734707514e+111  0.0                     1.1791623551574655e-22
4.873472045424281e-22  1e+17                  0.7                -1520880.513238817  0.0                    2.699628734707514e+111  0.0                     2.527639229688791e-22 
9.799125834949659e-22  1e+17                  0.7                -1520880.513238817  0.0                    2.699628734707514e+111  0.0                     4.925653789525378e-22 
2.0357702180110363e-21 1e+17                  0.7                -1520880.513238817  0.0                    2.699628734707514e+111  0.0                     1.0558576345160702e-21
4.093338045558054e-21  1e+17                  0.7                -1520880.513238817  0.0                    2.699628734707514e+111  0.0                     2.057567827547018e-21 
8.503917416503853e-21  1e+17                  0.7                -1520880.513238817  0.0                    2.699628734707514e+111  0.0                     4.4105793709457994e-21
1.7098888857573177e-20 1e+17                  0.7                -1520880.513238817  0.0                    2.699628734707514e+111  0.0                     8.594971441069326e-21 
3.552297346091897e-20  1e+17                  0.7                -1520880.513238817  0.0                    2.699628734707514e+111  0.0                     1.8424084603345794e-20
7.142630217930567e-20  1e+17                  0.7                -1520880.513238817  0.0                    2.699628734707514e+111  0.0                     3.5903328718386696e-20
1.4838827586179109e-19 1e+17                  0.7                -1520880.513238817  0.0                    2.699628734707514e+111  0.0                     7.696197368248543e-20 
2.9836539002660053e-19 1e+17                  0.7                -1520880.513238817  0.0                    2.699628734707514e+111  0.0                     1.4997711416480942e-19
6.198546537063788e-19  1e+17                  0.7                -1520880.513238817  0.0                    2.699628734707514e+111  0.0                     3.214892636797782e-19 
1.2463462793055717e-18 1e+17                  0.7                -1520880.513238817  0.0                    2.699628734707514e+111  0.0                     6.26491625599193e-19  
2.589286717498712e-18  1e+17                  0.7                -1520880.513238817  0.0                    2.699628734707514e+111  0.0                     1.3429404381931403e-18
5.2062977136871784e-18 1e+17                  0.7                -1520880.513238817  0.0                    2.699628734707514e+111  0.0                     2.617010996188467e-18 
1.0816093200763733e-17 1e+17                  0.7                -1520880.513238817  0.0                    2.699628734707514e+111  0.0                     5.609795487076554e-18 
2.174799759393265e-17  1e+17                  0.7                -1520880.513238817  0.0                    2.699628734707514e+111  0.0                     1.0931904393168915e-17
4.518150552311939e-17  1e+17                  0.7                -1520880.513238817  0.0                    2.699628734707514e+111  0.0                     2.3433507929186742e-17
9.084678313771121e-17  1e+17                  0.7                -1520880.513238817  0.0                    2.699628734707514e+111  0.0                     4.566527761459182e-17 
1.887343612378938e-16  1e+17                  0.7                -1520880.513238817  0.0                    2.699628734707514e+111  0.0                     9.788757810018259e-17 
3.794895585593052e-16  1e+17                  0.7                -1520880.513238817  0.0                    2.699628734707514e+111  0.0                     1.907551973214114e-16 
7.883902649868248e-16  1e+17                  0.7                -1520880.513238817  0.0                    2.699628734707514e+111  0.0                     4.0890070642751956e-16
1.5852220638042127e-15 1e+17                  0.7                -1520880.513238817  0.0                    2.699628734707514e+111  0.0                     7.968317988173879e-16 
3.293301791201338e-15  1e+17                  0.7                -1520880.513238817  0.0                    2.699628734707514e+111  0.0                     1.708079727397125e-15 
6.621865964143455e-15  1e+17                  0.7                -1520880.513238817  0.0                    2.699628734707514e+111  0.0                     3.3285641729421173e-15
1.3756938878629088e-14 1e+17                  0.7                -1520880.513238817  0.0                    2.699628734707514e+111  0.0                     7.135072914485632e-15 
2.7661177476834088e-14 1e+17                  0.7                -1520880.513238817  0.0                    2.699628734707514e+111  0.0                     1.3904238598204999e-14
5.746614774751643e-14  1e+17                  0.7                -1520880.513238817  0.0                    2.699628734707514e+111  0.0                     2.980497027068234e-14 
1.1554760297898677e-13 1e+17                  0.7                -1520880.513238817  0.0                    2.699628734707514e+111  0.0                     5.808145523147034e-14 
2.4005036048168267e-13 1e+17                  0.7                -1520880.513238817  0.0                    2.699628734707514e+111  0.0                     1.245027575026959e-13 
4.826710130243396e-13  1e+17                  0.7                -1520880.513238817  0.0                    2.699628734707514e+111  0.0                     2.426206525426569e-13 
1.0027499288896772e-12 1e+17                  0.7                -1520880.513238817  0.0                    2.699628734707514e+111  0.0                     5.200789158653376e-13 
2.0162366055859228e-12 1e+17                  0.7                -1520880.513238817  0.0                    2.699628734707514e+111  0.0                     1.0134866766962454e-12
4.188735304836083e-12  1e+17                  0.7                -1520880.513238817  0.0                    2.699628734707514e+111  0.0                     2.1724986992501603e-12
8.42232066979263e-12   1e+17                  0.7                -1520880.513238817  0.0                    2.699628734707514e+111  0.0                     4.233585364956546e-12 
1.7497386884293254e-11 1e+17                  0.7                -1520880.513238817  0.0                    2.699628734707514e+111  0.0                     9.075066214500623e-12 
3.51821236001229e-11   1e+17                  0.7                -1520880.513238817  0.0                    2.699628734707514e+111  0.0                     1.7684736715829647e-11
7.30909273319715e-11   1e+17                  0.7                -1520880.513238817  0.0                    2.699628734707514e+111  0.0                     3.7908803731848605e-11
1.4696446140476875e-10 1e+17                  0.7                -1520880.513238817  0.0                    2.699628734707514e+111  0.0                     7.387353407279724e-11 
3.0531894239837076e-10 1e+17                  0.7                -1520880.513238817  0.0                    2.699628734707514e+111  0.0                     1.58354480993602e-10  
6.139070273722281e-10  1e+17                  0.7                -1520880.513238817  0.0                    2.699628734707514e+111  0.0                     3.085880849738574e-10 
1.2753929932215183e-09 1e+17                  0.7                -1520880.513238817  0.0                    2.699628734707514e+111  0.0                     6.614859658492902e-10 
2.564442006282047e-09  1e+17                  0.7                -1520880.513238817  0.0                    2.699628734707514e+111  0.0                     1.2890490130605285e-09
5.327633046220141e-09  1e+17                  0.7                -1520880.513238817  0.0                    2.699628734707514e+111  0.0                     2.763191039938095e-09 
1.0712310676314294e-08 1e+17                  0.7                -1520880.513238817  0.0                    2.699628734707514e+111  0.0                     5.384677630094152e-09 
2.2254845389641446e-08 1e+17                  0.7                -1520880.513238817  0.0                    2.699628734707514e+111  0.0                     1.154253471332715e-08 
4.4747980162845676e-08 1e+17                  0.7                -1520880.513238817  0.0                    2.699628734707514e+111  0.0                     2.2493134773204227e-08
9.296401216450819e-08  1e+17                  0.7                -1520880.513238817  0.0                    2.699628734707514e+111  0.0                     4.821603200166251e-08 
1.869234182202952e-07  1e+17                  0.7                -1520880.513238817  0.0                    2.699628734707514e+111  0.0                     9.395940605578702e-08 
3.8833374963572663e-07 1e+17                  0.7                -1520880.513238817  0.0                    2.699628734707514e+111  0.0                     2.0141033141543142e-07
7.808255065816452e-07  1e+17                  0.7                -1520880.513238817  0.0                    2.699628734707514e+111  0.0                     3.9249175694591865e-07
1.6221664447881567e-06 1e+17                  0.7                -1520880.513238817  0.0                    2.699628734707514e+111  0.0                     8.413409382065115e-07 
3.26170191800123e-06   1e+17                  0.7                -1520880.513238817  0.0                    2.699628734707514e+111  0.0                     1.639535473213073e-06 
6.776191811978831e-06  1e+17                  0.7                -1520880.513238817  0.0                    2.699628734707514e+111  0.0                     3.5144898939776014e-06
1.3624938366150174e-05 9.999999999999998e+16  0.7                -1520880.5132388175 0.0                    2.699628734707514e+111  0.0                     6.848746554171342e-06 
2.830583484219793e-05  9.999999999999997e+16  0.7                -1520880.5132388193 0.0                    2.699628734707516e+111  0.0                     1.4680896476047757e-05
5.691474884840195e-05  9.999999999999992e+16  0.7                -1520880.5132388219 0.0                    2.6996287347075175e+111 0.0                     2.8608914006204027e-05
0.00011824049677835323 9.999999999999984e+16  0.7                -1520880.5132388216 0.0                    2.699628734707512e+111  0.0                     6.132574792995128e-05 
0.00023774703043973896 9.999999999999965e+16  0.7                -1520880.5132388284 0.0                    2.6996287347075143e+111 0.0                     0.00011950653366138572
0.0004939198987181739  9.999999999999925e+16  0.7                -1520880.5132388412 0.0                    2.699628734707516e+111  0.0                     0.0002561728682784349 
0.0009931283476884078  9.99999999999985e+16   0.7                -1520880.5132388647 0.0                    2.6996287347075165e+111 0.0                     0.000499208448970234  
0.002063225992758458   9.999999999999686e+16  0.7                -1520880.5132389136 0.0                    2.6996287347075154e+111 0.0                     0.0010700976450700504 
0.004148543572376197   9.99999999999937e+16   0.7                -1520880.5132390107 0.0                    2.6996287347075165e+111 0.0                     0.002085317579617739  
0.00861860700134107    9.99999999999869e+16   0.7                -1520880.5132392168 0.0                    2.6996287347075154e+111 0.0                     0.004470063428964873  
0.01732949604344956    9.999999999997365e+16  0.7                -1520880.5132396196 0.0                    2.699628734707515e+111  0.0                     0.00871088904210849   
0.03600206031926495    9.999999999994525e+16  0.7                -1520880.5132404843 0.0                    2.699628734707517e+111  0.0                     0.01867256427581539   
0.07238960562439553    9.99999999998899e+16   0.7                -1520880.5132421665 0.0                    2.6996287347075143e+111 0.0                     0.03638754530513059   
0.15038954056384155    9.999999999977128e+16  0.7                -1520880.5132457742 0.0                    2.699628734707514e+111  0.0                     0.07799993493944601   
0.30238934757922753    9.999999999954011e+16  0.7                -1520880.513252806  0.0                    2.699628734707514e+111  0.0                     0.151999807015386     
0.6282144330195687     9.999999999904458e+16  0.7                -1520880.5132678798 0.0                    2.699628734707515e+111  0.0                     0.3258250854403412    
1.263155348626123      9.999999999807891e+16  0.7                -1520880.5132972533 0.0                    2.699628734707516e+111  0.0                     0.6349409156065544    
2.6242075903314888     9.999999999600891e+16  0.7                -1520880.5133602165 0.0                    2.6996287347075143e+111 0.0                     1.3610522417053657    
5.27651336773607       9.999999999197509e+16  0.7                -1520880.5134829169 0.0                    2.6996287347075154e+111 0.0                     2.652305777404581     
10.961966352878884     9.99999999833282e+16   0.7                -1520880.5137459345 0.0                    2.699628734707515e+111  0.0                     5.685452985142814     
22.041305806272735     9.999999996647784e+16  0.7                -1520880.5142584804 0.0                    2.699628734707513e+111  0.0                     11.079339453393851    
45.79085388075933      9.999999993035762e+16  0.7                -1520880.515357174  0.0                    2.699628734707517e+111  0.0                     23.749548074486594    
92.07200433078346      9.999999985996952e+16  0.7                -1520880.5174982105 0.0                    2.6996287347075154e+111 0.0                     46.28115045002413     
191.2797605493817      9.999999970908637e+16  0.7                -1520880.5220877165 0.0                    2.6996287347075165e+111 0.0                     99.20775621859826     
384.60761154519554     9.99999994150578e+16   0.7                -1520880.5310313622 0.0                    2.6996287347075154e+111 0.0                     193.32785099581383    
799.0230296011698      9.999999878478146e+16  0.7                -1520880.5502028633 0.0                    2.699628734707516e+111  0.0                     414.41541805597427    
1606.6014412704963     9.999999755655117e+16  0.7                -1520880.587562696  0.0                    2.699628734707517e+111  0.0                     807.5784116693263     
3337.717487722439      9.999999492373037e+16  0.7                -1520880.6676468214 0.0                    2.6996287347075154e+111 0.0                     1731.1160464519423    
6711.172929527735      9.99999897931072e+16   0.7                -1520880.8237081536 0.0                    2.6996287347075165e+111 0.0                     3373.4554418052962    
13942.47426561518      9.999997879515966e+16  0.7                -1520881.158239592  0.0                    2.699628734707515e+111  0.0                     7231.301336087444     
28034.23483450164      9.999995736326653e+16  0.7                -1520881.8101471905 0.0                    2.6996287347075175e+111 0.0                     14091.76056888646     
58241.17510316591      9.999991142208053e+16  0.7                -1520883.2075710318 0.0                    2.6996287347075175e+111 0.0                     30206.940268664268    
117105.95614339059     9.999982189562354e+16  0.7                -1520885.9307628027 0.0                    2.699628734707518e+111  0.0                     58864.78104022469     
243287.84208431648     9.99996299873685e+16   0.7                -1520891.7682013048 0.0                    2.699628734707518e+111  0.0                     126181.88594092589    
489180.64092764846     9.999925601103486e+16  0.7                -1520903.1438577538 0.0                    2.6996287347075143e+111 0.0                     245892.79884333198    
1016273.6929877962     9.999845435355488e+16  0.7                -1520927.5292000424 0.0                    2.699628734707518e+111  0.0                     527093.0520601476     
2043428.9368285965     9.999689212486776e+16  0.7                -1520975.0517805293 0.0                    2.699628734707516e+111  0.0                     1027155.2438408005    
4245227.423658559      9.999354324430024e+16  0.7                -1521076.931340419  0.0                    2.699628734707516e+111  0.0                     2201798.4868299626    
8535909.785698235      9.998701678633965e+16  0.7                -1521275.5084948766 0.0                    2.6996287347075175e+111 0.0                     4290682.362039675     
17733368.484230854     9.997302491768118e+16  0.7                -1521701.3629020269 0.0                    2.699628734707516e+111  0.0                     9197458.69853262      
35656613.52660513      9.994575109127258e+16  0.7                -1522531.9791335796 0.0                    2.699628734707515e+111  0.0                     17923245.042374272    
74076681.03832662      9.98872553098455e+16   0.7                -1524315.7457544666 0.0                    2.699628734707516e+111  0.0                     38420067.51172149     
148946523.5815728      9.977313002997469e+16  0.7                -1527804.910715465  0.0                    2.699628734707515e+111  0.0                     74869842.54324618     
309436680.2637374      9.952793238047418e+16  0.7                -1535342.0033680643 0.0                    2.699628734707515e+111  0.0                     160490156.68216458    
622186592.971951       9.904775430294357e+16  0.7                -1550264.5954121817 0.0                    2.699628734707515e+111  0.0                     312749912.70821357    
1292593806.1817548     9.800844573579546e+16  0.7                -1583317.7896541012 0.0                    2.699628734707514e+111  0.0                     670407213.2098038     
1963001019.3915586     9.694697806880795e+16  0.7                -1618178.9333341005 0.0                    2.699628734707514e+111  0.0                     670407213.2098038     
2633408232.601362      9.586213923963664e+16  0.7                -1655010.916024604  0.0                    2.6996287347075186e+111 0.0                     670407213.2098038     
3303815445.811166      9.475260798359277e+16  0.7                -1693997.4436816934 0.0                    2.699628734707517e+111  0.0                     670407213.2098038     
3974222659.0209694     9.361693987818958e+16  0.7                -1735346.537203379  0.0                    2.6996287347075154e+111 0.0                     670407213.2098038     
4644629872.230773      9.24535510422298e+16   0.7                -1779294.769935552  0.0                    2.699628734707515e+111  0.0                     670407213.2098038     
5315037085.440577      9.126069899403853e+16  0.7                -1826112.4344592101 0.0                    2.699628734707516e+111  0.0                     670407213.2098038     
5985444298.65038       9.003646004584494e+16  0.7                -1876109.8875256884 0.0                    2.6996287347075165e+111 0.0                     670407213.2098038     
6655851511.860184      8.877870244447349e+16  0.7                -1929645.4017013803 0.0                    2.6996287347075154e+111 0.0                     670407213.2098038     
7326258725.069987      8.748505424823576e+16  0.7                -1987134.9620293514 0.0                    2.6996287347075165e+111 0.0                     670407213.2098038     
7996665938.279791      8.61528646360699e+16   0.7                -2049064.5990032856 0.0                    2.6996287347075143e+111 0.0                     670407213.2098038     
8667073151.489595      8.477915694856525e+16  0.7                -2116006.065251991  0.0                    2.699628734707514e+111  0.0                     670407213.2098038     
9337480364.6994        8.336057121922462e+16  0.7                -2188636.972984103  0.0                    2.6996287347075143e+111 0.0                     670407213.2098038     
10007887577.909204     8.189329320543842e+16  0.7                -2267766.9598886543 0.0                    2.699628734707515e+111  0.0                     670407213.2098038     
10678294791.119009     8.037296587765019e+16  0.7                -2354372.118239854  0.0                    2.6996287347075143e+111 0.0                     670407213.2098038     
11348702004.328814     7.879457782700216e+16  0.7                -2449640.9278400675 0.0                    2.6996287347075154e+111 0.0                     670407213.2098038     
12019109217.538618     7.715232087920422e+16  0.7                -2555036.481568826  0.0                    2.699628734707513e+111  0.0                     670407213.2098038     
12689516430.748423     7.543940599194627e+16  0.7                -2672382.2294249246 0.0                    2.699628734707516e+111  0.0                     670407213.2098038     
13359923643.958227     7.364782166888611e+16  0.7                -2803982.4010820338 0.0                    2.699628734707515e+111  0.0                     670407213.2098038     
14030330857.168032     7.176801164148738e+16  0.7                -2952794.79856326   0.0                    2.699628734707515e+111  0.0                     670407213.2098038     
14700738070.377836     6.978843670940218e+16  0.7                -3122684.8431396675 0.0                    2.699628734707517e+111  0.0                     670407213.2098038     
15371145283.58764      6.769496626598042e+16  0.7                -3318809.6414084896 0.0                    2.6996287347075154e+111 0.0                     670407213.2098038     
16041552496.797445     6.547001234310992e+16  0.7                -3548217.632920139  0.0                    2.699628734707514e+111  0.0                     670407213.2098038     
16711959710.00725      6.309126164796205e+16  0.7                -3820820.815076625  0.0                    2.699628734707516e+111  0.0                     670407213.2098038     
17382366923.217052     6.052975581315252e+16  0.7                -4151043.185439387  0.0                    2.699628734707515e+111  0.0                     670407213.2098038     
18052774136.426857     5.774686651928855e+16  0.7                -4560770.812600557  0.0                    2.699628734707516e+111  0.0                     670407213.2098038     
18723181349.63666      5.46892928687244e+16   0.7                -5084994.4050141005 0.0                    2.699628734707516e+111  0.0                     670407213.2098038     
19393588562.846466     5.128027594047146e+16  0.7                -5783548.587856297  0.0                    2.699628734707517e+111  0.0                     670407213.2098038     
20063995776.05627      4.7402943249223224e+16 0.7                -6768376.04430084   0.0                    2.6996287347075154e+111 0.0                     670407213.2098038     
20734402989.266075     4.28653751274075e+16   0.7                -8277169.293812475  0.0                    2.6996287347075133e+111 0.0                     670407213.2098038     
21238089851.18178      3.869627370026206e+16  0.7                -10156797.715323037 0.0                    2.699628734707515e+111  0.0                     503686861.91570526    
21616517245.55872      3.485266320563873e+16  0.7                -12520542.774967054 0.0                    2.6996287347075133e+111 0.0                     378427394.37693846    
21874988247.796913     3.1616465966026824e+16 0.7                -15214877.082781509 0.0                    2.699628734707515e+111  0.0                     258471002.23819298    
22069181337.38233      2.866184197765909e+16  0.7                -18513430.5340816   0.0                    2.699628734707518e+111  0.0                     194193089.58541918    
22215081479.820663     2.596072982571443e+16  0.7                -22566348.99940269  0.0                    2.699628734707515e+111  0.0                     145900142.43833143    
22324698416.28823      2.348707578114197e+16  0.7                -27570027.374194495 0.0                    2.699628734707517e+111  0.0                     109616936.46756677    
22407055243.0858       2.1216495811881148e+16 0.7                -33786856.20711544  0.0                    2.699628734707516e+111  0.0                     82356826.79757081     
22468931146.014103     1.9125903576957156e+16 0.7                -41576810.63729011  0.0                    2.699628734707516e+111  0.0                     61875902.92830262     
22511193220.276997     1.7368781318189732e+16 0.7                -50414608.73126418  0.0                    2.699628734707516e+111  0.0                     42262074.262893654    
22542945342.18751      1.5768010515683786e+16 0.7                -61170396.22284151  0.0                    2.6996287347075165e+111 0.0                     31752121.91051363     
22566801181.338913     1.4308739382564266e+16 0.7                -74283498.31398278  0.0                    2.699628734707513e+111  0.0                     23855839.151400167    
22584724426.381287     1.2977338039677954e+16 0.7                -90307508.45069991  0.0                    2.699628734707517e+111  0.0                     17923245.04237428     
22598190425.661808     1.176125719585513e+16  0.7                -109948067.62442397 0.0                    2.6996287347075165e+111 0.0                     13465999.28052162     
22608307630.230194     1.0648890103800108e+16 0.7                -134117795.12597595 0.0                    2.699628734707515e+111  0.0                     10117204.56838589     
22615908835.76617      9629433177015460.0     0.7                -164018806.69674802 0.0                    2.6996287347075143e+111 0.0                     7601205.535977376     
22621619733.990044     8692738465168935.0     0.7                -201271307.85085633 0.0                    2.6996287347075143e+111 0.0                     5710898.223874811     
22625910416.352085     7829147214588607.0     0.7                -248122516.20477045 0.0                    2.699628734707516e+111  0.0                     4290682.362039677     
22628841010.138054     7102000910439497.0     0.7                -301532166.50172657 0.0                    2.699628734707516e+111  0.0                     2930593.7859706823    
22631042808.624886     6438087842505435.0     0.7                -366928376.5763682  0.0                    2.699628734707517e+111  0.0                     2201798.486829964     
22632697052.416645     5831098853534119.0     0.7                -447295251.17749786 0.0                    2.699628734707513e+111  0.0                     1654243.7917580493    
22633939910.261692     5275174441555732.0     0.7                -546539360.2999866  0.0                    2.6996287347075143e+111 0.0                     1242857.8450473696    
22634873687.756092     4764828287103433.0     0.7                -669885514.4269807  0.0                    2.6996287347075165e+111 0.0                     933777.4944007281     
22635575248.608383     4294862834663938.0     0.7                -824511084.9720556  0.0                    2.699628734707512e+111  0.0                     701560.8522920571     
22636054424.110256     3899777321722714.5     0.7                -1000035636.7692834 0.0                    2.6996287347075165e+111 0.0                     479175.50187286164    
22636414435.757042     3539752845284196.0     0.7                -1213805822.313219  0.0                    2.6996287347075165e+111 0.0                     360011.6467865225     
22636684917.83577      3211440123293173.5     0.7                -1474672010.0659835 0.0                    2.699628734707516e+111  0.0                     270482.07872766524    
22636888135.024895     2911761422523713.0     0.7                -1793839239.1868427 4.3124668721740493e-07 2.6996287347075186e+111 0.0                     203217.18912672065    
22636891845.825882     2905104842106238.5     0.7009910837171623 -1802069245.36758   2.6930168110975924e-07 2.6996287347075143e+111 1.027687734458066e+111  3710.800985985826     
22636895556.62687      2898423811568395.5     0.7019930260554393 -1808737888.840353  2.7226707952228044e-07 2.6971702497552415e+111 1.0208501642200512e+111 3710.800985985826     
22636899267.427856     2891718175070875.0     0.703005972767965  -1815449582.784357  2.7527256268669785e-07 2.6946667807579013e+111 1.0140033447694561e+111 3710.800985985826     
22636902978.228844     2884987776944676.0     0.7040300718820556 -1822204295.0862255 2.7831876184972516e-07 2.692117230310794e+111  1.0071473078146271e+111 3710.800985985826     
22636906689.02983      2878232461783841.0     0.7050654737272425 -1829001968.6292067 2.814063162132912e-07  2.6895204675432843e+111 1.0002820862825133e+111 3710.800985985826     
22636910399.83082      2871452074544094.0     0.7061123309627167 -1835842519.683768  2.845358727803585e-07  2.686875326924796e+111  9.934077143514936e+110  3710.800985985826     
22636914110.631805     2864646460647719.0     0.7071707986040915 -1842725836.2068534 2.877080861743266e-07  2.6841806070234356e+111 9.865242274852279e+110  3710.800985985826     
22636917484.087246     2858436465599817.0     0.7081437399179864 -1848848184.235084  2.9069410948195565e-07 2.6814350692152016e+111 9.796316624675381e+110  3373.4554418052962    
22636920857.542686     2852205372247650.5     0.7091265347282194 -1855174557.849319  2.93652324274522e-07   2.678892667476028e+111  9.733561069543899e+110  3373.4554418052962    
22636924230.998127     2845953066003947.5     0.7101193048012123 -1861535761.136643  2.966473419024663e-07  2.676306184493724e+111  9.670731037521908e+110  3373.4554418052962    
22636927604.453568     2839679432925072.5     0.7111221735780239 -1867931612.347494  2.9967967325386623e-07 2.673674602669867e+111  9.607826835626374e+110  3373.4554418052962    
22636930977.909008     2833384359798305.0     0.7121352661878768 -1874361903.7518692 3.0274983348492516e-07 2.670996875257807e+111  9.544848780920092e+110  3373.4554418052962    
22636934351.36445      2827067734233967.0     0.7131587094608812 -1880826400.1858141 3.0585834178147893e-07 2.6682719253949344e+111 9.481797200765352e+110  3373.4554418052962    
22636937724.81989      2820729444762636.5     0.7141824107275461 -1887324837.5232222 3.0594655532647414e-07 2.665498645099692e+111  9.589068211165584e+110  3373.4554418052962    
22636941098.27533      2814369314034212.0     0.7152166959849877 -1893876933.1864462 3.0912553837012643e-07 2.662703903754117e+111  9.524938741384055e+110  3373.4554418052962    
22636944471.73077      2807987230633276.5     0.7162616974950144 -1900462978.5101106 3.123445256156412e-07  2.6598590148147215e+111 9.460733604222502e+110  3373.4554418052962    
22636947845.18621      2801583084318668.0     0.7173175492851942 -1907082633.847245  3.1560405662861363e-07 2.6569627831958335e+111 9.396453169088873e+110  3373.4554418052962    
22636951218.64165      2795156766141216.0     0.718384387157432  -1913735524.4299836 3.1890467377416264e-07 2.6540139786604365e+111 9.332097817277087e+110  3373.4554418052962    
22636954285.419327     2789294404710941.0     0.7193643521917696 -1919614079.4440627 3.219999161664885e-07  2.651011334630894e+111  9.267667942276852e+110  3066.777674368451     
22636957352.197002     2783413545941248.0     0.7203536219926355 -1925713589.4738045 3.250716889208632e-07  2.6482325228805645e+111 9.209015533866657e+110  3066.777674368451     
22636960418.974678     2777514111398694.5     0.7213523025249846 -1931839396.5946362 3.2817867439585907e-07 2.645407091437811e+111  9.150302142805613e+110  3066.777674368451     
22636963485.752354     2771596023890023.5     0.7223605009787935 -1937991101.2500777 3.3132128387378005e-07 2.6425340040992894e+111 9.09152809322996e+110   3066.777674368451     
22636966552.53003      2765659207556681.0     0.7233783257695598 -1944168272.8384235 3.3449992894197453e-07 2.6396121964192246e+111 9.032693718524109e+110  3066.777674368451     
22636969619.307705     2759703587973950.0     0.7244058865376591 -1950370448.1869705 3.377150211148657e-07  2.636640574831937e+111  8.973799361545951e+110  3066.777674368451     
22636972686.08538      2753729092254919.5     0.725443294146468  -1956597129.9551504 3.409669714266553e-07  2.63361801574532e+111   8.914845374858704e+110  3066.777674368451     
22636975752.863056     2747735649159503.0     0.7264906606791638 -1962847784.963408  3.4425618999287236e-07 2.630543364604479e+111  8.855832120970041e+110  3066.777674368451     
22636978819.64073      2741723189208753.5     0.7275480994340989 -1969121842.4443436 3.475830855387962e-07  2.6274154349245075e+111 8.796759972578275e+110  3066.777674368451     
22636981886.418407     2735691644804710.0     0.7286157249186465 -1975418692.2126021 3.509480648926925e-07  2.624233007291496e+111  8.737629312826246e+110  3066.777674368451     
22636984953.196083     2729640950356035.0     0.7296936528414036 -1981737682.7498236 3.5435153244166976e-07 2.62099482833082e+111   8.67844053556322e+110   3066.777674368451     
22636988019.97376      2723571042409711.0     0.7307820001026357 -1988078119.200784  3.577938895478466e-07  2.6176996096417193e+111 8.619194045614703e+110  3066.777674368451     
22636990807.953465     2718035421845496.0     0.7317809861755423 -1993626958.7852936 3.610055615323723e-07  2.614346026697185e+111  8.559890259061169e+110  2787.9797039713185    
22636993595.93317      2712483825032420.0     0.7327887763815315 -1999420866.3991115 3.642017924173377e-07  2.6112441563611477e+111 8.505914933819653e+110  2787.9797039713185    
22636996383.912876     2706916209641782.5     0.7338054611178481 -2005230526.9412827 3.6743105457364185e-07 2.6080918363971013e+111 8.45189291565426e+110   2787.9797039713185    
22636999171.892582     2701332535199204.5     0.7348311315569984 -2011055275.674406  3.706936349601052e-07  2.604887988034683e+111  8.397824543695176e+110  2787.9797039713185    
22637001959.872288     2695732763187277.5     0.7358658796343079 -2016894410.697783  3.7398981608893914e-07 2.601631504699265e+111  8.343710165593124e+110  2787.9797039713185    
22637004747.851994     2690116857152646.5     0.736909798034005  -2022747191.3325427 3.773198754879895e-07  2.5983212512168075e+111 8.289550137723184e+110  2787.9797039713185    
22637007535.8317       2684484782817723.5     0.737962980173743  -2028612836.4395552 3.806840851296257e-07  2.594956062995902e+111  8.235344825394937e+110  2787.9797039713185    
22637010323.811405     2678836508197214.0     0.7390255201874628 -2034490522.6674907 3.8408271082445583e-07 2.591534745186479e+111  8.181094603069375e+110  2787.9797039713185    
22637013111.79111      2673172003719657.0     0.7400975129064967 -2040379382.6282618 3.8751601157797203e-07 2.588056071814691e+111  8.126799854582718e+110  2787.9797039713185    
22637015899.770817     2667491242354189.5     0.7411790538388053 -2046278502.9970107 3.909842389081284e-07  2.5845187848934603e+111 8.072460973377272e+110  2787.9797039713185    
22637018687.750523     2661794199742747.5     0.7422702391462376 -2052186922.5337434 3.944876361217566e-07  2.580921593508257e+111  8.018078362740252e+110  2787.9797039713185    
22637021475.73023      2656080854337920.5     0.7433711656196951 -2058103630.0235622 3.9802643754762693e-07 2.57726317287758e+111   7.963652436050118e+110  2787.9797039713185    
22637024263.709934     2650351187546704.0     0.7444819306520768 -2064027562.1324408 4.01600867723856e-07   2.573542163387772e+111  7.909183617031502e+110  2787.9797039713185    
22637026798.23694      2645127547850044.0     0.745500750249165  -2069140124.9028275 4.049157859490251e-07  2.569757169601664e+111  7.85467234001872e+110   2534.5270036102893    
22637029332.763943     2639890397108681.0     0.74652786074894   -2074529411.257058  4.0822570589000545e-07 2.56625811369819e+111   7.805068603333476e+110  2534.5270036102893    
22637031867.290947     2634639728544050.5     0.7475633365140758 -2079921778.429365  4.1156550624472696e-07 2.5627038529907984e+111 7.755430482018714e+110  2534.5270036102893    
22637034401.81795      2629375537819516.5     0.7486072522302221 -2085316258.755123  4.1493531996408967e-07 2.559093256705475e+111  7.705758327637408e+110  2534.5270036102893    
22637036936.344955     2624097823149594.5     0.7496596828812858 -2090711841.0205297 4.183352701315267e-07  2.5554251668235905e+111 7.656052499794564e+110  2534.5270036102893    
22637039470.87196      2618806585413356.0     0.7506238452903481 -2096107468.7883606 3.8321390933130375e-07 2.5516983973856875e+111 9.241342023814081e+110  2534.5270036102893    
22637042005.398964     2613501106003056.5     0.7515965405976852 -2101789330.3392642 3.8662018314072243e-07 2.5482586446561476e+111 9.182993413807332e+110  2534.5270036102893    
22637044539.92597      2608181370669255.5     0.7525778498190894 -2107477285.7805612 3.900590112658794e-07  2.5447634964903335e+111 9.124589279453925e+110  2534.5270036102893    
22637047074.452972     2602847367583718.0     0.7535678544301673 -2113170376.330937  3.93530582081977e-07   2.541211802611936e+111  9.06613004396983e+110   2534.5270036102893    
22637049608.979977     2597499087453084.5     0.7545666363434803 -2118867597.8851497 3.9703507485987813e-07 2.537602384474333e+111  9.007616141533667e+110  2534.5270036102893    
22637052143.50698      2592136523637052.0     0.7555742778838956 -2124567899.2097251 4.00572659046387e-07   2.5339340345175087e+111 8.949048017559316e+110  2534.5270036102893    
22637054678.033985     2586759672271233.0     0.7565908617620524 -2130270180.0706956 4.041434935053083e-07  2.5302055154072924e+111 8.890426128977585e+110  2534.5270036102893    
22637057212.56099      2581368532394862.5     0.7576164710458402 -2135973289.2911308 4.0774772571739327e-07 2.526415559256753e+111  8.831750944527231e+110  2534.5270036102893    
22637059747.087994     2575963106083542.0     0.7586511891297846 -2141676022.7361858 4.113854909372101e-07  2.5225628668296965e+111 8.773022945055978e+110  2534.5270036102893    
22637062281.614998     2570543398587202.0     0.7596950997022267 -2147377121.223271  4.1505691130488536e-07 2.5186461067261224e+111 8.714242623831491e+110  2534.5270036102893    
22637064816.142002     2565109418473475.0     0.7607482867101816 -2153075268.355043  4.187620949105889e-07  2.514663914549693e+111  8.655410486863494e+110  2534.5270036102893    
22637067350.669006     2559661177776676.0     0.7618108343217517 -2158769088.2727175 4.2250113480953556e-07 2.510614892057119e+111  8.596527053237001e+110  2534.5270036102893    
22637069885.19601      2554198692152603.0     0.7628828268859688 -2164457143.327377  4.2627410798523065e-07 2.5064976062896453e+111 8.537592855457365e+110  2534.5270036102893    
22637072419.723015     2548721981039356.5     0.7639643488899296 -2170137931.666732  4.3008107425853963e-07 2.5023105886866357e+111 8.478608439807916e+110  2534.5270036102893    
22637074954.25002      2543231067824403.5     0.765055484913086  -2175809884.734927  4.339220751401353e-07  2.498052334181507e+111  8.419574366720478e+110  2534.5270036102893    
22637077488.777023     2537725980018101.5     0.7661563195785427 -2181471364.6829295 4.37797132623757e-07   2.493721300280247e+111  8.360491211159627e+110  2534.5270036102893    
22637080023.304028     2532206749433921.0     0.7672669375012112 -2187120661.686962  4.4170624791760524e-07 2.4893159061227526e+111 8.301359563021491e+110  2534.5270036102893    
22637082557.83103      2526673412375587.5     0.7683874232326587 -2192755991.172686  4.4564940011118654e-07 2.484834531527555e+111  8.242180027547634e+110  2534.5270036102893    
22637085092.358036     2521126009831399.5     0.769517861202487  -2198375490.9424963 4.496265447747226e-07  2.480275516020181e+111  8.18295322575462e+110   2534.5270036102893    
22637087626.88504      2515564587675955.0     0.7706583356560673 -2203977218.203792  4.5363761248826626e-07 2.4756371578460057e+111 8.123679794880841e+110  2534.5270036102893    
22637090161.412045     2509989196879549.5     0.77180893058845   -2209559146.495674  4.5768250729748347e-07 2.470917712968059e+111  8.06436038885064e+110   2534.5270036102893    
22637092465.527504     2504908012194049.0     0.7728642024846415 -2214220583.567482  4.61417156458933e-07   2.46611539405074e+111   8.004995678757136e+110  2304.1154578275355    
22637094769.642963     2499815379699529.5     0.7739279742324287 -2219247767.9313803 4.6515008624810246e-07 2.461674402868142e+111  7.950976688218057e+110  2304.1154578275355    
22637097073.758423     2494711349897787.0     0.775000308068263  -2224253227.789145  4.6891054641417624e-07 2.457161952822002e+111  7.896921376514931e+110  2304.1154578275355    
22637099377.873882     2489595977381102.5     0.7760812658544828 -2229235173.828995  4.726983750326058e-07  2.452576602598427e+111  7.842830289207005e+110  2304.1154578275355    
22637101681.98934      2484469320987663.0     0.777170909025008  -2234191748.471069  4.765133862016644e-07  2.447916878572534e+111  7.788703985050048e+110  2304.1154578275355    
22637103986.1048       2479331443962199.5     0.7782692985281959 -2239121023.5721292 4.803553687829869e-07  2.443181274146109e+111  7.734543036363344e+110  2304.1154578275355    
22637106290.22026      2474182414121977.5     0.7793764947667365 -2244020998.0659156 4.842240850883398e-07  2.4383682490816906e+111 7.680348029411346e+110  2304.1154578275355    
22637108594.33572      2469022304028295.0     0.7804925575344622 -2248889595.538495  4.881192695108298e-07  2.4334762288340563e+111 7.626119564800477e+110  2304.1154578275355    
22637110898.45118      2463851191163630.5     0.7816175459499433 -2253724661.738177  4.92040627098769e-07   2.4285036038802777e+111 7.571858257891754e+110  2304.1154578275355    
22637113202.56664      2458669158114597.5     0.7827515183867364 -2258523962.0195513 4.959878320703501e-07  2.4234487290495167e+111 7.517564739230332e+110  2304.1154578275355    
22637115506.6821       2453476292760846.5     0.783894532400149  -2263285178.721571  4.999605262673579e-07  2.418309922854008e+111  7.463239654992574e+110  2304.1154578275355    
22637117810.797558     2448272688470070.5     0.7850466446503772 -2268005908.4795675 5.039583175460725e-07  2.413085466822648e+111  7.408883667452002e+110  2304.1154578275355    
22637120114.913017     2443058444299259.5     0.7862079108218746 -2272683659.4714627 5.079807781036042e-07  2.4077736048389107e+111 7.354497455464545e+110  2304.1154578275355    
22637122419.028477     2437833665202356.0     0.7873783855388001 -2277315848.598511  5.120274427378568e-07  2.4023725424848036e+111 7.300081714974669e+110  2304.1154578275355    
22637124723.143936     2432598462244456.0     0.7885581222763937 -2281899798.601336  5.160978070394172e-07  2.396880446392966e+111  7.245637159543239e+110  2304.1154578275355    
22637126817.794353     2427829817315584.5     0.7896390777234191 -2285534639.6187277 5.198137055829747e-07  2.391295443608912e+111  7.191164520898319e+110  2094.6504162068504    
22637128912.44477      2423052754318213.0     0.7907186598989577 -2289602859.009501  5.1916286690912e-07    2.3861340859822886e+111 7.281544581077072e+110  2094.6504162068504    
22637131007.09519      2418267282614640.5     0.7918060191682325 -2293666856.3070474 5.22918525629746e-07   2.3809369021001645e+111 7.23118040158444e+110   2094.6504162068504    
22637133101.745605     2413473502365076.0     0.7929011926978012 -2297682940.5024977 5.266922812650209e-07  2.3756590767238898e+111 7.180793191519984e+110  2094.6504162068504    
22637135196.396023     2408671518605199.5     0.7940042165766289 -2301648762.978943  5.304836129416896e-07  2.370299098698371e+111  7.130383566682091e+110  2094.6504162068504    
22637137291.04644      2403861441402798.5     0.7951151257458471 -2305561899.4426074 5.342919656398802e-07  2.364855428046341e+111  7.079952157595668e+110  2094.6504162068504    
22637139385.696857     2399043386018587.5     0.7962339539256165 -2309419847.893282  5.381167487801457e-07  2.359326495633084e+111  7.029499609956992e+110  2094.6504162068504    
22637141480.347275     2394217473071288.5     0.797360733538999  -2313220026.566394  5.419573347660337e-07  2.3537107028473944e+111 6.979026585097163e+110  2094.6504162068504    
22637143574.997692     2389383828707012.0     0.7984954956327488 -2316959771.8486786 5.458130574816932e-07  2.3480064213007208e+111 6.928533760465069e+110  2094.6504162068504    
22637145669.64811      2384542584772997.0     0.799638269794929  -2320636336.169768  5.496832107441594e-07  2.3422119925466888e+111 6.878021830130892e+110  2094.6504162068504    
22637147764.298527     2379693878995750.0     0.8007890840692603 -2324246885.872244  5.535670467100417e-07  2.3363257278232617e+111 6.827491505310923e+110  2094.6504162068504    
22637149858.948944     2374837855163625.5     0.8019479648661075 -2327788499.0630536 5.574637742364505e-07  2.3303459078200157e+111 6.776943514915117e+110  2094.6504162068504    
22637151953.59936      2369974663313877.5     0.8031149368700113 -2331258163.4495506 5.613725571961588e-07  2.3242707824731913e+111 6.726378606118444e+110  2094.6504162068504    
22637154048.24978      2365104459924205.0     0.8042900229436702 -2334652774.16374   5.652925127471139e-07  2.3180985707912958e+111 6.675797544957046e+110  2094.6504162068504    
22637156142.900196     2360227408108815.0     0.8054732440282798 -2337969131.578708  5.692227095565853e-07  2.3118274607142487e+111 6.625201116950487e+110  2094.6504162068504    
22637158237.550613     2355343677818998.5     0.8066646190401382 -2341203939.1217313 5.731621659804291e-07  2.3054556090093351e+111 6.574590127751784e+110  2094.6504162068504    
22637160332.20103      2350453446048232.5     0.8078641647634254 -2344353801.0888805 5.771098481981308e-07  2.298981141207314e+111  6.523965403826117e+110  2094.6504162068504    
22637162426.851448     2345556897041777.0     0.8090718957390687 -2347415220.4665446 5.810646683045269e-07  2.29240215158236e+111   6.473327793159961e+110  2094.6504162068504    
22637164331.079098     2341099920195394.0     0.810177285203194  -2349489751.358523  5.846116519726331e-07  2.2857167031796512e+111 6.422678166001948e+110  1904.2276510971367    
22637166235.306747     2336638040820425.0     0.8112894571974728 -2352101033.0557303 5.882126759241496e-07  2.279543084273304e+111  6.376615366017407e+110  1904.2276510971367    
22637168139.534397     2332171414248243.0     0.8124084171980891 -2354630297.8372536 5.918166807142224e-07  2.2732783209555614e+111 6.330544138016435e+110  1904.2276510971367    
22637170043.762047     2327700201347958.0     0.8135341688275098 -2357074610.2283196 5.954226783002747e-07  2.2669208911922134e+111 6.284465190078544e+110  1904.2276510971367    
22637171947.989697     2323224568669643.5     0.8146667137729962 -2359430958.6863217 5.990296370837787e-07  2.2604692520836246e+111 6.23837924772671e+110   1904.2276510971367    
22637173852.217346     2318744688589903.5     0.8158060517026512 -2361696254.361073  6.026364805923842e-07  2.2539218400641485e+111 6.19228705449846e+110   1904.2276510971367    
22637175756.444996     2314260739459702.5     0.8169521801789724 -2363867329.888257  6.062420861453742e-07  2.2472770711438957e+111 6.146189372540695e+110  1904.2276510971367    
22637177660.672646     2309772905754407.5     0.818105094569881  -2365940938.2214346 6.098452835042149e-07  2.2405333411958103e+111 6.100086983229307e+110  1904.2276510971367    
22637179564.900295     2305281378225941.5     0.8192647879572037 -2367913751.5082254 6.134448535101603e-07  2.2336890262910596e+111 6.053980687814716e+110  1904.2276510971367    
22637181469.127945     2300786354056964.0     0.820431251042586  -2369782360.016841  6.170395267111402e-07  2.226742483085997e+111  6.007871308094168e+110  1904.2276510971367    
22637183373.355595     2296288037016973.0     0.8216044720508208 -2371543271.1194305 6.206279819803519e-07  2.219692049264042e+111  5.961759687112546e+110  1904.2276510971367    
22637185277.583244     2291786637620201.5     0.8227844366305826 -2373192908.3392367 6.242088451293026e-07  2.212536044036003e+111  5.9156466898921686e+110 1904.2276510971367    
22637187181.810894     2287282373285183.0     0.8239711277525603 -2374727610.4689326 6.277806875182503e-07  2.2052727687025005e+111 5.8695332041934506e+110 1904.2276510971367    
22637189086.038544     2282775468495838.0     0.8251645256049892 -2376143630.7680817 6.31342024667364e-07   2.1979005072823653e+111 5.823420141307295e+110  1904.2276510971367    
22637190990.266193     2278266154963909.5     0.8263646074865912 -2377437136.2480874 6.348913148721934e-07  2.1904175272109942e+111 5.7773084368805026e+110 1904.2276510971367    
22637192894.493843     2273754671792580.5     0.827571347696936  -2378604207.0535393 6.384269578273571e-07  2.182822080112834e+111  5.731199051776085e+110  1904.2276510971367    
22637194798.721493     2269241265641062.0     0.8287847174242458 -2379640835.9494033 6.419472932627682e-07  2.1751124026523339e+111 5.6850929729689734e+110 1904.2276510971367    
22637196702.949142     2264726190889945.0     0.8300046846306757 -2380542927.924046  6.454505995970091e-07  2.167286717467866e+111  5.638991214479528e+110  1904.2276510971367    
22637198607.176792     2260209709807076.0     0.8312312139351089 -2381306299.9186387 6.489350926129322e-07  2.1593432341932758e+111 5.5928948183453495e+110 1904.2276510971367    
22637200511.40444      2255692092713698.0     0.8324642664935177 -2381926680.694132  6.523989241609192e-07  2.1512801505719245e+111 5.546804855633625e+110  1904.2276510971367    
22637202415.63209      2251173618150578.5     0.8337037998769513 -2382399710.847459  6.558401808956708e-07  2.1430956536681607e+111 5.50072242749507e+110   1904.2276510971367    
22637204319.85974      2246654573043823.0     0.8349497679472245 -2382720942.9893785 6.592568830528703e-07  2.134787921181412e+111  5.454648666261072e+110  1904.2276510971367    
22637206224.08739      2242135252870047.2     0.8362021207303905 -2382885842.0969076 6.626469832725056e-07  2.1263551228681864e+111 5.408584736585621e+110  1904.2276510971367    
22637207955.203438     2238026806461417.2     0.837346378510126  -2382014990.7779655 6.655506969498688e-07  2.1177954220774294e+111 5.362531836633613e+110  1731.1160464519423    
22637209686.319485     2233918634425823.8     0.8384958220485752 -2381871381.955116  6.685763617158081e-07  2.1099004017411218e+111 5.3206711541805345e+110 1731.1160464519423    
22637211417.43553      2229810978251024.8     0.8396504048049368 -2381587298.4170194 6.715747950575001e-07  2.1018975831704614e+111 5.278821683116439e+110  1731.1160464519423    
22637213148.55158      2225704085691832.5     0.8408100772704487 -2381159087.1562138 6.745442568504817e-07  2.0937855811169159e+111 5.236984404720101e+110  1731.1160464519423    
22637214879.667625     2221598210867174.8     0.8419747868842685 -2380583038.6187468 6.774829576422548e-07  2.085563010833209e+111  5.1951603266469244e+110 1731.1160464519423    
22637216610.783672     2217493614355412.5     0.8431444779485565 -2379855387.7324758 6.803890581911468e-07  2.0772284894155497e+111 5.153350483817666e+110  1731.1160464519423    
22637218341.89972      2213390563287644.2     0.8443190915428592 -2378972315.0924473 6.832606690649768e-07  2.068780637228735e+111  5.11155593933797e+110   1731.1160464519423    
22637220073.015766     2209289331438716.8     0.8454985654379059 -2377929948.312472  6.860958503051278e-07  2.060218079417266e+111  5.069777785449613e+110  1731.1160464519423    
22637221804.131813     2205190199315639.8     0.8466828340089366 -2376724363.552244  6.888926111619025e-07  2.0515394475055925e+111 5.02801714451414e+110   1731.1160464519423    
22637223535.24786      2201093454243089.5     0.8478718281486929 -2375351587.229596  6.916489099073242e-07  2.0427433810906168e+111 4.98627517002934e+110   1731.1160464519423    
22637225266.363907     2196999390445670.8     0.8490654751802118 -2373807597.9276667 6.943626537317773e-07  2.033828529629499e+111  4.944553047679263e+110  1731.1160464519423    
22637226997.479954     2192908309126583.0     0.8502636987695771 -2372088328.5070605 6.970316987312003e-07  2.0247935543258828e+111 4.902851996418505e+110  1731.1160464519423    
22637228728.596        2188820518542328.0     0.8514664188387905 -2370189668.4331694 6.996538499917853e-07  2.0156371301175175e+111 4.861173269590898e+110  1731.1160464519423    
22637230459.712048     2184736334073071.5     0.8526735514789407 -2368107466.3290486 7.022268617794003e-07  2.0063579477682312e+111 4.819518156083502e+110  1731.1160464519423    
22637232190.828094     2180656078288255.0     0.85388500886386   -2365837532.7643194 7.047484378412325e-07  1.9969547160671078e+111 4.777887981515597e+110  1731.1160464519423    
22637233921.94414      2176580081007038.2     0.8551006991644686 -2363375643.290706  7.072162318273457e-07  1.9874261641376194e+111 4.736284109463721e+110  1731.1160464519423    
22637235653.06019      2172508679353133.2     0.8563205264640266 -2360717541.734829  7.0962784784013e-07    1.9777710438593176e+111 4.6947079427222525e+110 1731.1160464519423    
22637237384.176235     2168442217803570.0     0.8575443906745188 -2357858943.758909  7.119808411198071e-07  1.9679881324045575e+111 4.653160924599966e+110  1731.1160464519423    
22637239115.292282     2164381048230920.0     0.8587721874544207 -2354795540.699967  7.14272718874352e-07   1.9580762348924978e+111 4.6116445402523084e+110 1731.1160464519423    
22637240846.40833      2160325529938481.5     0.8600038081281012 -2351523003.6980634 7.165009412623897e-07  1.9480341871624816e+111 4.570160318049439e+110  1731.1160464519423    
22637242577.524376     2156276029687918.0     0.8612391396071368 -2348036988.1238236 7.18662922537732e-07   1.9378608586685187e+111 4.5287098309792466e+110 1731.1160464519423    
22637244308.640423     2152232921718817.8     0.8624780643138261 -2344333138.3154893 7.207560323643981e-07  1.927555155496507e+111  4.487294698085312e+110  1731.1160464519423    
22637246039.75647      2148196587759628.2     0.8637204601072067 -2340407092.6351957 7.22777597310987e-07   1.9171160235053153e+111 4.445916585938827e+110  1731.1160464519423    
22637247770.872517     2144167417029406.2     0.8649662002118949 -2336254488.8539944 7.247249025333751e-07  1.9065424515926495e+111 4.404577210143484e+110  1731.1160464519423    
22637249501.988564     2140145806229802.5     0.8662151531500808 -2331870969.8745027 7.265951936546445e-07  1.8958334750861074e+111 4.3632783368726056e+110 1731.1160464519423    
22637251233.10461      2136132159526690.0     0.8674671826770299 -2327252189.799672  7.283856788511967e-07  1.8849881792595133e+111 4.322021784436711e+110  1731.1160464519423    
22637252964.220657     2132126888520829.5     0.8687221477204539 -2322393820.3553557 7.300935311538182e-07  1.8740057029740247e+111 4.280809424880181e+110  1731.1160464519423    
22637254695.336704     2128130412206955.5     0.8699799023241306 -2317291557.6736856 7.317158909723707e-07  1.8628852424430649e+111 4.2396431856050805e+110 1731.1160464519423    
22637256426.45275      2124143156920650.2     0.8712402955961678 -2311941129.44338   7.332498688525395e-07  1.8516260551195278e+111 4.1985250510199715e+110 1731.1160464519423    
22637258157.568798     2120165556272375.2     0.8725031716623165 -2306338302.4320126 7.346925484727714e-07  1.8402274637030362e+111 4.1574570642110516e+110 1731.1160464519423    
22637259888.684845     2116198051068006.0     0.873768369624757  -2300478890.384329  7.36040989889209e-07   1.8286888602644695e+111 4.116441328633069e+110  1731.1160464519423    
22637261619.80089      2112241089215229.8     0.8750357235267902 -2294358762.2992268 7.372922330359359e-07  1.817009710484116e+111  4.07548000981661e+110   1731.1160464519423    
22637263350.91694      2108295125615145.0     0.8763050623238803 -2287973851.086777  7.384433014873664e-07  1.8051895579991145e+111 4.0345753370880364e+110 1731.1160464519423    
22637265082.032986     2104360622038418.2     0.8775762098615063 -2281320162.6050673 7.394912064889453e-07  1.7932280288550117e+111 3.9937296052986255e+110 1731.1160464519423    
22637266813.149033     2100438046985344.0     0.8788489848602865 -2274393785.074905  7.404329512616477e-07  1.7811248360552968e+111 3.952945176557654e+110  1731.1160464519423    
22637268544.26508      2096527875529165.2     0.8801232009088521 -2267190898.8687057 7.412655355849146e-07  1.768879784201953e+111  3.912224481965328e+110  1731.1160464519423    
22637270275.381126     2092630589142020.8     0.88139866646495   -2259707786.667736  7.419859606617425e-07  1.7564927742189577e+111 3.871570023339762e+110  1731.1160464519423    
22637272006.497173     2088746675502900.5     0.8826751848652612 -2251940843.979851  7.425912342686155e-07  1.7439638081496953e+111 3.830984374932157e+110  1731.1160464519423    
22637273737.61322      2084876628287000.5     0.8839525543444234 -2243886590.007484  7.430783761917934e-07  1.7312929940181264e+111 3.790470185124044e+110  1731.1160464519423    
22637275468.729267     2081020946935899.0     0.8852305680637484 -2235541678.853171  7.434444239501966e-07  1.7184805507423908e+111 3.750030178099464e+110  1731.1160464519423    
22637277199.845314     2077180136407995.8     0.886509014150122  -2226902911.0472746 7.436864388037422e-07  1.705526813088381e+111  3.7096671554846474e+110 1731.1160464519423    
22637278930.96136      2073354706908685.0     0.8877876757455705 -2217967245.3798127 7.438015120444517e-07  1.6924322366495793e+111 3.669383997947316e+110  1731.1160464519423    
22637280662.077408     2069545173599778.8     0.8890663310679735 -2208731811.015316  7.437867715660229e-07  1.6791974028382006e+111 3.629183666746771e+110  1731.1160464519423    
22637282393.193455     2065752056287721.0     0.8903447534833877 -2199193919.86657   7.436393887057507e-07  1.66582302387137e+111   3.5890692052257836e+110 1731.1160464519423    
22637284124.3095       2061975879090194.8     0.8916227115904392 -2189351079.19997   7.433565853508593e-07  1.6523099477348288e+111 3.5490437402342596e+110 1731.1160464519423    
22637285855.42555      2058217170080770.0     0.8928999693172213 -2179201004.4417624 7.429356412992064e-07  1.6386591631052446e+111 3.509110483474587e+110  1731.1160464519423    
22637287586.541595     2054476460911295.0     0.8941762860311178 -2168741632.151182  7.42373901862303e-07   1.6248718042109928e+111 3.469272732757302e+110  1731.1160464519423    
22637289317.657642     2050754286411802.8     0.8954514166619446 -2157971133.1228514 7.416687856962712e-07  1.6109491556098674e+111 3.429533873155889e+110  1731.1160464519423    
22637291048.77369      2047051184167771.8     0.8967251118387793 -2146887925.5773573 7.408177928441046e-07  1.5968926568609616e+111 3.389897378048247e+110  1731.1160464519423    
22637292779.889736     2043367694074656.2     0.8979971180408127 -2135490688.3951774 7.398185129701247e-07  1.5827039070666094e+111 3.350366810032322e+110  1731.1160464519423    
22637294511.005783     2039704357869683.0     0.8992671777625214 -2123778374.345693  7.386686337651027e-07  1.5683846692591804e+111 3.310945821702646e+110  1731.1160464519423    
22637296242.12183      2036061718641003.0     0.9005350296934228 -2111750223.2592096 7.373659494979038e-07  1.553936874606218e+111  3.2716381562738766e+110 1731.1160464519423    
22637297973.237877     2032440320314375.0     0.9018004089126243 -2099405775.0865219 7.359083696869554e-07  1.539362626406452e+111  3.232447648037557e+110  1731.1160464519423    
22637299704.353924     2028840707117667.5     0.9030630470983337 -2086744882.7870188 7.342939278622399e-07  1.5246642038481506e+111 3.193378222637038e+110  1731.1160464519423    
22637301435.46997      2025263423023563.2     0.9043226727524424 -2073767724.982962  7.325207903858443e-07  1.5098440655004115e+111 3.1544338971460735e+110 1731.1160464519423    
22637303166.586018     2021709011170967.0     0.9055790114402329 -2060474818.3144584 7.305872652965723e-07  1.4949048525072496e+111 3.1156187799355904e+110 1731.1160464519423    
22637304897.702065     2018178013265733.8     0.9068317860452041 -2046867029.4266107 7.28491811141524e-07   1.4798493914537024e+111 3.076937070313382e+110  1731.1160464519423    
22637306628.81811      2014670968961457.8     0.9080807170389368 -2032945586.517702  7.262330457551292e-07  1.4646806968727778e+111 3.03839305792124e+110   1731.1160464519423    
22637308359.93416      2011188415221182.0     0.9093255227658532 -2018712090.3747656 7.238097549437199e-07  1.4494019733617323e+111 2.9999911218738648e+110 1731.1160464519423    
22637310091.050205     2007730885661028.8     0.9105659197426493 -2004168524.8209078 7.212209010315346e-07  1.4340166172761776e+111 2.9617357296242116e+110 1731.1160464519423    
22637311822.166252     2004298909876873.2     0.9118016229720999 -1989317266.4971492 7.184656312220153e-07  1.4185282179706884e+111 2.9236314355401016e+110 1731.1160464519423    
22637313553.2823       2000893012755323.5     0.9130323462708553 -1974161093.9002023 7.155432857263707e-07  1.4029405585548971e+111 2.8856828791770342e+110 1731.1160464519423    
22637315284.398346     1997513713770406.0     0.9142578026107645 -1958703195.5971112 7.124534056098471e-07  1.387257616134861e+111  2.8478947832329814e+110 1731.1160464519423    
22637317015.514393     1994161526267486.8     0.9154777044731729 -1942947177.5374024 7.091957403048007e-07  1.371483561510317e+111  2.8102719511711223e+110 1731.1160464519423    
22637318746.63044      1990836956736101.0     0.9166917642155523 -1926897069.3839252 7.057702547386607e-07  1.3556227582997224e+111 2.7728192644976785e+110 1731.1160464519423    
22637320477.746487     1987540504073493.5     0.9178996944497352 -1910557329.7846904 7.021771360242628e-07  1.3396797614665152e+111 2.7355416796825733e+110 1731.1160464519423    
22637322208.862534     1984272658840805.2     0.9191012084309302 -1893932850.509755  6.984167996597217e-07  1.3236593152218282e+111 2.698444224712024e+110  1731.1160464519423    
22637323939.97858      1981033902513965.5     0.92029602045661   -1877028959.3797884 6.944898951852093e-07  1.3075663502810995e+111 2.661531995263141e+110  1731.1160464519423    
22637325671.094627     1977824706731476.2     0.9214838462742683 -1859851421.9161396 6.903973112445583e-07  1.2914059804544473e+111 2.6248101504922624e+110 1731.1160464519423    
22637327402.210674     1974645532541381.0     0.9226644034969612 -1842406441.6463618 6.861401800007216e-07  1.2751834985535467e+111 2.5882839084303623e+110 1731.1160464519423    
22637329133.32672      1971496829649828.8     0.923837412025457  -1824700659.0038588 6.817198808556395e-07  1.2589043716007888e+111 2.5519585409804432e+110 1731.1160464519423    
22637330864.44277      1968379035673727.8     0.9250025944757395 -1806741148.7660198 6.771380434271646e-07  1.2425742353299946e+111 2.5158393685139675e+110 1731.1160464519423    
22637332595.558815     1965292575400081.0     0.9261596766105328 -1788535415.9815834 6.723965497382731e-07  1.2261988879716651e+111 2.479931754065565e+110  1731.1160464519423    
22637334326.674862     1962237860054663.2     0.927308387773441  -1770091390.3451037 6.674975355769134e-07  1.209784283319734e+111  2.4442410971271387e+110 1731.1160464519423    
22637336057.79091      1959215286582763.0     0.9284484613242322 -1751417418.9843726 6.624433909884859e-07  1.1933365230810899e+111 2.4087728270454618e+110 1731.1160464519423    
22637337788.906956     1956225236944753.8     0.9295796350737328 -1732522257.6352568 6.572367598671215e-07  1.1768618485136233e+111 2.3735323960294962e+110 1731.1160464519423    
22637339520.023003     1953268077429300.2     0.930701651716752  -1713415060.1877131 6.518805386165952e-07  1.1603666313632472e+111 2.3385252717764748e+110 1731.1160464519423    
22637341251.13905      1950344157987001.0     0.9318142592614083 -1694105366.596636  6.463778738568533e-07  1.1438573641152071e+111 2.3037569297286507e+110 1731.1160464519423    
22637342982.255096     1947453811587284.0     0.932917211453198  -1674603089.1616852 6.407321591577618e-07  1.1273406495800123e+111 2.269232844975421e+110  1731.1160464519423    
22637344713.371143     1944597353601331.2     0.9340102681921237 -1654918497.1910243 6.349470307876695e-07  1.110823189839322e+111  2.2349584838182696e+110 1731.1160464519423    
22637346444.48719      1941775081213776.2     0.9350931959411867 -1635062200.0752904 6.290263624707927e-07  1.0943117745823098e+111 2.2009392950193905e+110 1731.1160464519423    
22637348175.603237     1938987272865854.8     0.9361657681245436 -1615045128.8094337 6.229742591540947e-07  1.0778132688679844e+111 2.1671807007571238e+110 1731.1160464519423    
22637349906.719284     1936234187732599.2     0.937227765513645  -1594878516.0119312 6.16795049791325e-07   1.0613346003540893e+111 2.1336880873150527e+110 1731.1160464519423    
22637351637.83533      1933516065236577.0     0.938278976599688  -1574573874.5022576 6.104932791589486e-07  1.0448827460378799e+111 2.1004667955336673e+110 1731.1160464519423    
22637353368.951378     1930833124600537.8     0.9393191979507566 -1554142974.5093398 6.040736987260216e-07  1.028464718558945e+111  2.0675221110569974e+110 1731.1160464519423    
22637355100.067425     1928185564441207.0     0.9403482345520672 -1533597819.5947526 5.97541256607256e-07   1.0120875521184554e+111 2.0348592544086808e+110 1731.1160464519423    
22637356831.18347      1925573562406285.0     0.9413659001277981 -1512950621.3855472 5.909010866358083e-07  9.957582880734785e+110  2.0024833709348214e+110 1731.1160464519423    
22637358562.29952      1922997274856551.2     0.9423720174430549 -1492213773.221961  5.841584965993996e-07  9.794839602686739e+110  1.9703995206531486e+110 1731.1160464519423    
22637360293.415565     1920456836594760.0     0.9433664185846055 -1471399822.834921  5.773189556901958e-07  9.632715801709328e+110  1.9386126680498334e+110 1731.1160464519423    
22637362024.531612     1917952360642815.2     0.9443489452191156 -1450521444.1775136 5.70388081225536e-07   9.47128121875528e+110   1.907127671867628e+110  1731.1160464519423    
22637363755.64766      1915483938068479.5     0.9453194488277212 -1429591408.5424368 5.633716247026786e-07  9.310605070544962e+110  1.8759492749299903e+110 1731.1160464519423    
22637365486.763706     1913051637862637.8     0.946282442247634  -1408622555.1047072 5.589780984656638e-07  9.150755899198336e+110  1.8096238658245616e+110 1731.1160464519423    
22637367217.879753     1910655713168136.8     0.947233009895868  -1387507990.49299   5.517288021399158e-07  8.991027253511698e+110  1.7795358447993605e+110 1731.1160464519423    
22637369122.107403     1908060234306802.2     0.9482648359981235 -1366719347.4544966 5.44667591537448e-07   8.832272304941844e+110  1.7497642499322257e+110 1904.2276510971367    
22637371026.335052     1905508826486683.2     0.9492813379105589 -1343455379.1822793 5.365349002612984e-07  8.658728512387372e+110  1.7173636181614844e+110 1904.2276510971367    
22637372930.562702     1903001458488119.0     0.9502823878957906 -1320209637.602149  5.283359522314179e-07  8.486528768610352e+110  1.6853562018135764e+110 1904.2276510971367    
22637374834.79035      1900538066584240.8     0.9512678741366062 -1296999293.3502898 5.200792097595362e-07  8.315757793980875e+110  1.6537470661770627e+110 1904.2276510971367    
22637376739.018        1898118554868402.8     0.9522377008017818 -1273841338.1975183 5.117731647876067e-07  8.146497981535801e+110  1.6225410082561997e+110 1904.2276510971367    
22637378643.24565      1895742795672516.5     0.9531917880607378 -1250752537.1057951 5.034263117248539e-07  7.978829186868763e+110  1.5917425436187197e+110 1904.2276510971367    
22637380737.89607      1893177413514104.8     0.9542239004460126 -1228051887.9305983 4.952787950189984e-07  7.81282852899245e+110   1.561355894066071e+110  2094.6504162068504    
22637382832.546486     1890664581512255.8     0.9552368146200129 -1202833607.6760168 4.860179794933104e-07  7.632089904824079e+110  1.528382647341352e+110  2094.6504162068504    
22637384927.196903     1888204004003793.5     0.9562304892857925 -1177759581.4278097 4.7673926554243524e-07 7.453554326075817e+110  1.4959174982963467e+110 2094.6504162068504    
22637387021.84732      1885795342553604.5     0.9572049059443709 -1152850309.3691547 4.6745363661335167e-07 7.277311831496003e+110  1.4639647886746247e+110 2094.6504162068504    
22637389325.96278      1883202504785312.5     0.9582555847683807 -1128408055.8271003 4.583896382457163e-07  7.103447433309407e+110  1.4325283686429626e+110 2304.1154578275355    
22637391630.07824      1880671552999004.0     0.959282976635146  -1101406841.6654694 4.481768990320768e-07  6.914847833149036e+110  1.3985139702907612e+110 2304.1154578275355    
22637393934.1937       1878201872516092.5     0.960287146903193  -1074676877.279112  4.379954088890207e-07  6.72932323774896e+110   1.3651326909631509e+110 2304.1154578275355    
22637396238.30916      1875792795124066.5     0.961312541056081  -1048241443.4277132 4.472211236670078e-07  6.546964704114638e+110  1.0966542925919385e+110 2304.1154578275355    
22637398542.424618     1873446597054490.2     0.9623127913363976 -1020816136.4403217 4.3620107458349175e-07 6.359736309966093e+110  1.06915524661849e+110   2304.1154578275355    
22637400846.540077     1871162418058630.0     0.963288088193219  -993769262.3437907  4.252673233931616e-07  6.176144931760201e+110  1.0422233701313256e+110 2304.1154578275355    
22637403381.06708      1868717042027182.2     0.9643337090032125 -967352165.7723598  4.1462193425990234e-07 5.996262647074685e+110  1.015859365602206e+110  2534.5270036102893    
22637405915.594086     1866344488828661.0     0.9653496836823694 -938474575.762759   4.0280836870398645e-07 5.802499017998686e+110  9.87477870753301e+109   2534.5270036102893    
22637408450.12109      1864043426287820.2     0.9663363844490908 -910129236.2924136  3.911466046777595e-07  5.6133751003094315e+110 9.597836058939506e+109  2534.5270036102893    
22637411238.100796     1861589372197338.5     0.9673900039008738 -882548930.2871876  3.7982525704671766e-07 5.428945993850742e+110  9.327745359821882e+109  2787.9797039713185    
22637414026.0805       1859218444405841.2     0.9684092093118724 -852581025.497996   3.6735828880741845e-07 5.231249671401036e+110  9.038088576070937e+109  2787.9797039713185    
22637416814.060207     1856928669601237.5     0.9693946359158425 -823329278.8744996  3.551255911016066e-07  5.039331746176437e+110  8.75664937567139e+109   2787.9797039713185    
22637419880.837883     1854496959007296.8     0.9704461344988693 -795001202.7938433  3.445914589757967e-07  4.853208878755133e+110  8.332612277105955e+109  3066.777674368451     
22637422947.61556      1852158904643130.2     0.9714581320288046 -764307419.0795273  3.315839172130276e-07  4.654076416824018e+110  8.044990857612056e+109  3066.777674368451     
22637426014.393234     1849911681932601.2     0.9724316323376679 -734544853.4928883  3.189117621336563e-07  4.46199682349256e+110   7.766922082174953e+109  3066.777674368451     
22637429387.848675     1847536510040820.0     0.9734612807408931 -705888323.1907278  3.0672379794996327e-07 4.2769187850244047e+110 7.498264754809664e+109  3373.4554418052962    
22637432761.304115     1845264339778187.2     0.9744468813944407 -675203639.3114746  2.9354103008190755e-07 4.0809464788941724e+110 7.21286256227725e+109   3373.4554418052962    
22637436472.105103     1842874026952228.2     0.9754841977341903 -645822182.5353547  2.8092762217393035e-07 3.893258165620394e+110  6.93846682681264e+109   3710.800985985826     
22637440182.90609      1840599086712340.5     0.976471761016657  -614575472.1467997  2.673905546503175e-07  3.69574990637618e+110   6.648406981914921e+109  3710.800985985826     
22637444264.787174     1838217985779123.8     0.9775055515079237 -584846424.2729769  2.5451788308118734e-07 3.507880642627074e+110  6.37106341660507e+109   4081.881084584409     
22637448346.66826      1835964321417618.8     0.9784839653885726 -553470446.8480359  2.4082139015479233e-07 3.311554122800959e+110  6.079505961134199e+109  4081.881084584409     
22637452836.737453     1833618276045123.8     0.9795022310449136 -523834369.7847183  0.0                    3.126229051931241e+110  5.802430713275473e+109  4490.06919304285      
22637493042.17495      1813851967208740.0     0.9795022310449136 -502406166.9915109  2.713054705429973e-07  2.9340505310636728e+110 0.0                     40205.43749759215     
22637499616.085255     1810549194129990.8     0.980957837260796  -504240800.4081212  0.0                    2.934050531063672e+110  5.39471553324011e+109   6573.910305534039     
22637539821.52275      1792162616631558.0     0.980957837260796  -466747429.9805953  0.0                    2.661005118715047e+110  0.0                     40205.43749759215     
22637580026.960247     1773396832008311.5     0.980957837260796  -476677778.4354746  2.636752215660621e-07  2.6610051187150478e+110 0.0                     40205.43749759215     
22637586600.870552     1770263195048235.2     0.982381788669784  -478366857.4138782  0.0                    2.6610051187150524e+110 4.750170574316704e+109  6573.910305534039     
22637630826.8518       1751210273662624.8     0.982381788669784  -440233599.4414098  0.0                    2.3964519474997726e+110 0.0                     44225.981247351374    
22637675052.833046     1731740510749275.0     0.982381788669784  -450188239.31614166 2.553827926483859e-07  2.3964519474997686e+110 0.0                     44225.981247351374    
22637681626.74335      1728781013643404.5     0.9837677167716774 -451730911.5090579  0.0                    2.396451947499766e+110  4.181434337021336e+109  6573.910305534039     
22637725852.724598     1710922596995746.2     0.9837677167716774 -412272833.00079507 0.0                    2.142172248953989e+110  0.0                     44225.981247351374    
22637770078.705845     1692689426414660.5     0.9837677167716774 -421202441.10103303 2.447970415094402e-07  2.1421722489539924e+110 0.0                     44225.981247351374    
22637777310.00718      1689643584639563.2     0.9852348538896855 -422722373.85962915 0.0                    2.1421722489539884e+110 3.667466832361336e+109  7231.301336087444     
22637825958.58655      1671620176435128.0     0.9852348538896855 -378513832.3374945  0.0                    1.877439325343517e+110  0.0                     48648.57937208652     
22637874607.165924     1653206016219224.8     0.9852348538896855 -386992911.02239674 0.0                    1.8774393253435184e+110 0.0                     48648.57937208652     
22637923255.745296     1634379360870916.8     0.9852348538896855 -395959917.4954786  2.386921425953083e-07  1.8774393253435204e+110 0.0                     48648.57937208652     
22637930487.04663      1631516055390494.8     0.9866765984714532 -397350953.84544104 0.0                    1.8774393253435154e+110 3.0924580115285082e+109 7231.301336087444     
22637979135.626003     1614805924515922.5     0.9866765984714532 -350632141.66609913 0.0                    1.622935796075128e+110  0.0                     48648.57937208652     
22638027784.205376     1597748168941674.8     0.9866765984714532 -358158890.1449114  0.0                    1.62293579607513e+110   0.0                     48648.57937208652     
22638076432.784748     1580324247746641.5     0.9866765984714532 -366100215.97271    0.0                    1.62293579607513e+110   0.0                     48648.57937208652     
22638125081.36412      1562513992331755.0     0.9866765984714532 -374493739.868935   2.3648057631235625e-07 1.622935796075128e+110  0.0                     48648.57937208652     
22638132312.665455     1559805915250284.5     0.9881180773536781 -375795232.9275468  0.0                    1.6229357960751283e+110 2.548992823981575e+109  7231.301336087444     
22638185826.102764     1542761691333075.0     0.9881180773536781 -325580073.4186818  0.0                    1.3755122295018503e+110 0.0                     53513.43730929517     
22638239339.540073     1525338782485028.5     0.9881180773536781 -333060311.72552824 0.0                    1.375512229501854e+110  0.0                     53513.43730929517     
22638292852.977383     1507515580373290.2     0.9881180773536781 -340982343.017733   2.2350071971448812e-07 1.3755122295018508e+110 0.0                     53513.43730929517     
22638300084.278717     1505049834300644.0     0.989490184210987  -342100531.3752494  0.0                    1.3755122295018496e+110 2.077430594435357e+109  7231.301336087444     
22638353597.716026     1489769402608178.2     0.989490184210987  -291431462.60885495 0.0                    1.1481099567561279e+110 0.0                     53513.43730929517     
22638407111.153336     1474173903303903.0     0.989490184210987  -297630270.4568009  0.0                    1.1481099567561304e+110 0.0                     53513.43730929517     
22638460624.590645     1458246684484464.2     0.989490184210987  -304167312.9839636  0.0                    1.148109956756129e+110  0.0                     53513.43730929517     
22638514138.027954     1441969646049560.2     0.989490184210987  -311072987.2140768  2.1346057336559204e-07 1.148109956756129e+110  0.0                     53513.43730929517     
22638522092.459423     1439495237290692.2     0.9909430124843626 -312143339.17875946 0.0                    1.1481099567561282e+110 1.657493241480776e+109  7954.431469696189     
22638580957.240463     1424803286995587.8     0.9909430124843626 -254761950.57134587 0.0                    9.180225069219377e+109  0.0                     58864.78104022469     
22638639822.021503     1409806780557825.0     0.9909430124843626 -260210724.62106502 0.0                    9.180225069219384e+109  0.0                     58864.78104022469     
22638698686.802544     1394489533228687.8     0.9909430124843626 -265958493.5512085  0.0                    9.180225069219384e+109  0.0                     58864.78104022469     
22638757551.583584     1378833944740008.0     0.9909430124843626 -272032284.7344886  0.0                    9.180225069219385e+109  0.0                     58864.78104022469     
22638816416.364624     1362820823863240.2     0.9909430124843626 -278462591.2685315  2.0247750417668342e-07 9.180225069219382e+109  0.0                     58864.78104022469     
22638824370.796093     1360605812264120.8     0.9923342926806318 -279369981.0872312  0.0                    9.180225069219369e+109  1.2500639936523434e+109 7954.431469696189     
22638889122.055237     1346606608465455.5     0.9923342926806318 -220718267.61044642 0.0                    7.10442131088332e+109   0.0                     64751.25914424717     
22638953873.31438      1332314822721542.2     0.9923342926806318 -225478969.99958438 0.0                    7.104421310883308e+109  0.0                     64751.25914424717     
22639018624.573524     1317714775503521.2     0.9923342926806318 -230503184.7686339  0.0                    7.1044213108833055e+109 0.0                     64751.25914424717     
22639083375.83267      1302789404052993.2     0.9923342926806318 -235814945.45035383 0.0                    7.104421310883306e+109  0.0                     64751.25914424717     
22639148127.091812     1287520089410050.8     0.9923342926806318 -241441395.9139452  0.0                    7.104421310883317e+109  0.0                     64751.25914424717     
22639212878.350956     1271886455015078.0     0.9923342926806318 -247413319.9700072  1.9303352190293854e-07 7.1044213108833005e+109 0.0                     64751.25914424717     
22639221628.225574     1269721619486847.5     0.9938084492676948 -248257703.07792088 0.0                    7.1044213108833155e+109 9.037635508711328e+108  8749.87461666581      
22639299977.249138     1255826379983842.5     0.9938084492676948 -181296856.47499314 0.0                    5.075261499198883e+109  0.0                     78349.0235645391      
22639378326.2727       1241621948303706.5     0.9938084492676948 -185468737.22113988 0.0                    5.075261499198873e+109  0.0                     78349.0235645391      
22639456675.296265     1227090653840682.0     0.9938084492676948 -189887414.2166415  0.0                    5.075261499198886e+109  0.0                     78349.0235645391      
22639535024.319828     1212213160349613.0     0.9938084492676948 -194576993.20388225 0.0                    5.0752614991988725e+109 0.0                     78349.0235645391      
22639613373.34339      1196968242923965.0     0.9938084492676948 -199564928.48795646 0.0                    5.075261499198879e+109  0.0                     78349.0235645391      
22639691722.366955     1181332525639206.5     0.9938084492676948 -204882636.450344   1.7235967925493274e-07 5.07526149919887e+109   0.0                     78349.0235645391      
22639701347.229034     1179360558521126.8     0.9952711098568408 -205568363.29533753 0.0                    5.0752614991988776e+109 6.004804375127579e+108  9624.862078332391     
22639796149.547546     1166762753483969.5     0.9952711098568408 -135770059.98973572 0.0                    3.2807872614498735e+109 0.0                     94802.31851309231     
22639890951.86606      1153891437012281.0     0.9952711098568408 -138815902.9431331  0.0                    3.2807872614498794e+109 0.0                     94802.31851309231     
22639985754.18457      1140731367566783.5     0.9952711098568408 -142037282.8177355  0.0                    3.280787261449875e+109  0.0                     94802.31851309231     
22640080556.503082     1127265903840362.5     0.9952711098568408 -145450889.3058556  0.0                    3.280787261449877e+109  0.0                     94802.31851309231     
22640175358.821594     1113476822304376.1     0.9952711098568408 -149075666.80363232 0.0                    3.2807872614498723e+109 0.0                     94802.31851309231     
22640270161.140106     1099344103457506.6     0.9952711098568408 -152933215.76457688 0.0                    3.2807872614498685e+109 0.0                     94802.31851309231     
22640364963.45862      1084845680025361.8     0.9952711098568408 -157048284.02373716 0.0                    3.2807872614498706e+109 0.0                     94802.31851309231     
22640459765.77713      1069957138581408.8     0.9952711098568408 -161449372.7427977  0.0                    3.2807872614498756e+109 0.0                     94802.31851309231     
22640554568.095642     1054651363722907.1     0.9952711098568408 -166169489.70964313 1.5681361456155417e-07 3.2807872614498765e+109 0.0                     94802.31851309231     
22640565155.443928     1052892069460816.6     0.9967570024813082 -166725264.18440065 0.0                    3.2807872614498698e+109 3.445271083202805e+108  10587.348286165632    
22640691337.32987      1041692509820442.0     0.9967570024813082 -90676042.81334342  0.0                    1.746548251955015e+109  0.0                     126181.88594092589    
22640817519.21581      1030250835728594.1     0.9967570024813082 -92701271.43732113  0.0                    1.746548251955014e+109  0.0                     126181.88594092589    
22640943701.10175      1018553614469511.2     0.9967570024813082 -94842687.79533485  0.0                    1.7465482519550103e+109 0.0                     126181.88594092589    
22641069882.98769      1006586185255789.5     0.9967570024813082 -97111287.11759026  0.0                    1.7465482519550117e+109 0.0                     126181.88594092589    
22641196064.87363      994332499901141.2      0.9967570024813082 -99519542.86472985  0.0                    1.74654825195501e+109   0.0                     126181.88594092589    
22641322246.75957      981774936294490.8      0.9967570024813082 -102081668.54771085 0.0                    1.7465482519550084e+109 0.0                     126181.88594092589    
22641448428.64551      968894078837144.1      0.9967570024813082 -104813937.93504584 0.0                    1.7465482519550094e+109 0.0                     126181.88594092589    
22641574610.531452     955668458475604.9      0.9967570024813082 -107735079.55835599 0.0                    1.7465482519550124e+109 0.0                     126181.88594092589    
22641700792.417393     942074242954935.8      0.9967570024813082 -110866766.61540267 0.0                    1.7465482519550111e+109 0.0                     126181.88594092589    
22641826974.303333     928084865255231.8      0.9967570024813082 -114234230.55159265 0.0                    1.7465482519550086e+109 0.0                     126181.88594092589    
22641953156.189274     913670574605221.2      0.9967570024813082 -117867036.6688682  0.0                    1.7465482519550182e+109 0.0                     126181.88594092589    
22642079338.075214     898797889628075.2      0.9967570024813082 -121800074.41886666 1.350749467491379e-07  1.746548251955014e+109  0.0                     126181.88594092589    
22642090984.15833      897379395838006.5      0.9981898449641609 -122185439.18532544 0.0                    1.7465482519550084e+109 1.557161441678078e+108  11646.083114782195    
22642294201.347454     888360933014403.5      0.9981898449641609 -45284060.690512426 0.0                    6.343562360868287e+108  0.0                     203217.18912672062    
22642497418.53658      879158433488633.6      0.9981898449641609 -46237034.69833953  0.0                    6.343562360868294e+108  0.0                     203217.18912672062    
22642700635.725704     869762273263682.4      0.9981898449641609 -47241440.87733547  0.0                    6.343562360868285e+108  0.0                     203217.18912672062    
22642903852.91483      860162000438294.1      0.9981898449641609 -48301849.614974976 0.0                    6.343562360868289e+108  0.0                     203217.18912672062    
22643107070.103954     850346234329917.2      0.9981898449641609 -49423407.12173885  0.0                    6.343562360868283e+108  0.0                     203217.18912672062    
22643310287.29308      840302548457571.9      0.9981898449641609 -50611930.79703855  0.0                    6.343562360868282e+108  0.0                     203217.18912672062    
22643513504.482204     830017334144721.6      0.9981898449641609 -51874024.43404516  0.0                    6.343562360868331e+108  0.0                     203217.18912672062    
22643716721.67133      819475640710544.1      0.9981898449641609 -53217218.29356769  0.0                    6.343562360868311e+108  0.0                     203217.18912672062    
22643919938.860455     808660987195782.4      0.9981898449641609 -54650140.59897961  0.0                    6.343562360868298e+108  0.0                     203217.18912672062    
22644123156.04958      797555139237877.6      0.9981898449641609 -56182729.06694833  0.0                    6.343562360868312e+108  0.0                     203217.18912672062    
22644326373.238705     786137842959424.2      0.9981898449641609 -57826493.915689714 0.0                    6.343562360868276e+108  0.0                     203217.18912672062    
22644529590.42783      774386505408824.4      0.9981898449641609 -59594847.71289226  0.0                    6.343562360868283e+108  0.0                     203217.18912672062    
22644732807.616955     762275807970175.4      0.9981898449641609 -61503522.93226042  0.0                    6.34356236086833e+108   0.0                     203217.18912672062    
22644936024.80608      749777234918490.8      0.9981898449641609 -63571105.930465564 0.0                    6.343562360868298e+108  0.0                     203217.18912672062    
22645139241.995205     736858493461624.6      0.9981898449641609 -65819727.39495356  0.0                    6.343562360868291e+108  0.0                     203217.18912672062    
22645342459.18433      723482793471335.0      0.9981898449641609 -68275965.97589421  0.0                    6.343562360868339e+108  0.0                     203217.18912672062    
22645545676.373455     709607943580802.1      0.9981898449641609 -70972046.74414146  0.0                    6.343562360868319e+108  0.0                     203217.18912672062    
22645748893.56258      695185203734887.5      0.9981898449641609 -73947454.15063843  1.0617832111149098e-07 6.343562360868292e+108  0.0                     203217.18912672062    
22645762985.32315      694143153916318.0      0.9995826714029135 -74169641.08656496  0.0                    6.343562360868337e+108  4.3843721357988565e+107 14091.76056888646     
22647266843.31566      686600369038299.5      0.9995826714029135 -5126428.657470707  0.0                    4.289749473268868e+107  0.0                     1503857.9925073164    
22648770701.308167     678890948328743.6      0.9995826714029135 -5243520.211630361  0.0                    4.2897494732688717e+107 0.0                     1503857.9925073164    
22650274559.300674     671005438549609.6      0.9995826714029135 -5367485.779903135  0.0                    4.289749473268869e+107  0.0                     1503857.9925073164    
22651778417.293182     662933502159833.0      0.9995826714029135 -5498991.501834357  0.0                    4.289749473268843e+107  0.0                     1503857.9925073164    
22653282275.28569      654663799839069.5      0.9995826714029135 -5638795.2993398225 0.0                    4.289749473268853e+107  0.0                     1503857.9925073164    
22654786133.2782       646183852460044.6      0.9995826714029135 -5787763.551232837  0.0                    4.28974947326888e+107   0.0                     1503857.9925073164    
22656289991.270706     637479877984780.8      0.9995826714029135 -5946891.585563077  0.0                    4.289749473268849e+107  0.0                     1503857.9925073164    
22657793849.263214     628536597543257.1      0.9995826714029135 -6117329.059027435  0.0                    4.289749473268875e+107  0.0                     1503857.9925073164    
22659297707.255722     619337003345041.5      0.9995826714029135 -6300411.651455096  0.0                    4.2897494732688867e+107 0.0                     1503857.9925073164    
22660801565.24823      609862078926914.6      0.9995826714029135 -6497701.00412409   0.0                    4.28974947326884e+107   0.0                     1503857.9925073164    
22662305423.240738     600090459338939.8      0.9995826714029135 -6711035.539004099  0.0                    4.289749473268861e+107  0.0                     1503857.9925073164    
22663809281.233246     589998014905607.8      0.9995826714029135 -6942595.812557886  0.0                    4.289749473268852e+107  0.0                     1503857.9925073164    
22665313139.225754     579557336704144.8      0.9995826714029135 -7194989.539619386  0.0                    4.2897494732688495e+107 0.0                     1503857.9925073164    
22666816997.21826      568737094178981.6      0.9995826714029135 -7471363.620391313  0.0                    4.289749473268841e+107  0.0                     1503857.9925073164    
22668320855.21077      557501224283527.7      0.9995826714029135 -7775553.824058245  0.0                    4.2897494732688625e+107 0.0                     1503857.9925073164    
22669824713.203278     545807895519046.8      0.9995826714029135 -8112287.904287017  0.0                    4.2897494732688704e+107 0.0                     1503857.9925073164    
22671328571.195786     533608166516664.4      0.9995826714029135 -8487466.004613318  0.0                    4.289749473268859e+107  0.0                     1503857.9925073164    
22672832429.188293     520844222929492.44     0.9995826714029135 -8908555.295159454  0.0                    4.289749473268878e+107  0.0                     1503857.9925073164    
22674336287.1808       507447020847173.7      0.9995826714029135 -9385157.570759075  0.0                    4.289749473268834e+107  0.0                     1503857.9925073164    
22675840145.17331      493333076623446.94     0.9995826714029135 -9929846.007843262  0.0                    4.289749473268864e+107  0.0                     1503857.9925073164    
22677344003.165817     478399998340184.9      0.9995826714029135 -10559434.094403626 0.0                    4.289749473268885e+107  0.0                     1503857.9925073164    
22678847861.158325     462520108980961.9      0.9995826714029135 -11296963.986531148 0.0                    4.289749473268846e+107  0.0                     1503857.9925073164    
22680351719.150833     445531079398749.75     0.9995826714029135 -12174944.016882878 0.0                    4.289749473268839e+107  0.0                     1503857.9925073164    
22681855577.14334      427221692530631.1      0.9995826714029135 -13240865.998689767 0.0                    4.289749473268877e+107  0.0                     1503857.9925073164    
22683359435.13585      407309310370783.25     0.9995826714029135 -14567140.468341863 0.0                    4.28974947326885e+107   0.0                     1503857.9925073164    
22684863293.128357     385402399749490.5      0.9995826714029135 -16270247.29262749  0.0                    4.289749473268865e+107  0.0                     1503857.9925073164    
22686367151.120865     360934258318402.2      0.9995826714029135 -18550976.3664036   0.0                    4.2897494732688534e+107 0.0                     1503857.9925073164    
22687871009.113373     333036224240971.9      0.9995826714029135 -21789137.253734447 6.539842346967471e-08  4.289749473268846e+107  0.0                     1503857.9925073164    
22687893704.034687     332541721485502.8      1.0010207812602798 -21853988.061821975 0.0                    4.289749473268876e+107  1.3324710521908195e+106 22694.921313797342    
22687916398.956        nan                    1.0010207812602798 nan                 0.0                    nan                     0.0                     22694.921313797342    
