              t                   M              a
    1.23833e-21         1.00000e+17    8.00000e-01
    2.47665e-21         1.00000e+17    8.00000e-01
    4.95331e-21         1.00000e+17    8.00000e-01
    9.90662e-21         1.00000e+17    8.00000e-01
    1.98132e-20         1.00000e+17    8.00000e-01
    3.96265e-20         1.00000e+17    8.00000e-01
    7.92530e-20         1.00000e+17    8.00000e-01
    1.58506e-19         1.00000e+17    8.00000e-01
    3.17012e-19         1.00000e+17    8.00000e-01
    6.34024e-19         1.00000e+17    8.00000e-01
    1.26805e-18         1.00000e+17    8.00000e-01
    2.53609e-18         1.00000e+17    8.00000e-01
    5.07219e-18         1.00000e+17    8.00000e-01
    1.01444e-17         1.00000e+17    8.00000e-01
    2.02888e-17         1.00000e+17    8.00000e-01
    4.05775e-17         1.00000e+17    8.00000e-01
    8.11550e-17         1.00000e+17    8.00000e-01
    1.62310e-16         1.00000e+17    8.00000e-01
    3.24620e-16         1.00000e+17    8.00000e-01
    6.49240e-16         1.00000e+17    8.00000e-01
    1.29848e-15         1.00000e+17    8.00000e-01
    2.59696e-15         1.00000e+17    8.00000e-01
    5.19392e-15         1.00000e+17    8.00000e-01
    1.03878e-14         1.00000e+17    8.00000e-01
    2.07757e-14         1.00000e+17    8.00000e-01
    4.15514e-14         1.00000e+17    8.00000e-01
    8.31027e-14         1.00000e+17    8.00000e-01
    1.66205e-13         1.00000e+17    8.00000e-01
    3.32411e-13         1.00000e+17    8.00000e-01
    6.64822e-13         1.00000e+17    8.00000e-01
    1.32964e-12         1.00000e+17    8.00000e-01
    2.65929e-12         1.00000e+17    8.00000e-01
    5.31858e-12         1.00000e+17    8.00000e-01
    1.06372e-11         1.00000e+17    8.00000e-01
    2.12743e-11         1.00000e+17    8.00000e-01
    4.25486e-11         1.00000e+17    8.00000e-01
    8.50972e-11         1.00000e+17    8.00000e-01
    1.70194e-10         1.00000e+17    8.00000e-01
    3.40389e-10         1.00000e+17    8.00000e-01
    6.80778e-10         1.00000e+17    8.00000e-01
    1.36156e-09         1.00000e+17    8.00000e-01
    2.72311e-09         1.00000e+17    8.00000e-01
    5.44622e-09         1.00000e+17    8.00000e-01
    1.08924e-08         1.00000e+17    8.00000e-01
    2.17849e-08         1.00000e+17    8.00000e-01
    4.35698e-08         1.00000e+17    8.00000e-01
    8.71395e-08         1.00000e+17    8.00000e-01
    1.74279e-07         1.00000e+17    8.00000e-01
    3.48558e-07         1.00000e+17    8.00000e-01
    6.97116e-07         1.00000e+17    8.00000e-01
    1.39423e-06         1.00000e+17    8.00000e-01
    2.78847e-06         9.99999e+16    7.99999e-01
    5.57693e-06         9.99999e+16    7.99999e-01
    1.11539e-05         9.99998e+16    7.99998e-01
    2.23077e-05         9.99996e+16    7.99995e-01
    4.46154e-05         9.99992e+16    7.99991e-01
    8.92309e-05         9.99984e+16    7.99982e-01
    1.78462e-04         9.99968e+16    7.99963e-01
    3.56924e-04         9.99935e+16    7.99927e-01
    7.13847e-04         9.99870e+16    7.99854e-01
    1.42769e-03         9.99741e+16    7.99708e-01
    2.85539e-03         9.99482e+16    7.99416e-01
    5.71078e-03         9.98964e+16    7.98834e-01
    1.14216e-02         9.97930e+16    7.97672e-01
    2.28431e-02         9.95867e+16    7.95362e-01
    4.56862e-02         9.91763e+16    7.90796e-01
    9.13724e-02         9.83641e+16    7.81875e-01
    1.37059e-01         9.75570e+16    7.73278e-01
    1.82745e-01         9.67549e+16    7.64996e-01
    2.28431e-01         9.59572e+16    7.57020e-01
    2.74117e-01         9.51638e+16    7.49341e-01
    3.65490e-01         9.35754e+16    7.34462e-01
    4.56862e-01         9.19741e+16    7.20436e-01
    5.48235e-01         9.03569e+16    7.07226e-01
    6.39607e-01         8.87089e+16    6.94669e-01
    7.30979e-01         8.70242e+16    6.82713e-01
    8.22352e-01         8.52982e+16    6.71335e-01
    9.13724e-01         8.35143e+16    6.60426e-01
    1.00510e+00         8.16649e+16    6.49961e-01
    1.09647e+00         7.97425e+16    6.39925e-01
    1.18784e+00         7.77379e+16    6.30188e-01
    1.27921e+00         7.56406e+16    6.20645e-01
    1.37059e+00         7.34378e+16    6.11288e-01
    1.46196e+00         7.11138e+16    6.02109e-01
    1.55333e+00         6.86395e+16    5.93123e-01
    1.64470e+00         6.59847e+16    5.84327e-01
    1.73608e+00         6.31131e+16    5.75709e-01
    1.82745e+00         5.99755e+16    5.67261e-01
    1.91882e+00         5.65063e+16    5.58754e-01
    2.01019e+00         5.26064e+16    5.50008e-01
    2.10157e+00         4.81167e+16    5.40936e-01
    2.14725e+00         4.54395e+16    5.36170e-01
    2.19294e+00         4.24410e+16    5.31219e-01
    2.23862e+00         3.90033e+16    5.26007e-01
    2.26147e+00         3.69678e+16    5.23226e-01
    2.28431e+00         3.47017e+16    5.20315e-01
    2.30715e+00         3.21298e+16    5.17241e-01
    2.33000e+00         2.91293e+16    5.13955e-01
    2.34142e+00         2.73039e+16    5.12165e-01
    2.35284e+00         2.52261e+16    5.10265e-01
    2.36426e+00         2.27919e+16    5.08219e-01
    2.36997e+00         2.13007e+16    5.07095e-01
    2.37568e+00         1.95935e+16    5.05895e-01
    2.37854e+00         1.85846e+16    5.05244e-01
    2.38139e+00         1.74631e+16    5.04558e-01
    2.38425e+00         1.61930e+16    5.03828e-01
    2.38710e+00         1.47158e+16    5.03040e-01
    2.38853e+00         1.38214e+16    5.02608e-01
    2.38996e+00         1.28075e+16    5.02147e-01
    2.39139e+00         1.16268e+16    5.01649e-01
    2.39210e+00         1.09104e+16    5.01375e-01
    2.39282e+00         1.00968e+16    5.01082e-01
    2.39353e+00         9.14682e+15    5.00766e-01
    2.39389e+00         8.56804e+15    5.00591e-01
    2.39424e+00         7.90842e+15    5.00404e-01
    2.39460e+00         7.13417e+15    5.00201e-01
    2.39478e+00         6.65846e+15    5.00088e-01
    2.39496e+00         6.11234e+15    4.99967e-01
    2.39505e+00         5.78830e+15    4.99901e-01
    2.39514e+00         5.42697e+15    4.99830e-01
    2.39522e+00         5.01591e+15    4.99753e-01
    2.39531e+00         4.53472e+15    4.99668e-01
    2.39536e+00         4.24036e+15    4.99620e-01
    2.39540e+00         3.90370e+15    4.99568e-01
    2.39543e+00         3.70508e+15    4.99539e-01
    2.39545e+00         3.48460e+15    4.99508e-01
    2.39547e+00         3.23534e+15    4.99475e-01
    2.39549e+00         2.94618e+15    4.99438e-01
    2.39550e+00         2.77183e+15    4.99417e-01
    2.39551e+00         2.57486e+15    4.99395e-01
    2.39553e+00         2.34660e+15    4.99371e-01
    2.39553e+00         2.20918e+15    4.99357e-01
    2.39554e+00         2.05414e+15    4.99343e-01
    2.39554e+00         1.87481e+15    4.99327e-01
    2.39555e+00         1.76717e+15    4.99317e-01
    2.39555e+00         1.64602e+15    4.99308e-01
    2.39555e+00         1.50637e+15    4.99297e-01
    2.39555e+00         1.42301e+15    4.99291e-01
    2.39555e+00         1.32959e+15    4.99285e-01
    2.39556e+00         1.22258e+15    4.99278e-01
    2.39556e+00         1.15930e+15    4.99274e-01
    2.39556e+00         1.08892e+15    4.99270e-01
    2.39556e+00         1.00915e+15    4.99266e-01
    2.39556e+00         9.16268e+14    4.99261e-01
    2.39556e+00         8.59936e+14    4.99258e-01
    2.39556e+00         7.95983e+14    4.99255e-01
    2.39556e+00         7.21339e+14    4.99252e-01
    2.39556e+00         6.75894e+14    4.99250e-01
    2.39556e+00         6.24132e+14    4.99248e-01
    2.39556e+00         5.63428e+14    4.99246e-01
    2.39556e+00         5.26184e+14    4.99244e-01
    2.39556e+00         4.83480e+14    4.99243e-01
    2.39556e+00         4.58190e+14    4.99242e-01
    2.39556e+00         4.30031e+14    4.99241e-01
    2.39556e+00         3.98064e+14    4.99240e-01
    2.39556e+00         3.60756e+14    4.99239e-01
    2.39556e+00         3.38044e+14    4.99239e-01
    2.39556e+00         3.12177e+14    4.99238e-01
    2.39556e+00         2.81847e+14    4.99238e-01
    2.39556e+00         2.63242e+14    4.99237e-01
    2.39556e+00         2.41915e+14    4.99237e-01
    2.39556e+00         2.29288e+14    4.99237e-01
    2.39556e+00         2.15232e+14    4.99236e-01
    2.39556e+00         1.99281e+14    4.99236e-01
    2.39556e+00         1.80673e+14    4.99236e-01
    2.39556e+00         1.69355e+14    4.99236e-01
    2.39556e+00         1.56472e+14    4.99236e-01
    2.39556e+00         1.41381e+14    4.99235e-01
    2.39556e+00         1.32139e+14    4.99235e-01
    2.39556e+00         1.21559e+14    4.99235e-01
    2.39556e+00         1.15308e+14    4.99235e-01
    2.39556e+00         1.08361e+14    4.99235e-01
    2.39556e+00         1.00494e+14    4.99235e-01
    2.39556e+00         9.13475e+13    4.99235e-01
    2.39556e+00         8.58127e+13    4.99235e-01
    2.39556e+00         7.95408e+13    4.99235e-01
    2.39556e+00         7.22409e+13    4.99235e-01
    2.39556e+00         6.78160e+13    4.99235e-01
    2.39556e+00         6.27948e+13    4.99235e-01
    2.39556e+00         5.69385e+13    4.99235e-01
    2.39556e+00         5.33771e+13    4.99235e-01
    2.39556e+00         4.93245e+13    4.99235e-01
    2.39556e+00         4.45787e+13    4.99234e-01
    2.39556e+00         4.16736e+13    4.99234e-01
    2.39556e+00         3.83494e+13    4.99234e-01
    2.39556e+00         3.63867e+13    4.99234e-01
    2.39556e+00         3.42065e+13    4.99234e-01
    2.39556e+00         3.17395e+13    4.99234e-01
    2.39556e+00         2.88742e+13    4.99234e-01
    2.39556e+00         2.71430e+13    4.99234e-01
    2.39556e+00         2.51841e+13    4.99234e-01
    2.39556e+00         2.29084e+13    4.99234e-01
    2.39556e+00         2.15334e+13    4.99234e-01
    2.39556e+00         1.99771e+13    4.99234e-01
    2.39556e+00         1.81688e+13    4.99234e-01
    2.39556e+00         1.70758e+13    4.99234e-01
    2.39556e+00         1.58383e+13    4.99234e-01
    2.39556e+00         1.44000e+13    4.99234e-01
    2.39556e+00         1.35299e+13    4.99234e-01
    2.39556e+00         1.25444e+13    4.99234e-01
    2.39556e+00         1.13979e+13    4.99234e-01
    2.39556e+00         1.07036e+13    4.99234e-01
    2.39556e+00         9.91622e+12    4.99234e-01
    2.39556e+00         8.99886e+12    4.99234e-01
    2.39556e+00         8.44190e+12    4.99234e-01
    2.39556e+00         7.80903e+12    4.99234e-01
    2.39556e+00         7.06941e+12    4.99234e-01
    2.39556e+00         6.61818e+12    4.99234e-01
    2.39556e+00         6.10331e+12    4.99234e-01
    2.39556e+00         5.49792e+12    4.99234e-01
    2.39556e+00         5.12489e+12    4.99234e-01
    2.39556e+00         4.69558e+12    4.99234e-01
    2.39556e+00         4.43988e+12    4.99234e-01
    2.39556e+00         4.15388e+12    4.99234e-01
    2.39556e+00         3.82714e+12    4.99234e-01
    2.39556e+00         3.63469e+12    4.99234e-01
    2.39556e+00         3.42131e+12    4.99234e-01
    2.39556e+00         3.18049e+12    4.99234e-01
    2.39556e+00         2.90182e+12    4.99234e-01
    2.39556e+00         2.73444e+12    4.99234e-01
    2.39556e+00         2.54594e+12    4.99234e-01
    2.39556e+00         2.32850e+12    4.99234e-01
    2.39556e+00         2.19852e+12    4.99234e-01
    2.39556e+00         2.05272e+12    4.99234e-01
    2.39556e+00         1.88547e+12    4.99234e-01
    2.39556e+00         1.78635e+12    4.99234e-01
    2.39556e+00         1.67593e+12    4.99234e-01
    2.39556e+00         1.55048e+12    4.99234e-01
    2.39556e+00         1.40390e+12    4.99234e-01
    2.39556e+00         1.31451e+12    4.99234e-01
    2.39556e+00         1.21255e+12    4.99234e-01
    2.39556e+00         1.09272e+12    4.99234e-01
    2.39556e+00         1.01895e+12    4.99234e-01
    2.39556e+00         9.34106e+11    4.99234e-01
    2.39556e+00         8.83627e+11    4.99234e-01
    2.39556e+00         8.27216e+11    4.99234e-01
    2.39556e+00         7.62850e+11    4.99234e-01
    2.39556e+00         6.87162e+11    4.99234e-01
    2.39556e+00         6.40523e+11    4.99234e-01
    2.39556e+00         5.86845e+11    4.99234e-01
    2.39556e+00         5.54871e+11    4.99234e-01
    2.39556e+00         5.19106e+11    4.99234e-01
    2.39556e+00         4.78244e+11    4.99234e-01
    2.39556e+00         4.54172e+11    4.99234e-01
    2.39556e+00         4.27481e+11    4.99234e-01
    2.39556e+00         3.97352e+11    4.99234e-01
    2.39556e+00         3.62482e+11    4.99234e-01
    2.39556e+00         3.41531e+11    4.99234e-01
    2.39556e+00         3.17930e+11    4.99234e-01
    2.39556e+00         2.90696e+11    4.99234e-01
    2.39556e+00         2.74408e+11    4.99234e-01
    2.39556e+00         2.56128e+11    4.99234e-01
    2.39556e+00         2.35147e+11    4.99234e-01
    2.39556e+00         2.22701e+11    4.99234e-01
    2.39556e+00         2.08824e+11    4.99234e-01
    2.39556e+00         1.93043e+11    4.99234e-01
    2.39556e+00         1.74575e+11    4.99234e-01
    2.39556e+00         1.63284e+11    4.99234e-01
    2.39556e+00         1.50378e+11    4.99234e-01
    2.39556e+00         1.42769e+11    4.99234e-01
    2.39556e+00         1.34328e+11    4.99234e-01
    2.39556e+00         1.24793e+11    4.99234e-01
    2.39556e+00         1.13745e+11    4.99234e-01
    2.39556e+00         1.07096e+11    4.99234e-01
    2.39556e+00         9.95960e+10    4.99234e-01
    2.39556e+00         9.09234e+10    4.99234e-01
    2.39556e+00         8.57205e+10    4.99234e-01
    2.39556e+00         7.98668e+10    4.99234e-01
    2.39556e+00         7.31236e+10    4.99234e-01
    2.39556e+00         6.91015e+10    4.99234e-01
    2.39556e+00         6.45975e+10    4.99234e-01
    2.39556e+00         5.94436e+10    4.99234e-01
    2.39556e+00         5.64004e+10    4.99234e-01
    2.39556e+00         5.30200e+10    4.99234e-01
    2.39556e+00         4.91947e+10    4.99234e-01
    2.39556e+00         4.47514e+10    4.99234e-01
    2.39556e+00         4.20667e+10    4.99234e-01
    2.39556e+00         3.90284e+10    4.99234e-01
    2.39556e+00         3.54987e+10    4.99234e-01
    2.39556e+00         3.33653e+10    4.99234e-01
    2.39556e+00         3.09505e+10    4.99234e-01
    2.39556e+00         2.81441e+10    4.99234e-01
    2.39556e+00         2.64472e+10    4.99234e-01
    2.39556e+00         2.45254e+10    4.99234e-01
    2.39556e+00         2.22908e+10    4.99234e-01
    2.39556e+00         2.09382e+10    4.99234e-01
    2.39556e+00         1.94051e+10    4.99234e-01
    2.39556e+00         1.76204e+10    4.99234e-01
    2.39556e+00         1.65380e+10    4.99234e-01
    2.39556e+00         1.53094e+10    4.99234e-01
    2.39556e+00         1.38757e+10    4.99234e-01
    2.39556e+00         1.30030e+10    4.99234e-01
    2.39556e+00         1.20092e+10    4.99234e-01
    2.39556e+00         1.08442e+10    4.99234e-01
    2.39556e+00         1.01298e+10    4.99234e-01
    2.39556e+00         9.31115e+09    4.99234e-01
    2.39556e+00         8.82665e+09    4.99234e-01
    2.39556e+00         8.28750e+09    4.99234e-01
    2.39556e+00         7.67592e+09    4.99234e-01
    2.39556e+00         6.96300e+09    4.99234e-01
    2.39556e+00         6.52981e+09    4.99234e-01
    2.39556e+00         6.03724e+09    4.99234e-01
    2.39556e+00         5.46102e+09    4.99234e-01
    2.39556e+00         5.10890e+09    4.99234e-01
    2.39556e+00         4.70656e+09    4.99234e-01
    2.39556e+00         4.46954e+09    4.99234e-01
    2.39556e+00         4.20670e+09    4.99234e-01
    2.39556e+00         3.90999e+09    4.99234e-01
    2.39556e+00         3.56655e+09    4.99234e-01
    2.39556e+00         3.36016e+09    4.99234e-01
    2.39556e+00         3.12764e+09    4.99234e-01
    2.39556e+00         2.85926e+09    4.99234e-01
    2.39556e+00         2.69870e+09    4.99234e-01
    2.39556e+00         2.51847e+09    4.99234e-01
    2.39556e+00         2.31151e+09    4.99234e-01
    2.39556e+00         2.18868e+09    4.99234e-01
    2.39556e+00         2.05166e+09    4.99234e-01
    2.39556e+00         1.89574e+09    4.99234e-01
    2.39556e+00         1.71312e+09    4.99234e-01
    2.39556e+00         1.60130e+09    4.99234e-01
    2.39556e+00         1.47332e+09    4.99234e-01
    2.39556e+00         1.39773e+09    4.99234e-01
    2.39556e+00         1.31374e+09    4.99234e-01
    2.39556e+00         1.21867e+09    4.99234e-01
    2.39556e+00         1.10819e+09    4.99234e-01
    2.39556e+00         1.04138e+09    4.99234e-01
    2.39556e+00         9.65734e+08    4.99234e-01
    2.39556e+00         8.77768e+08    4.99234e-01
    2.39556e+00         8.24528e+08    4.99234e-01
    2.39556e+00         7.64190e+08    4.99234e-01
    2.39556e+00         6.93948e+08    4.99234e-01
    2.39556e+00         6.51358e+08    4.99234e-01
    2.39556e+00         6.03015e+08    4.99234e-01
    2.39556e+00         5.46611e+08    4.99234e-01
    2.39556e+00         5.12288e+08    4.99234e-01
    2.39556e+00         4.73212e+08    4.99234e-01
    2.39556e+00         4.27415e+08    4.99234e-01
    2.39556e+00         3.99348e+08    4.99234e-01
    2.39556e+00         3.67196e+08    4.99234e-01
    2.39556e+00         3.48181e+08    4.99234e-01
    2.39556e+00         3.27033e+08    4.99234e-01
    2.39556e+00         3.03061e+08    4.99234e-01
    2.39556e+00         2.75148e+08    4.99234e-01
    2.39556e+00         2.58215e+08    4.99234e-01
    2.39556e+00         2.38990e+08    4.99234e-01
    2.39556e+00         2.16546e+08    4.99234e-01
    2.39556e+00         2.02877e+08    4.99234e-01
    2.39556e+00         1.87305e+08    4.99234e-01
    2.39556e+00         1.69036e+08    4.99234e-01
    2.39556e+00         1.57820e+08    4.99234e-01
    2.39556e+00         1.44954e+08    4.99234e-01
    2.39556e+00         1.37327e+08    4.99234e-01
    2.39556e+00         1.28831e+08    4.99234e-01
    2.39556e+00         1.19177e+08    4.99234e-01
    2.39556e+00         1.07895e+08    4.99234e-01
    2.39556e+00         1.01013e+08    4.99234e-01
    2.39556e+00         9.31606e+07    4.99234e-01
    2.39556e+00         8.39293e+07    4.99234e-01
    2.39556e+00         7.82424e+07    4.99234e-01
    2.39556e+00         7.16988e+07    4.99234e-01
    2.39556e+00         6.78026e+07    4.99234e-01
    2.39556e+00         6.34457e+07    4.99234e-01
    2.39556e+00         5.84698e+07    4.99234e-01
    2.39556e+00         5.55405e+07    4.99234e-01
    2.39556e+00         5.22939e+07    4.99234e-01
    2.39556e+00         4.86318e+07    4.99234e-01
    2.39556e+00         4.43973e+07    4.99234e-01
    2.39556e+00         4.18569e+07    4.99234e-01
    2.39556e+00         3.89988e+07    4.99234e-01
    2.39556e+00         3.57065e+07    4.99234e-01
    2.39556e+00         3.37427e+07    4.99234e-01
    2.39556e+00         3.15438e+07    4.99234e-01
    2.39556e+00         2.90275e+07    4.99234e-01
    2.39556e+00         2.75418e+07    4.99234e-01
    2.39556e+00         2.58915e+07    4.99234e-01
    2.39556e+00         2.40241e+07    4.99234e-01
    2.39556e+00         2.18551e+07    4.99234e-01
    2.39556e+00         2.05447e+07    4.99234e-01
    2.39556e+00         1.90618e+07    4.99234e-01
    2.39556e+00         1.73392e+07    4.99234e-01
    2.39556e+00         1.62982e+07    4.99234e-01
    2.39556e+00         1.51200e+07    4.99234e-01
    2.39556e+00         1.37511e+07    4.99234e-01
    2.39556e+00         1.29235e+07    4.99234e-01
    2.39556e+00         1.19866e+07    4.99234e-01
    2.39556e+00         1.08975e+07    4.99234e-01
    2.39556e+00         1.02387e+07    4.99234e-01
    2.39556e+00         9.49237e+06    4.99234e-01
    2.39556e+00         8.62404e+06    4.99234e-01
    2.39556e+00         8.09805e+06    4.99234e-01
    2.39556e+00         7.50152e+06    4.99234e-01
    2.39556e+00         6.80633e+06    4.99234e-01
    2.39556e+00         6.38410e+06    4.99234e-01
    2.39556e+00         5.90418e+06    4.99234e-01
    2.39556e+00         5.34307e+06    4.99234e-01
    2.39556e+00         5.00049e+06    4.99234e-01
    2.39556e+00         4.60937e+06    4.99234e-01
    2.39556e+00         4.14905e+06    4.99234e-01
    2.39556e+00         3.86499e+06    4.99234e-01
    2.39556e+00         3.53764e+06    4.99234e-01
    2.39556e+00         3.34228e+06    4.99234e-01
    2.39556e+00         3.12340e+06    4.99234e-01
    2.39556e+00         2.87278e+06    4.99234e-01
    2.39556e+00         2.72465e+06    4.99234e-01
    2.39556e+00         2.55997e+06    4.99234e-01
    2.39556e+00         2.37343e+06    4.99234e-01
    2.39556e+00         2.15641e+06    4.99234e-01
    2.39556e+00         2.02496e+06    4.99234e-01
    2.39556e+00         1.87589e+06    4.99234e-01
    2.39556e+00         1.70219e+06    4.99234e-01
    2.39556e+00         1.59671e+06    4.99234e-01
    2.39556e+00         1.47683e+06    4.99234e-01
    2.39556e+00         1.33670e+06    4.99234e-01
    2.39556e+00         1.25118e+06    4.99234e-01
    2.39556e+00         1.15356e+06    4.99234e-01
    2.39556e+00         1.03872e+06    4.99234e-01
    2.39556e+00         9.67909e+05    4.99234e-01
    2.39556e+00         8.86352e+05    4.99234e-01
    2.39556e+00         8.37724e+05    4.99234e-01
    2.39556e+00         7.83287e+05    4.99234e-01
    2.39556e+00         7.21020e+05    4.99234e-01
    2.39556e+00         6.84277e+05    4.99234e-01
    2.39556e+00         6.43482e+05    4.99234e-01
    2.39556e+00         5.97350e+05    4.99234e-01
    2.39556e+00         5.43818e+05    4.99234e-01
    2.39556e+00         5.11524e+05    4.99234e-01
    2.39556e+00         4.75022e+05    4.99234e-01
    2.39556e+00         4.32696e+05    4.99234e-01
    2.39556e+00         4.07190e+05    4.99234e-01
    2.39556e+00         3.78388e+05    4.99234e-01
    2.39556e+00         3.45035e+05    4.99234e-01
    2.39556e+00         3.24979e+05    4.99234e-01
    2.39556e+00         3.02371e+05    4.99234e-01
    2.39556e+00         2.76255e+05    4.99234e-01
    2.39556e+00         2.60612e+05    4.99234e-01
    2.39556e+00         2.43034e+05    4.99234e-01
    2.39556e+00         2.22822e+05    4.99234e-01
    2.39556e+00         2.10799e+05    4.99234e-01
    2.39556e+00         1.97366e+05    4.99234e-01
    2.39556e+00         1.82042e+05    4.99234e-01
    2.39556e+00         1.64029e+05    4.99234e-01
    2.39556e+00         1.52936e+05    4.99234e-01
    2.39556e+00         1.40175e+05    4.99234e-01
    2.39556e+00         1.32580e+05    4.99234e-01
    2.39556e+00         1.24091e+05    4.99234e-01
    2.39556e+00         1.14399e+05    4.99234e-01
    2.39556e+00         1.02996e+05    4.99234e-01
    2.39556e+00         9.59628e+04    4.99234e-01
    2.39556e+00         8.78602e+04    4.99234e-01
    2.39556e+00         8.30272e+04    4.99234e-01
    2.39556e+00         7.76152e+04    4.99234e-01
    2.39556e+00         7.14221e+04    4.99234e-01
    2.39556e+00         6.77652e+04    4.99234e-01
    2.39556e+00         6.37031e+04    4.99234e-01
    2.39556e+00         5.91064e+04    4.99234e-01
    2.39556e+00         5.37669e+04    4.99234e-01
    2.39556e+00         5.05405e+04    4.99234e-01
    2.39556e+00         4.68891e+04    4.99234e-01
    2.39556e+00         4.26469e+04    4.99234e-01
    2.39556e+00         4.00828e+04    4.99234e-01
    2.39556e+00         3.71801e+04    4.99234e-01
    2.39556e+00         3.38065e+04    4.99234e-01
    2.39556e+00         3.17663e+04    4.99234e-01
    2.39556e+00         2.94556e+04    4.99234e-01
    2.39556e+00         2.67681e+04    4.99234e-01
    2.39556e+00         2.51410e+04    4.99234e-01
    2.39556e+00         2.32965e+04    4.99234e-01
    2.39556e+00         2.11483e+04    4.99234e-01
    2.39556e+00         1.98450e+04    4.99234e-01
    2.39556e+00         1.83648e+04    4.99234e-01
    2.39556e+00         1.66364e+04    4.99234e-01
    2.39556e+00         1.55832e+04    4.99234e-01
    2.39556e+00         1.43830e+04    4.99234e-01
    2.39556e+00         1.29741e+04    4.99234e-01
    2.39556e+00         1.21083e+04    4.99234e-01
    2.39556e+00         1.11143e+04    4.99234e-01
    2.39556e+00         1.05244e+04    4.99234e-01
    2.39556e+00         9.86650e+03    4.99234e-01
    2.39556e+00         9.11798e+03    4.99234e-01
    2.39556e+00         8.24152e+03    4.99234e-01
    2.39556e+00         7.70513e+03    4.99234e-01
    2.39556e+00         7.09145e+03    4.99234e-01
    2.39556e+00         6.72921e+03    4.99234e-01
    2.39556e+00         6.32692e+03    4.99234e-01
    2.39556e+00         5.87184e+03    4.99234e-01
    2.39556e+00         5.34349e+03    4.99234e-01
    2.39556e+00         5.02449e+03    4.99234e-01
    2.39556e+00         4.66370e+03    4.99234e-01
    2.39556e+00         4.24493e+03    4.99234e-01
    2.39556e+00         3.99219e+03    4.99234e-01
    2.39556e+00         3.70644e+03    4.99234e-01
    2.39556e+00         3.37493e+03    4.99234e-01
    2.39556e+00         3.17501e+03    4.99234e-01
    2.39556e+00         2.94913e+03    4.99234e-01
    2.39556e+00         2.68732e+03    4.99234e-01
    2.39556e+00         2.52966e+03    4.99234e-01
    2.39556e+00         2.35174e+03    4.99234e-01
    2.39556e+00         2.14588e+03    4.99234e-01
    2.39556e+00         2.02225e+03    4.99234e-01
    2.39556e+00         1.88305e+03    4.99234e-01
    2.39556e+00         1.72250e+03    4.99234e-01
    2.39556e+00         1.62657e+03    4.99234e-01
    2.39556e+00         1.51899e+03    4.99234e-01
    2.39556e+00         1.39562e+03    4.99234e-01
    2.39556e+00         1.32256e+03    4.99234e-01
    2.39556e+00         1.24119e+03    4.99234e-01
    2.39556e+00         1.14881e+03    4.99234e-01
    2.39556e+00         1.04098e+03    4.99234e-01
    2.39556e+00         9.75311e+02    4.99234e-01
    2.39556e+00         9.00504e+02    4.99234e-01
    2.39556e+00         8.12751e+02    4.99234e-01
    2.39556e+00         7.58889e+02    4.99234e-01
    2.39556e+00         6.97110e+02    4.99234e-01
    2.39556e+00         6.60502e+02    4.99234e-01
    2.39556e+00         6.19725e+02    4.99234e-01
    2.39556e+00         5.73405e+02    4.99234e-01
    2.39556e+00         5.19298e+02    4.99234e-01
    2.39556e+00         4.86314e+02    4.99234e-01
    2.39556e+00         4.48704e+02    4.99234e-01
    2.39556e+00         4.04524e+02    4.99234e-01
    2.39556e+00         3.77346e+02    4.99234e-01
    2.39556e+00         3.46112e+02    4.99234e-01
    2.39556e+00         3.27549e+02    4.99234e-01
    2.39556e+00         3.06822e+02    4.99234e-01
    2.39556e+00         2.83201e+02    4.99234e-01
    2.39556e+00         2.55475e+02    4.99234e-01
    2.39556e+00         2.38439e+02    4.99234e-01
    2.39556e+00         2.18883e+02    4.99234e-01
    2.39556e+00         2.07279e+02    4.99234e-01
    2.39556e+00         1.94340e+02    4.99234e-01
    2.39556e+00         1.79620e+02    4.99234e-01
    2.39556e+00         1.62389e+02    4.99234e-01
    2.39556e+00         1.51849e+02    4.99234e-01
    2.39556e+00         1.39794e+02    4.99234e-01
    2.39556e+00         1.32682e+02    4.99234e-01
    2.39556e+00         1.24787e+02    4.99234e-01
    2.39556e+00         1.15862e+02    4.99234e-01
    2.39556e+00         1.05508e+02    4.99234e-01
    2.39556e+00         9.92658e+01    4.99234e-01
    2.39556e+00         9.22135e+01    4.99234e-01
    2.39556e+00         8.40412e+01    4.99234e-01
    2.39556e+00         7.91218e+01    4.99234e-01
    2.39556e+00         7.35716e+01    4.99234e-01
    2.39556e+00         6.71524e+01    4.99234e-01
    2.39556e+00         6.32999e+01    4.99234e-01
    2.39556e+00         5.89641e+01    4.99234e-01
    2.39556e+00         5.39673e+01    4.99234e-01
    2.39556e+00         5.09848e+01    4.99234e-01
    2.39556e+00         4.76432e+01    4.99234e-01
    2.39556e+00         4.38163e+01    4.99234e-01
    2.39556e+00         4.15541e+01    4.99234e-01
    2.39556e+00         3.90388e+01    4.99234e-01
    2.39556e+00         3.61890e+01    4.99234e-01
    2.39556e+00         3.28727e+01    4.99234e-01
    2.39556e+00         3.08631e+01    4.99234e-01
    2.39556e+00         2.85833e+01    4.99234e-01
    2.39556e+00         2.59253e+01    4.99234e-01
    2.39556e+00         2.43098e+01    4.99234e-01
    2.39556e+00         2.24725e+01    4.99234e-01
    2.39556e+00         2.03225e+01    4.99234e-01
    2.39556e+00         1.90079e+01    4.99234e-01
    2.39556e+00         1.75053e+01    4.99234e-01
    2.39556e+00         1.66195e+01    4.99234e-01
    2.39556e+00         1.56367e+01    4.99234e-01
    2.39556e+00         1.45265e+01    4.99234e-01
    2.39556e+00         1.32402e+01    4.99234e-01
    2.39556e+00         1.24659e+01    4.99234e-01
    2.39556e+00         1.15925e+01    4.99234e-01
    2.39556e+00         1.05826e+01    4.99234e-01
    2.39556e+00         9.97660e+00    4.99234e-01
    2.39556e+00         9.29478e+00    4.99234e-01
    2.39556e+00         8.50927e+00    4.99234e-01
    2.39556e+00         8.04066e+00    4.99234e-01
    2.39556e+00         7.51583e+00    4.99234e-01
    2.39556e+00         6.91515e+00    4.99234e-01
    2.39556e+00         6.56036e+00    4.99234e-01
    2.39556e+00         6.16616e+00    4.99234e-01
    2.39556e+00         5.71995e+00    4.99234e-01
    2.39556e+00         5.20141e+00    4.99234e-01
    2.39556e+00         4.88787e+00    4.99234e-01
    2.39556e+00         4.53281e+00    4.99234e-01
    2.39556e+00         4.11994e+00    4.99234e-01
    2.39556e+00         3.87007e+00    4.99234e-01
    2.39556e+00         3.58688e+00    4.99234e-01
    2.39556e+00         3.25721e+00    4.99234e-01
    2.39556e+00         3.05732e+00    4.99234e-01
    2.39556e+00         2.83044e+00    4.99234e-01
    2.39556e+00         2.56573e+00    4.99234e-01
    2.39556e+00         2.40466e+00    4.99234e-01
    2.39556e+00         2.22128e+00    4.99234e-01
    2.39556e+00         2.00638e+00    4.99234e-01
    2.39556e+00         1.87467e+00    4.99234e-01
    2.39556e+00         1.72382e+00    4.99234e-01
    2.39556e+00         1.63461e+00    4.99234e-01
    2.39556e+00         1.53540e+00    4.99234e-01
    2.39556e+00         1.42295e+00    4.99234e-01
    2.39556e+00         1.29203e+00    4.99234e-01
    2.39556e+00         1.21263e+00    4.99234e-01
    2.39556e+00         1.12249e+00    4.99234e-01
    2.39556e+00         1.01729e+00    4.99234e-01
    2.39556e+00         9.53256e-01    4.99234e-01
    2.39556e+00         8.80326e-01    4.99234e-01
    2.39556e+00         7.94811e-01    4.99234e-01
    2.39556e+00         7.42357e-01    4.99234e-01
    2.39556e+00         6.82230e-01    4.99234e-01
    2.39556e+00         6.46633e-01    4.99234e-01
    2.39556e+00         6.07009e-01    4.99234e-01
    2.39556e+00         5.62044e-01    4.99234e-01
    2.39556e+00         5.09596e-01    4.99234e-01
    2.39556e+00         4.77696e-01    4.99234e-01
    2.39556e+00         4.41394e-01    4.99234e-01
    2.39556e+00         3.98874e-01    4.99234e-01
    2.39556e+00         3.72840e-01    4.99234e-01
    2.39556e+00         3.43044e-01    4.99234e-01
    2.39556e+00         3.25445e-01    4.99234e-01
    2.39556e+00         3.05892e-01    4.99234e-01
    2.39556e+00         2.83758e-01    4.99234e-01
    2.39556e+00         2.58038e-01    4.99234e-01
    2.39556e+00         2.42486e-01    4.99234e-01
    2.39556e+00         2.24875e-01    4.99234e-01
    2.39556e+00         2.04398e-01    4.99234e-01
    2.39556e+00         1.92005e-01    4.99234e-01
    2.39556e+00         1.77961e-01    4.99234e-01
    2.39556e+00         1.61613e-01    4.99234e-01
    2.39556e+00         1.51702e-01    4.99234e-01
    2.39556e+00         1.40453e-01    4.99234e-01
    2.39556e+00         1.27330e-01    4.99234e-01
    2.39556e+00         1.19346e-01    4.99234e-01
    2.39556e+00         1.10259e-01    4.99234e-01
    2.39556e+00         9.96114e-02    4.99234e-01
    2.39556e+00         9.30890e-02    4.99234e-01
    2.39556e+00         8.56205e-02    4.99234e-01
    2.39556e+00         8.12063e-02    4.99234e-01
    2.39556e+00         7.62993e-02    4.99234e-01
    2.39556e+00         7.07408e-02    4.99234e-01
    2.39556e+00         6.42744e-02    4.99234e-01
    2.39556e+00         6.03579e-02    4.99234e-01
    2.39556e+00         5.59167e-02    4.99234e-01
    2.39556e+00         5.07420e-02    4.99234e-01
    2.39556e+00         4.76000e-02    4.99234e-01
    2.39556e+00         4.40295e-02    4.99234e-01
    2.39556e+00         3.98565e-02    4.99234e-01
    2.39556e+00         3.73102e-02    4.99234e-01
    2.39556e+00         3.44044e-02    4.99234e-01
    2.39556e+00         3.09872e-02    4.99234e-01
    2.39556e+00         2.88809e-02    4.99234e-01
    2.39556e+00         2.64562e-02    4.99234e-01
    2.39556e+00         2.50114e-02    4.99234e-01
    2.39556e+00         2.33949e-02    4.99234e-01
    2.39556e+00         2.15473e-02    4.99234e-01
    2.39556e+00         2.04583e-02    4.99234e-01
    2.39556e+00         1.92503e-02    4.99234e-01
    2.39556e+00         1.78859e-02    4.99234e-01
    2.39556e+00         1.63053e-02    4.99234e-01
    2.39556e+00         1.53545e-02    4.99234e-01
    2.39556e+00         1.42821e-02    4.99234e-01
    2.39556e+00         1.30428e-02    4.99234e-01
    2.39556e+00         1.22997e-02    4.99234e-01
    2.39556e+00         1.14642e-02    4.99234e-01
    2.39556e+00         1.05024e-02    4.99234e-01
    2.39556e+00         9.92938e-03    4.99234e-01
    2.39556e+00         9.28834e-03    4.99234e-01
    2.39556e+00         8.55576e-03    4.99234e-01
    2.39556e+00         8.12406e-03    4.99234e-01
    2.39556e+00         7.64526e-03    4.99234e-01
    2.39556e+00         7.10461e-03    4.99234e-01
    2.39556e+00         6.47855e-03    4.99234e-01
    2.39556e+00         6.10209e-03    4.99234e-01
    2.39556e+00         5.67776e-03    4.99234e-01
    2.39556e+00         5.18762e-03    4.99234e-01
    2.39556e+00         4.89405e-03    4.99234e-01
    2.39556e+00         4.56422e-03    4.99234e-01
    2.39556e+00         4.18498e-03    4.99234e-01
    2.39556e+00         3.95944e-03    4.99234e-01
    2.39556e+00         3.70748e-03    4.99234e-01
    2.39556e+00         3.42010e-03    4.99234e-01
    2.39556e+00         3.08240e-03    4.99234e-01
    2.39556e+00         2.87452e-03    4.99234e-01
    2.39556e+00         2.63549e-03    4.99234e-01
    2.39556e+00         2.49332e-03    4.99234e-01
    2.39556e+00         2.33446e-03    4.99234e-01
    2.39556e+00         2.15326e-03    4.99234e-01
    2.39556e+00         1.94027e-03    4.99234e-01
    2.39556e+00         1.80911e-03    4.99234e-01
    2.39556e+00         1.65824e-03    4.99234e-01
    2.39556e+00         1.56846e-03    4.99234e-01
    2.39556e+00         1.46810e-03    4.99234e-01
    2.39556e+00         1.35356e-03    4.99234e-01
    2.39556e+00         1.21880e-03    4.99234e-01
    2.39556e+00         1.13570e-03    4.99234e-01
    2.39556e+00         1.04000e-03    4.99234e-01
    2.39556e+00         9.82935e-04    4.99234e-01
    2.39556e+00         9.19053e-04    4.99234e-01
    2.39556e+00         8.45981e-04    4.99234e-01
    2.39556e+00         8.02861e-04    4.99234e-01
    2.39556e+00         7.54985e-04    4.99234e-01
    2.39556e+00         7.00845e-04    4.99234e-01
    2.39556e+00         6.38016e-04    4.99234e-01
    2.39556e+00         6.00110e-04    4.99234e-01
    2.39556e+00         5.57264e-04    4.99234e-01
    2.39556e+00         5.07577e-04    4.99234e-01
    2.39556e+00         4.77631e-04    4.99234e-01
    2.39556e+00         4.43812e-04    4.99234e-01
    2.39556e+00         4.04644e-04    4.99234e-01
    2.39556e+00         3.81084e-04    4.99234e-01
    2.39556e+00         3.54522e-04    4.99234e-01
    2.39556e+00         3.23830e-04    4.99234e-01
    2.39556e+00         3.05437e-04    4.99234e-01
    2.39556e+00         2.84762e-04    4.99234e-01
    2.39556e+00         2.60977e-04    4.99234e-01
    2.39556e+00         2.46817e-04    4.99234e-01
    2.39556e+00         2.30987e-04    4.99234e-01
    2.39556e+00         2.12912e-04    4.99234e-01
    2.39556e+00         1.91638e-04    4.99234e-01
    2.39556e+00         1.78508e-04    4.99234e-01
    2.39556e+00         1.63375e-04    4.99234e-01
    2.39556e+00         1.54343e-04    4.99234e-01
    2.39556e+00         1.44222e-04    4.99234e-01
    2.39556e+00         1.32631e-04    4.99234e-01
    2.39556e+00         1.25778e-04    4.99234e-01
    2.39556e+00         1.18158e-04    4.99234e-01
    2.39556e+00         1.09524e-04    4.99234e-01
    2.39556e+00         9.94740e-05    4.99234e-01
    2.39556e+00         9.33827e-05    4.99234e-01
    2.39556e+00         8.64708e-05    4.99234e-01
    2.39556e+00         7.84097e-05    4.99234e-01
    2.39556e+00         7.35079e-05    4.99234e-01
    2.39556e+00         6.79305e-05    4.99234e-01
    2.39556e+00         6.13996e-05    4.99234e-01
    2.39556e+00         5.74026e-05    4.99234e-01
    2.39556e+00         5.28295e-05    4.99234e-01
    2.39556e+00         5.01300e-05    4.99234e-01
    2.39556e+00         4.71319e-05    4.99234e-01
    2.39556e+00         4.37402e-05    4.99234e-01
    2.39556e+00         3.98022e-05    4.99234e-01
    2.39556e+00         3.74243e-05    4.99234e-01
    2.39556e+00         3.47346e-05    4.99234e-01
    2.39556e+00         3.16123e-05    4.99234e-01
    2.39556e+00         2.97274e-05    4.99234e-01
    2.39556e+00         2.75960e-05    4.99234e-01
    2.39556e+00         2.51227e-05    4.99234e-01


