Evolution of the BH masses and spins as functions of time.
Total number of time iterations: 1005

              t                   M              a
    1.23833e-21         1.00000e+17    8.00000e-01
    2.47665e-21         1.00000e+17    8.00000e-01
    4.95331e-21         1.00000e+17    8.00000e-01
    9.90662e-21         1.00000e+17    8.00000e-01
    1.98132e-20         1.00000e+17    8.00000e-01
    3.96265e-20         1.00000e+17    8.00000e-01
    7.92530e-20         1.00000e+17    8.00000e-01
    1.58506e-19         1.00000e+17    8.00000e-01
    3.17012e-19         1.00000e+17    8.00000e-01
    6.34024e-19         1.00000e+17    8.00000e-01
    1.26805e-18         1.00000e+17    8.00000e-01
    2.53609e-18         1.00000e+17    8.00000e-01
    5.07219e-18         1.00000e+17    8.00000e-01
    1.01444e-17         1.00000e+17    8.00000e-01
    2.02888e-17         1.00000e+17    8.00000e-01
    4.05775e-17         1.00000e+17    8.00000e-01
    8.11550e-17         1.00000e+17    8.00000e-01
    1.62310e-16         1.00000e+17    8.00000e-01
    3.24620e-16         1.00000e+17    8.00000e-01
    6.49240e-16         1.00000e+17    8.00000e-01
    1.29848e-15         1.00000e+17    8.00000e-01
    2.59696e-15         1.00000e+17    8.00000e-01
    5.19392e-15         1.00000e+17    8.00000e-01
    1.03878e-14         1.00000e+17    8.00000e-01
    2.07757e-14         1.00000e+17    8.00000e-01
    4.15514e-14         1.00000e+17    8.00000e-01
    8.31027e-14         1.00000e+17    8.00000e-01
    1.66205e-13         1.00000e+17    8.00000e-01
    3.32411e-13         1.00000e+17    8.00000e-01
    6.64822e-13         1.00000e+17    8.00000e-01
    1.32964e-12         1.00000e+17    8.00000e-01
    2.65929e-12         1.00000e+17    8.00000e-01
    5.31858e-12         1.00000e+17    8.00000e-01
    1.06372e-11         1.00000e+17    8.00000e-01
    2.12743e-11         1.00000e+17    8.00000e-01
    4.25486e-11         1.00000e+17    8.00000e-01
    8.50972e-11         1.00000e+17    8.00000e-01
    1.70194e-10         1.00000e+17    8.00000e-01
    3.40389e-10         1.00000e+17    8.00000e-01
    6.80778e-10         1.00000e+17    8.00000e-01
    1.36156e-09         1.00000e+17    8.00000e-01
    2.72311e-09         1.00000e+17    8.00000e-01
    5.44622e-09         1.00000e+17    8.00000e-01
    1.08924e-08         1.00000e+17    8.00000e-01
    2.17849e-08         1.00000e+17    8.00000e-01
    4.35698e-08         1.00000e+17    8.00000e-01
    8.71395e-08         1.00000e+17    8.00000e-01
    1.74279e-07         1.00000e+17    8.00000e-01
    3.48558e-07         1.00000e+17    8.00000e-01
    6.97116e-07         1.00000e+17    8.00000e-01
    1.39423e-06         1.00000e+17    8.00000e-01
    2.78847e-06         1.00000e+17    8.00000e-01
    5.57693e-06         1.00000e+17    8.00000e-01
    1.11539e-05         1.00000e+17    8.00000e-01
    2.23077e-05         1.00000e+17    8.00000e-01
    4.46154e-05         1.00000e+17    8.00000e-01
    8.92309e-05         1.00000e+17    8.00000e-01
    1.78462e-04         1.00000e+17    8.00000e-01
    3.56924e-04         1.00000e+17    8.00000e-01
    7.13847e-04         1.00000e+17    8.00000e-01
    1.42769e-03         1.00000e+17    8.00000e-01
    2.85539e-03         1.00000e+17    8.00000e-01
    5.71078e-03         1.00000e+17    8.00000e-01
    1.14216e-02         1.00000e+17    8.00000e-01
    2.28431e-02         1.00000e+17    8.00000e-01
    4.56862e-02         1.00000e+17    8.00000e-01
    9.13724e-02         1.00000e+17    8.00000e-01
    1.82745e-01         1.00000e+17    8.00000e-01
    3.65490e-01         1.00000e+17    8.00000e-01
    7.30979e-01         1.00000e+17    8.00000e-01
    1.46196e+00         1.00000e+17    8.00000e-01
    2.92392e+00         1.00000e+17    8.00000e-01
    5.84784e+00         1.00000e+17    8.00000e-01
    1.16957e+01         1.00000e+17    8.00000e-01
    2.33913e+01         1.00000e+17    8.00000e-01
    4.67827e+01         1.00000e+17    8.00000e-01
    9.35654e+01         1.00000e+17    8.00000e-01
    1.87131e+02         1.00000e+17    8.00000e-01
    3.74261e+02         1.00000e+17    8.00000e-01
    7.48523e+02         1.00000e+17    8.00000e-01
    1.49705e+03         1.00000e+17    8.00000e-01
    2.99409e+03         1.00000e+17    8.00000e-01
    5.98818e+03         1.00000e+17    8.00000e-01
    1.19764e+04         1.00000e+17    8.00000e-01
    2.39527e+04         1.00000e+17    8.00000e-01
    4.79055e+04         1.00000e+17    8.00000e-01
    9.58109e+04         1.00000e+17    8.00000e-01
    1.91622e+05         1.00000e+17    8.00000e-01
    3.83244e+05         1.00000e+17    8.00000e-01
    7.66488e+05         1.00000e+17    8.00000e-01
    1.53298e+06         1.00000e+17    8.00000e-01
    3.06595e+06         1.00000e+17    8.00000e-01
    6.13190e+06         1.00000e+17    8.00000e-01
    1.22638e+07         1.00000e+17    8.00000e-01
    2.45276e+07         1.00000e+17    8.00000e-01
    4.90552e+07         1.00000e+17    8.00000e-01
    9.81104e+07         1.00000e+17    8.00000e-01
    1.96221e+08         1.00000e+17    8.00000e-01
    3.92442e+08         1.00000e+17    8.00000e-01
    7.84883e+08         1.00000e+17    8.00000e-01
    1.56977e+09         1.00000e+17    8.00000e-01
    3.13953e+09         1.00000e+17    8.00000e-01
    6.27907e+09         1.00000e+17    8.00000e-01
    1.25581e+10         1.00000e+17    8.00000e-01
    2.51163e+10         1.00000e+17    8.00000e-01
    5.02325e+10         1.00000e+17    8.00000e-01
    1.00465e+11         1.00000e+17    8.00000e-01
    2.00930e+11         1.00000e+17    8.00000e-01
    4.01860e+11         1.00000e+17    8.00000e-01
    8.03720e+11         1.00000e+17    8.00000e-01
    1.60744e+12         1.00000e+17    8.00000e-01
    3.21488e+12         1.00000e+17    8.00000e-01
    6.42976e+12         1.00000e+17    8.00000e-01
    1.28595e+13         1.00000e+17    8.00000e-01
    2.57191e+13         1.00000e+17    8.00000e-01
    5.14381e+13         1.00000e+17    8.00000e-01
    1.02876e+14         1.00000e+17    8.00000e-01
    2.05752e+14         1.00000e+17    8.00000e-01
    4.11505e+14         1.00000e+17    8.00000e-01
    8.23010e+14         1.00000e+17    8.00000e-01
    1.64602e+15         1.00000e+17    8.00000e-01
    3.29204e+15         1.00000e+17    8.00000e-01
    6.58408e+15         1.00000e+17    8.00000e-01
    1.31682e+16         1.00000e+17    8.00000e-01
    2.63363e+16         1.00000e+17    8.00000e-01
    5.26726e+16         1.00000e+17    8.00000e-01
    1.05345e+17         1.00000e+17    8.00000e-01
    2.10690e+17         1.00000e+17    8.00000e-01
    4.21381e+17         1.00000e+17    7.99999e-01
    8.42762e+17         9.99999e+16    7.99999e-01
    1.68552e+18         9.99999e+16    7.99998e-01
    3.37105e+18         9.99997e+16    7.99995e-01
    6.74210e+18         9.99995e+16    7.99991e-01
    1.34842e+19         9.99990e+16    7.99981e-01
    2.69684e+19         9.99980e+16    7.99962e-01
    5.39368e+19         9.99959e+16    7.99925e-01
    1.07874e+20         9.99919e+16    7.99850e-01
    2.15747e+20         9.99838e+16    7.99700e-01
    4.31494e+20         9.99676e+16    7.99401e-01
    8.62988e+20         9.99353e+16    7.98803e-01
    1.72598e+21         9.98711e+16    7.97614e-01
    3.45195e+21         9.97444e+16    7.95261e-01
    6.90391e+21         9.94976e+16    7.90651e-01
    1.38078e+22         9.90284e+16    7.81793e-01
    2.07117e+22         9.85864e+16    7.73342e-01
    2.76156e+22         9.81706e+16    7.65283e-01
    3.45195e+22         9.77805e+16    7.57601e-01
    4.83273e+22         9.70499e+16    7.42964e-01
    6.21352e+22         9.63836e+16    7.29403e-01
    7.59430e+22         9.57702e+16    7.16776e-01
    8.97508e+22         9.52036e+16    7.04953e-01
    1.03559e+23         9.46664e+16    6.93660e-01
    1.17366e+23         9.41580e+16    6.82877e-01
    1.31174e+23         9.36778e+16    6.72584e-01
    1.44982e+23         9.32163e+16    6.62655e-01
    1.58790e+23         9.27724e+16    6.53053e-01
    1.72598e+23         9.23458e+16    6.43772e-01
    1.86405e+23         9.19335e+16    6.34765e-01
    2.00213e+23         9.15331e+16    6.25994e-01
    2.14021e+23         9.11444e+16    6.17455e-01
    2.27829e+23         9.07674e+16    6.09141e-01
    2.41637e+23         9.04019e+16    6.01050e-01
    2.55445e+23         9.00435e+16    5.93072e-01
    2.69252e+23         8.96928e+16    5.85209e-01
    2.83060e+23         8.93496e+16    5.77460e-01
    2.96868e+23         8.90141e+16    5.69825e-01
    3.10676e+23         8.86855e+16    5.62311e-01
    3.24484e+23         8.83623e+16    5.54911e-01
    3.38291e+23         8.80443e+16    5.47622e-01
    3.52099e+23         8.77316e+16    5.40443e-01
    3.65907e+23         8.74243e+16    5.33375e-01
    3.79715e+23         8.71214e+16    5.26407e-01
    3.93523e+23         8.68222e+16    5.19529e-01
    4.07330e+23         8.65268e+16    5.12741e-01
    4.21138e+23         8.62345e+16    5.06034e-01
    4.34946e+23         8.59463e+16    4.99419e-01
    4.48754e+23         8.56629e+16    4.92916e-01
    4.62562e+23         8.53822e+16    4.86479e-01
    4.76370e+23         8.51042e+16    4.80106e-01
    4.90177e+23         8.48291e+16    4.73799e-01
    5.03985e+23         8.45567e+16    4.67557e-01
    5.17793e+23         8.42872e+16    4.61379e-01
    5.31601e+23         8.40189e+16    4.55243e-01
    5.45409e+23         8.37528e+16    4.49163e-01
    5.59216e+23         8.34888e+16    4.43141e-01
    5.73024e+23         8.32271e+16    4.37177e-01
    5.86832e+23         8.29675e+16    4.31269e-01
    6.00640e+23         8.27102e+16    4.25419e-01
    6.14448e+23         8.24554e+16    4.19638e-01
    6.28255e+23         8.22019e+16    4.13903e-01
    6.42063e+23         8.19497e+16    4.08215e-01
    6.55871e+23         8.16989e+16    4.02573e-01
    6.69679e+23         8.14494e+16    3.96977e-01
    6.83487e+23         8.12012e+16    3.91428e-01
    6.97295e+23         8.09545e+16    3.85926e-01
    7.11102e+23         8.07087e+16    3.80470e-01
    7.24910e+23         8.04640e+16    3.75058e-01
    7.38718e+23         8.02203e+16    3.69691e-01
    7.52526e+23         7.99776e+16    3.64369e-01
    7.66334e+23         7.97360e+16    3.59091e-01
    7.80141e+23         7.94954e+16    3.53857e-01
    7.93949e+23         7.92555e+16    3.48662e-01
    8.07757e+23         7.90162e+16    3.43509e-01
    8.21565e+23         7.87775e+16    3.38397e-01
    8.35373e+23         7.85396e+16    3.33328e-01
    8.49180e+23         7.83022e+16    3.28300e-01
    8.62988e+23         7.80656e+16    3.23314e-01
    8.76796e+23         7.78297e+16    3.18373e-01
    8.90604e+23         7.75943e+16    3.13471e-01
    9.04412e+23         7.73592e+16    3.08611e-01
    9.18219e+23         7.71244e+16    3.03790e-01
    9.32027e+23         7.68899e+16    2.99007e-01
    9.45835e+23         7.66555e+16    2.94264e-01
    9.59643e+23         7.64215e+16    2.89560e-01
    9.73451e+23         7.61876e+16    2.84894e-01
    9.87259e+23         7.59540e+16    2.80268e-01
    1.00107e+24         7.57194e+16    2.75661e-01
    1.01487e+24         7.54847e+16    2.71093e-01
    1.02868e+24         7.52499e+16    2.66564e-01
    1.04249e+24         7.50151e+16    2.62074e-01
    1.05630e+24         7.47802e+16    2.57623e-01
    1.07011e+24         7.45452e+16    2.53213e-01
    1.08391e+24         7.43101e+16    2.48841e-01
    1.09772e+24         7.40749e+16    2.44509e-01
    1.11153e+24         7.38395e+16    2.40216e-01
    1.12534e+24         7.36037e+16    2.35962e-01
    1.13914e+24         7.33675e+16    2.31747e-01
    1.15295e+24         7.31309e+16    2.27570e-01
    1.16676e+24         7.28938e+16    2.23433e-01
    1.18057e+24         7.26562e+16    2.19334e-01
    1.19438e+24         7.24182e+16    2.15275e-01
    1.20818e+24         7.21797e+16    2.11254e-01
    1.22199e+24         7.19407e+16    2.07273e-01
    1.23580e+24         7.17012e+16    2.03333e-01
    1.24961e+24         7.14608e+16    1.99430e-01
    1.26341e+24         7.12194e+16    1.95563e-01
    1.27722e+24         7.09770e+16    1.91732e-01
    1.29103e+24         7.07335e+16    1.87938e-01
    1.30484e+24         7.04890e+16    1.84179e-01
    1.31865e+24         7.02435e+16    1.80458e-01
    1.33245e+24         6.99965e+16    1.76769e-01
    1.34626e+24         6.97486e+16    1.73119e-01
    1.36007e+24         6.94998e+16    1.69508e-01
    1.37388e+24         6.92498e+16    1.65937e-01
    1.38769e+24         6.89985e+16    1.62405e-01
    1.40149e+24         6.87460e+16    1.58914e-01
    1.41530e+24         6.84923e+16    1.55462e-01
    1.42911e+24         6.82372e+16    1.52049e-01
    1.44292e+24         6.79808e+16    1.48677e-01
    1.45672e+24         6.77231e+16    1.45343e-01
    1.47053e+24         6.74639e+16    1.42049e-01
    1.48434e+24         6.72033e+16    1.38795e-01
    1.49815e+24         6.69413e+16    1.35580e-01
    1.51196e+24         6.66776e+16    1.32403e-01
    1.52576e+24         6.64122e+16    1.29267e-01
    1.53957e+24         6.61450e+16    1.26171e-01
    1.55338e+24         6.58760e+16    1.23116e-01
    1.56719e+24         6.56052e+16    1.20101e-01
    1.58099e+24         6.53324e+16    1.17126e-01
    1.59480e+24         6.50577e+16    1.14191e-01
    1.60861e+24         6.47810e+16    1.11296e-01
    1.62242e+24         6.45022e+16    1.08440e-01
    1.63623e+24         6.42213e+16    1.05623e-01
    1.65003e+24         6.39382e+16    1.02846e-01
    1.66384e+24         6.36530e+16    1.00108e-01
    1.67765e+24         6.33654e+16    9.74082e-02
    1.69146e+24         6.30753e+16    9.47437e-02
    1.70526e+24         6.27814e+16    9.21035e-02
    1.71907e+24         6.24848e+16    8.94987e-02
    1.73288e+24         6.21855e+16    8.69295e-02
    1.74669e+24         6.18834e+16    8.43959e-02
    1.76050e+24         6.15784e+16    8.18979e-02
    1.77430e+24         6.12704e+16    7.94358e-02
    1.78811e+24         6.09594e+16    7.70097e-02
    1.80192e+24         6.06453e+16    7.46195e-02
    1.81573e+24         6.03279e+16    7.22654e-02
    1.82954e+24         6.00073e+16    6.99475e-02
    1.84334e+24         5.96832e+16    6.76659e-02
    1.85715e+24         5.93557e+16    6.54206e-02
    1.87096e+24         5.90245e+16    6.32119e-02
    1.88477e+24         5.86897e+16    6.10397e-02
    1.89857e+24         5.83510e+16    5.89041e-02
    1.91238e+24         5.80084e+16    5.68053e-02
    1.92619e+24         5.76617e+16    5.47433e-02
    1.94000e+24         5.73107e+16    5.27182e-02
    1.95381e+24         5.69555e+16    5.07301e-02
    1.96761e+24         5.65957e+16    4.87791e-02
    1.98142e+24         5.62310e+16    4.68643e-02
    1.99523e+24         5.58613e+16    4.49859e-02
    2.00904e+24         5.54864e+16    4.31441e-02
    2.02284e+24         5.51062e+16    4.13390e-02
    2.03665e+24         5.47203e+16    3.95706e-02
    2.05046e+24         5.43287e+16    3.78393e-02
    2.06427e+24         5.39311e+16    3.61450e-02
    2.07808e+24         5.35273e+16    3.44879e-02
    2.09188e+24         5.31170e+16    3.28681e-02
    2.10569e+24         5.26999e+16    3.12858e-02
    2.11950e+24         5.22759e+16    2.97410e-02
    2.13331e+24         5.18445e+16    2.82340e-02
    2.14711e+24         5.14054e+16    2.67649e-02
    2.16092e+24         5.09584e+16    2.53337e-02
    2.17473e+24         5.05028e+16    2.39400e-02
    2.18854e+24         5.00381e+16    2.25833e-02
    2.20235e+24         4.95640e+16    2.12640e-02
    2.21615e+24         4.90798e+16    1.99822e-02
    2.22996e+24         4.85852e+16    1.87381e-02
    2.24377e+24         4.80794e+16    1.75320e-02
    2.25758e+24         4.75620e+16    1.63641e-02
    2.27139e+24         4.70322e+16    1.52346e-02
    2.28519e+24         4.64893e+16    1.41438e-02
    2.29900e+24         4.59325e+16    1.30919e-02
    2.31281e+24         4.53607e+16    1.20790e-02
    2.32662e+24         4.47723e+16    1.11045e-02
    2.34042e+24         4.41660e+16    1.01688e-02
    2.35423e+24         4.35406e+16    9.27201e-03
    2.36804e+24         4.28945e+16    8.41462e-03
    2.38185e+24         4.22262e+16    7.59692e-03
    2.38875e+24         4.18799e+16    7.20809e-03
    2.39566e+24         4.15270e+16    6.82896e-03
    2.40256e+24         4.11674e+16    6.45958e-03
    2.40946e+24         4.08005e+16    6.10001e-03
    2.41637e+24         4.04260e+16    5.75031e-03
    2.42327e+24         4.00433e+16    5.41053e-03
    2.43017e+24         3.96522e+16    5.08070e-03
    2.43708e+24         3.92521e+16    4.76085e-03
    2.44398e+24         3.88426e+16    4.45102e-03
    2.45089e+24         3.84231e+16    4.15125e-03
    2.45779e+24         3.79930e+16    3.86159e-03
    2.46469e+24         3.75517e+16    3.58206e-03
    2.47160e+24         3.70985e+16    3.31271e-03
    2.47850e+24         3.66321e+16    3.05344e-03
    2.48541e+24         3.61504e+16    2.80397e-03
    2.49231e+24         3.56523e+16    2.56435e-03
    2.49921e+24         3.51364e+16    2.33468e-03
    2.50612e+24         3.46012e+16    2.11502e-03
    2.51302e+24         3.40451e+16    1.90547e-03
    2.51647e+24         3.37556e+16    1.80578e-03
    2.51993e+24         3.34599e+16    1.70856e-03
    2.52338e+24         3.31576e+16    1.61382e-03
    2.52683e+24         3.28481e+16    1.52147e-03
    2.53028e+24         3.25309e+16    1.43153e-03
    2.53373e+24         3.22055e+16    1.34401e-03
    2.53719e+24         3.18716e+16    1.25895e-03
    2.54064e+24         3.15285e+16    1.17635e-03
    2.54409e+24         3.11758e+16    1.09625e-03
    2.54754e+24         3.08127e+16    1.01866e-03
    2.55099e+24         3.04386e+16    0.00000e+00
    2.55445e+24         3.00527e+16    0.00000e+00
    2.55790e+24         2.96535e+16    0.00000e+00
    2.56135e+24         2.92382e+16    0.00000e+00
    2.56480e+24         2.88051e+16    0.00000e+00
    2.56825e+24         2.83526e+16    0.00000e+00
    2.57170e+24         2.78789e+16    0.00000e+00
    2.57516e+24         2.73816e+16    0.00000e+00
    2.57861e+24         2.68580e+16    0.00000e+00
    2.58206e+24         2.63036e+16    0.00000e+00
    2.58551e+24         2.57121e+16    0.00000e+00
    2.58896e+24         2.50780e+16    0.00000e+00
    2.59242e+24         2.43946e+16    0.00000e+00
    2.59587e+24         2.36532e+16    0.00000e+00
    2.59932e+24         2.28430e+16    0.00000e+00
    2.60277e+24         2.19493e+16    0.00000e+00
    2.60622e+24         2.09512e+16    0.00000e+00
    2.60968e+24         1.98061e+16    0.00000e+00
    2.61313e+24         1.84609e+16    0.00000e+00
    2.61658e+24         1.68409e+16    0.00000e+00
    2.61831e+24         1.58074e+16    0.00000e+00
    2.62003e+24         1.45852e+16    0.00000e+00
    2.62090e+24         1.38315e+16    0.00000e+00
    2.62176e+24         1.29663e+16    0.00000e+00
    2.62262e+24         1.19450e+16    0.00000e+00
    2.62305e+24         1.13082e+16    0.00000e+00
    2.62348e+24         1.05743e+16    0.00000e+00
    2.62392e+24         9.70583e+15    0.00000e+00
    2.62413e+24         9.16529e+15    0.00000e+00
    2.62435e+24         8.54200e+15    0.00000e+00
    2.62456e+24         7.80322e+15    0.00000e+00
    2.62467e+24         7.34948e+15    0.00000e+00
    2.62478e+24         6.83064e+15    0.00000e+00
    2.62489e+24         6.22041e+15    0.00000e+00
    2.62494e+24         5.84814e+15    0.00000e+00
    2.62499e+24         5.42400e+15    0.00000e+00
    2.62505e+24         4.92745e+15    0.00000e+00
    2.62508e+24         4.62492e+15    0.00000e+00
    2.62510e+24         4.28037e+15    0.00000e+00
    2.62513e+24         3.87685e+15    0.00000e+00
    2.62514e+24         3.63023e+15    0.00000e+00
    2.62516e+24         3.34862e+15    0.00000e+00
    2.62517e+24         3.01722e+15    0.00000e+00
    2.62518e+24         2.81291e+15    0.00000e+00
    2.62518e+24         2.57770e+15    0.00000e+00
    2.62519e+24         2.43758e+15    0.00000e+00
    2.62519e+24         2.28084e+15    0.00000e+00
    2.62519e+24         2.10177e+15    0.00000e+00
    2.62520e+24         1.99632e+15    0.00000e+00
    2.62520e+24         1.87941e+15    0.00000e+00
    2.62520e+24         1.74748e+15    0.00000e+00
    2.62520e+24         1.59487e+15    0.00000e+00
    2.62520e+24         1.50324e+15    0.00000e+00
    2.62520e+24         1.40007e+15    0.00000e+00
    2.62520e+24         1.28108e+15    0.00000e+00
    2.62520e+24         1.20994e+15    0.00000e+00
    2.62520e+24         1.13008e+15    0.00000e+00
    2.62520e+24         1.03831e+15    0.00000e+00
    2.62520e+24         9.83732e+14    0.00000e+00
    2.62520e+24         9.22655e+14    0.00000e+00
    2.62520e+24         8.52795e+14    0.00000e+00
    2.62520e+24         7.70086e+14    0.00000e+00
    2.62520e+24         7.18444e+14    0.00000e+00
    2.62520e+24         6.58020e+14    0.00000e+00
    2.62521e+24         6.20922e+14    0.00000e+00
    2.62521e+24         5.78374e+14    0.00000e+00
    2.62521e+24         5.27769e+14    0.00000e+00
    2.62521e+24         4.95949e+14    0.00000e+00
    2.62521e+24         4.58776e+14    0.00000e+00
    2.62521e+24         4.13799e+14    0.00000e+00
    2.62521e+24         3.84851e+14    0.00000e+00
    2.62521e+24         3.50305e+14    0.00000e+00
    2.62521e+24         3.28694e+14    0.00000e+00
    2.62521e+24         3.03605e+14    0.00000e+00
    2.62521e+24         2.73464e+14    0.00000e+00
    2.62521e+24         2.54421e+14    0.00000e+00
    2.62521e+24         2.32151e+14    0.00000e+00
    2.62521e+24         2.18599e+14    0.00000e+00
    2.62521e+24         2.03239e+14    0.00000e+00
    2.62521e+24         1.85378e+14    0.00000e+00
    2.62521e+24         1.74585e+14    0.00000e+00
    2.62521e+24         1.62387e+14    0.00000e+00
    2.62521e+24         1.48259e+14    0.00000e+00
    2.62521e+24         1.39769e+14    0.00000e+00
    2.62521e+24         1.30206e+14    0.00000e+00
    2.62521e+24         1.19179e+14    0.00000e+00
    2.62521e+24         1.12592e+14    0.00000e+00
    2.62521e+24         1.05209e+14    0.00000e+00
    2.62521e+24         9.67481e+13    0.00000e+00
    2.62521e+24         9.17412e+13    0.00000e+00
    2.62521e+24         8.61685e+13    0.00000e+00
    2.62521e+24         7.98424e+13    0.00000e+00
    2.62521e+24         7.24578e+13    0.00000e+00
    2.62521e+24         6.79589e+13    0.00000e+00
    2.62521e+24         6.28223e+13    0.00000e+00
    2.62521e+24         5.67758e+13    0.00000e+00
    2.62521e+24         5.30340e+13    0.00000e+00
    2.62521e+24         4.87011e+13    0.00000e+00
    2.62521e+24         4.60840e+13    0.00000e+00
    2.62521e+24         4.31254e+13    0.00000e+00
    2.62521e+24         3.96977e+13    0.00000e+00
    2.62521e+24         3.76285e+13    0.00000e+00
    2.62521e+24         3.52929e+13    0.00000e+00
    2.62521e+24         3.25972e+13    0.00000e+00
    2.62521e+24         2.93760e+13    0.00000e+00
    2.62521e+24         2.73453e+13    0.00000e+00
    2.62521e+24         2.49685e+13    0.00000e+00
    2.62521e+24         2.35225e+13    0.00000e+00
    2.62521e+24         2.18791e+13    0.00000e+00
    2.62521e+24         1.99607e+13    0.00000e+00
    2.62521e+24         1.87950e+13    0.00000e+00
    2.62521e+24         1.74712e+13    0.00000e+00
    2.62521e+24         1.59240e+13    0.00000e+00
    2.62521e+24         1.49800e+13    0.00000e+00
    2.62521e+24         1.39038e+13    0.00000e+00
    2.62521e+24         1.26361e+13    0.00000e+00
    2.62521e+24         1.18535e+13    0.00000e+00
    2.62521e+24         1.09526e+13    0.00000e+00
    2.62521e+24         9.88419e+12    0.00000e+00
    2.62521e+24         9.21732e+12    0.00000e+00
    2.62521e+24         8.44411e+12    0.00000e+00
    2.62521e+24         7.97954e+12    0.00000e+00
    2.62521e+24         7.45663e+12    0.00000e+00
    2.62521e+24         6.85493e+12    0.00000e+00
    2.62521e+24         6.49737e+12    0.00000e+00
    2.62521e+24         6.09862e+12    0.00000e+00
    2.62521e+24         5.64508e+12    0.00000e+00
    2.62521e+24         5.11460e+12    0.00000e+00
    2.62521e+24         4.79094e+12    0.00000e+00
    2.62521e+24         4.42172e+12    0.00000e+00
    2.62521e+24         3.98789e+12    0.00000e+00
    2.62521e+24         3.72100e+12    0.00000e+00
    2.62521e+24         3.41431e+12    0.00000e+00
    2.62521e+24         3.23212e+12    0.00000e+00
    2.62521e+24         3.02876e+12    0.00000e+00
    2.62521e+24         2.79715e+12    0.00000e+00
    2.62521e+24         2.52555e+12    0.00000e+00
    2.62521e+24         2.35895e+12    0.00000e+00
    2.62521e+24         2.16797e+12    0.00000e+00
    2.62521e+24         2.05491e+12    0.00000e+00
    2.62521e+24         1.92906e+12    0.00000e+00
    2.62521e+24         1.78624e+12    0.00000e+00
    2.62521e+24         1.61966e+12    0.00000e+00
    2.62521e+24         1.51834e+12    0.00000e+00
    2.62521e+24         1.40302e+12    0.00000e+00
    2.62521e+24         1.26790e+12    0.00000e+00
    2.62521e+24         1.18511e+12    0.00000e+00
    2.62521e+24         1.09027e+12    0.00000e+00
    2.62521e+24         1.03413e+12    0.00000e+00
    2.62521e+24         9.71632e+11    0.00000e+00
    2.62521e+24         9.00674e+11    0.00000e+00
    2.62521e+24         8.17756e+11    0.00000e+00
    2.62521e+24         7.67144e+11    0.00000e+00
    2.62521e+24         7.09387e+11    0.00000e+00
    2.62521e+24         6.41501e+11    0.00000e+00
    2.62521e+24         5.99727e+11    0.00000e+00
    2.62521e+24         5.51742e+11    0.00000e+00
    2.62521e+24         5.23264e+11    0.00000e+00
    2.62521e+24         4.91490e+11    0.00000e+00
    2.62521e+24         4.55333e+11    0.00000e+00
    2.62521e+24         4.13005e+11    0.00000e+00
    2.62521e+24         3.87041e+11    0.00000e+00
    2.62521e+24         3.57232e+11    0.00000e+00
    2.62521e+24         3.21861e+11    0.00000e+00
    2.62521e+24         2.99747e+11    0.00000e+00
    2.62521e+24         2.73916e+11    0.00000e+00
    2.62521e+24         2.58241e+11    0.00000e+00
    2.62521e+24         2.40453e+11    0.00000e+00
    2.62521e+24         2.19715e+11    0.00000e+00
    2.62521e+24         2.07180e+11    0.00000e+00
    2.62521e+24         1.93005e+11    0.00000e+00
    2.62521e+24         1.76570e+11    0.00000e+00
    2.62521e+24         1.66696e+11    0.00000e+00
    2.62521e+24         1.55588e+11    0.00000e+00
    2.62521e+24         1.42806e+11    0.00000e+00
    2.62521e+24         1.35198e+11    0.00000e+00
    2.62521e+24         1.26700e+11    0.00000e+00
    2.62521e+24         1.17011e+11    0.00000e+00
    2.62521e+24         1.05638e+11    0.00000e+00
    2.62521e+24         9.86514e+10    0.00000e+00
    2.62521e+24         9.06362e+10    0.00000e+00
    2.62521e+24         8.58860e+10    0.00000e+00
    2.62521e+24         8.05943e+10    0.00000e+00
    2.62521e+24         7.45832e+10    0.00000e+00
    2.62521e+24         6.75624e+10    0.00000e+00
    2.62521e+24         6.32835e+10    0.00000e+00
    2.62521e+24         5.84058e+10    0.00000e+00
    2.62521e+24         5.26786e+10    0.00000e+00
    2.62521e+24         4.91582e+10    0.00000e+00
    2.62521e+24         4.51153e+10    0.00000e+00
    2.62521e+24         4.27152e+10    0.00000e+00
    2.62521e+24         4.00377e+10    0.00000e+00
    2.62521e+24         3.69901e+10    0.00000e+00
    2.62521e+24         3.34195e+10    0.00000e+00
    2.62521e+24         3.12323e+10    0.00000e+00
    2.62521e+24         2.87280e+10    0.00000e+00
    2.62521e+24         2.72480e+10    0.00000e+00
    2.62521e+24         2.56028e+10    0.00000e+00
    2.62521e+24         2.37395e+10    0.00000e+00
    2.62521e+24         2.15721e+10    0.00000e+00
    2.62521e+24         2.02597e+10    0.00000e+00
    2.62521e+24         1.87718e+10    0.00000e+00
    2.62521e+24         1.70386e+10    0.00000e+00
    2.62521e+24         1.59868e+10    0.00000e+00
    2.62521e+24         1.47920e+10    0.00000e+00
    2.62521e+24         1.33963e+10    0.00000e+00
    2.62521e+24         1.25455e+10    0.00000e+00
    2.62521e+24         1.15754e+10    0.00000e+00
    2.62521e+24         1.04359e+10    0.00000e+00
    2.62521e+24         9.73495e+09    0.00000e+00
    2.62521e+24         8.92939e+09    0.00000e+00
    2.62521e+24         8.45066e+09    0.00000e+00
    2.62521e+24         7.91615e+09    0.00000e+00
    2.62521e+24         7.30703e+09    0.00000e+00
    2.62521e+24         6.59212e+09    0.00000e+00
    2.62521e+24         6.15292e+09    0.00000e+00
    2.62521e+24         5.64880e+09    0.00000e+00
    2.62521e+24         5.34973e+09    0.00000e+00
    2.62521e+24         5.01630e+09    0.00000e+00
    2.62521e+24         4.63707e+09    0.00000e+00
    2.62521e+24         4.19327e+09    0.00000e+00
    2.62521e+24         3.92191e+09    0.00000e+00
    2.62521e+24         3.61170e+09    0.00000e+00
    2.62521e+24         3.42881e+09    0.00000e+00
    2.62521e+24         3.22589e+09    0.00000e+00
    2.62521e+24         2.99664e+09    0.00000e+00
    2.62521e+24         2.73097e+09    0.00000e+00
    2.62521e+24         2.57103e+09    0.00000e+00
    2.62521e+24         2.39058e+09    0.00000e+00
    2.62521e+24         2.18185e+09    0.00000e+00
    2.62521e+24         2.05656e+09    0.00000e+00
    2.62521e+24         1.91555e+09    0.00000e+00
    2.62521e+24         1.75301e+09    0.00000e+00
    2.62521e+24         1.65596e+09    0.00000e+00
    2.62521e+24         1.54722e+09    0.00000e+00
    2.62521e+24         1.42264e+09    0.00000e+00
    2.62521e+24         1.34897e+09    0.00000e+00
    2.62521e+24         1.26703e+09    0.00000e+00
    2.62521e+24         1.17415e+09    0.00000e+00
    2.62521e+24         1.06600e+09    0.00000e+00
    2.62521e+24         1.00039e+09    0.00000e+00
    2.62521e+24         9.25896e+08    0.00000e+00
    2.62521e+24         8.38932e+08    0.00000e+00
    2.62521e+24         7.85968e+08    0.00000e+00
    2.62521e+24         7.25625e+08    0.00000e+00
    2.62521e+24         6.54829e+08    0.00000e+00
    2.62521e+24         6.11363e+08    0.00000e+00
    2.62521e+24         5.61496e+08    0.00000e+00
    2.62521e+24         5.31938e+08    0.00000e+00
    2.62521e+24         4.99003e+08    0.00000e+00
    2.62521e+24         4.61578e+08    0.00000e+00
    2.62521e+24         4.17838e+08    0.00000e+00
    2.62521e+24         3.91149e+08    0.00000e+00
    2.62521e+24         3.60694e+08    0.00000e+00
    2.62521e+24         3.24878e+08    0.00000e+00
    2.62521e+24         3.02805e+08    0.00000e+00
    2.62521e+24         2.77396e+08    0.00000e+00
    2.62521e+24         2.62257e+08    0.00000e+00
    2.62521e+24         2.45320e+08    0.00000e+00
    2.62521e+24         2.25964e+08    0.00000e+00
    2.62521e+24         2.14557e+08    0.00000e+00
    2.62521e+24         2.01905e+08    0.00000e+00
    2.62521e+24         1.87617e+08    0.00000e+00
    2.62521e+24         1.71071e+08    0.00000e+00
    2.62521e+24         1.61120e+08    0.00000e+00
    2.62521e+24         1.49901e+08    0.00000e+00
    2.62521e+24         1.36941e+08    0.00000e+00
    2.62521e+24         1.29176e+08    0.00000e+00
    2.62521e+24         1.20450e+08    0.00000e+00
    2.62521e+24         1.10414e+08    0.00000e+00
    2.62521e+24         1.04442e+08    0.00000e+00
    2.62521e+24         9.77672e+07    0.00000e+00
    2.62521e+24         9.01504e+07    0.00000e+00
    2.62521e+24         8.11920e+07    0.00000e+00
    2.62521e+24         7.56698e+07    0.00000e+00
    2.62521e+24         6.93123e+07    0.00000e+00
    2.62521e+24         6.55237e+07    0.00000e+00
    2.62521e+24         6.12842e+07    0.00000e+00
    2.62521e+24         5.64380e+07    0.00000e+00
    2.62521e+24         5.35808e+07    0.00000e+00
    2.62521e+24         5.04108e+07    0.00000e+00
    2.62521e+24         4.68297e+07    0.00000e+00
    2.62521e+24         4.26798e+07    0.00000e+00
    2.62521e+24         4.01818e+07    0.00000e+00
    2.62521e+24         3.73635e+07    0.00000e+00
    2.62521e+24         3.41040e+07    0.00000e+00
    2.62521e+24         3.21478e+07    0.00000e+00
    2.62521e+24         2.99464e+07    0.00000e+00
    2.62521e+24         2.74093e+07    0.00000e+00
    2.62521e+24         2.58951e+07    0.00000e+00
    2.62521e+24         2.41987e+07    0.00000e+00
    2.62521e+24         2.22560e+07    0.00000e+00
    2.62521e+24         2.11077e+07    0.00000e+00
    2.62521e+24         1.98310e+07    0.00000e+00
    2.62521e+24         1.83847e+07    0.00000e+00
    2.62521e+24         1.67019e+07    0.00000e+00
    2.62521e+24         1.56823e+07    0.00000e+00
    2.62521e+24         1.45259e+07    0.00000e+00
    2.62521e+24         1.31781e+07    0.00000e+00
    2.62521e+24         1.23593e+07    0.00000e+00
    2.62521e+24         1.14284e+07    0.00000e+00
    2.62521e+24         1.03396e+07    0.00000e+00
    2.62521e+24         9.67460e+06    0.00000e+00
    2.62521e+24         8.91498e+06    0.00000e+00
    2.62521e+24         8.46768e+06    0.00000e+00
    2.62521e+24         7.97188e+06    0.00000e+00
    2.62521e+24         7.41250e+06    0.00000e+00
    2.62521e+24         6.76550e+06    0.00000e+00
    2.62521e+24         6.37716e+06    0.00000e+00
    2.62521e+24         5.94009e+06    0.00000e+00
    2.62521e+24         5.43634e+06    0.00000e+00
    2.62521e+24         5.13562e+06    0.00000e+00
    2.62521e+24         4.79865e+06    0.00000e+00
    2.62521e+24         4.41270e+06    0.00000e+00
    2.62521e+24         4.18449e+06    0.00000e+00
    2.62521e+24         3.93071e+06    0.00000e+00
    2.62521e+24         3.64310e+06    0.00000e+00
    2.62521e+24         3.30829e+06    0.00000e+00
    2.62521e+24         3.10528e+06    0.00000e+00
    2.62521e+24         2.87486e+06    0.00000e+00
    2.62521e+24         2.60603e+06    0.00000e+00
    2.62521e+24         2.44245e+06    0.00000e+00
    2.62521e+24         2.25623e+06    0.00000e+00
    2.62521e+24         2.03800e+06    0.00000e+00
    2.62521e+24         1.90426e+06    0.00000e+00
    2.62521e+24         1.75109e+06    0.00000e+00
    2.62521e+24         1.66051e+06    0.00000e+00
    2.62521e+24         1.55978e+06    0.00000e+00
    2.62521e+24         1.44563e+06    0.00000e+00
    2.62521e+24         1.31273e+06    0.00000e+00
    2.62521e+24         1.23215e+06    0.00000e+00
    2.62521e+24         1.14068e+06    0.00000e+00
    2.62521e+24         1.03396e+06    0.00000e+00
    2.62521e+24         9.69013e+05    0.00000e+00
    2.62521e+24         8.95069e+05    0.00000e+00
    2.62521e+24         8.08402e+05    0.00000e+00
    2.62521e+24         7.55280e+05    0.00000e+00
    2.62521e+24         6.94422e+05    0.00000e+00
    2.62521e+24         6.58425e+05    0.00000e+00
    2.62521e+24         6.18386e+05    0.00000e+00
    2.62521e+24         5.72993e+05    0.00000e+00
    2.62521e+24         5.20123e+05    0.00000e+00
    2.62521e+24         4.88041e+05    0.00000e+00
    2.62521e+24         4.51603e+05    0.00000e+00
    2.62521e+24         4.09047e+05    0.00000e+00
    2.62521e+24         3.83111e+05    0.00000e+00
    2.62521e+24         3.53545e+05    0.00000e+00
    2.62521e+24         3.18827e+05    0.00000e+00
    2.62521e+24         2.97482e+05    0.00000e+00
    2.62521e+24         2.72963e+05    0.00000e+00
    2.62521e+24         2.58403e+05    0.00000e+00
    2.62521e+24         2.42155e+05    0.00000e+00
    2.62521e+24         2.23654e+05    0.00000e+00
    2.62521e+24         2.01966e+05    0.00000e+00
    2.62521e+24         1.88667e+05    0.00000e+00
    2.62521e+24         1.73428e+05    0.00000e+00
    2.62521e+24         1.64410e+05    0.00000e+00
    2.62521e+24         1.54377e+05    0.00000e+00
    2.62521e+24         1.42996e+05    0.00000e+00
    2.62521e+24         1.29732e+05    0.00000e+00
    2.62521e+24         1.21675e+05    0.00000e+00
    2.62521e+24         1.12515e+05    0.00000e+00
    2.62521e+24         1.01802e+05    0.00000e+00
    2.62521e+24         9.52599e+04    0.00000e+00
    2.62521e+24         8.77877e+04    0.00000e+00
    2.62521e+24         8.33886e+04    0.00000e+00
    2.62521e+24         7.85131e+04    0.00000e+00
    2.62521e+24         7.30132e+04    0.00000e+00
    2.62521e+24         6.66536e+04    0.00000e+00
    2.62521e+24         6.28381e+04    0.00000e+00
    2.62521e+24         5.85451e+04    0.00000e+00
    2.62521e+24         5.35994e+04    0.00000e+00
    2.62521e+24         5.06492e+04    0.00000e+00
    2.62521e+24         4.73453e+04    0.00000e+00
    2.62521e+24         4.35642e+04    0.00000e+00
    2.62521e+24         4.13312e+04    0.00000e+00
    2.62521e+24         3.88504e+04    0.00000e+00
    2.62521e+24         3.60427e+04    0.00000e+00
    2.62521e+24         3.27805e+04    0.00000e+00
    2.62521e+24         3.08086e+04    0.00000e+00
    2.62521e+24         2.85762e+04    0.00000e+00
    2.62521e+24         2.59814e+04    0.00000e+00
    2.62521e+24         2.44119e+04    0.00000e+00
    2.62521e+24         2.26342e+04    0.00000e+00
    2.62521e+24         2.05661e+04    0.00000e+00
    2.62521e+24         1.93137e+04    0.00000e+00
    2.62521e+24         1.78936e+04    0.00000e+00
    2.62521e+24         1.62391e+04    0.00000e+00
    2.62521e+24         1.52347e+04    0.00000e+00
    2.62521e+24         1.40936e+04    0.00000e+00
    2.62521e+24         1.27601e+04    0.00000e+00
    2.62521e+24         1.19467e+04    0.00000e+00
    2.62521e+24         1.10188e+04    0.00000e+00
    2.62521e+24         9.92810e+03    0.00000e+00
    2.62521e+24         9.25631e+03    0.00000e+00
    2.62521e+24         8.48348e+03    0.00000e+00
    2.62521e+24         8.02345e+03    0.00000e+00
    2.62521e+24         7.50915e+03    0.00000e+00
    2.62521e+24         6.92200e+03    0.00000e+00
    2.62521e+24         6.23101e+03    0.00000e+00
    2.62521e+24         5.80464e+03    0.00000e+00
    2.62521e+24         5.31333e+03    0.00000e+00
    2.62521e+24         5.02014e+03    0.00000e+00
    2.62521e+24         4.69171e+03    0.00000e+00
    2.62521e+24         4.31569e+03    0.00000e+00
    2.62521e+24         4.09349e+03    0.00000e+00
    2.62521e+24         3.84651e+03    0.00000e+00
    2.62521e+24         3.56680e+03    0.00000e+00
    2.62521e+24         3.24150e+03    0.00000e+00
    2.62521e+24         3.04457e+03    0.00000e+00
    2.62521e+24         2.82133e+03    0.00000e+00
    2.62521e+24         2.56137e+03    0.00000e+00
    2.62521e+24         2.40367e+03    0.00000e+00
    2.62521e+24         2.22460e+03    0.00000e+00
    2.62521e+24         2.01553e+03    0.00000e+00
    2.62521e+24         1.88819e+03    0.00000e+00
    2.62521e+24         1.74309e+03    0.00000e+00
    2.62521e+24         1.57283e+03    0.00000e+00
    2.62521e+24         1.46827e+03    0.00000e+00
    2.62521e+24         1.34829e+03    0.00000e+00
    2.62521e+24         1.27714e+03    0.00000e+00
    2.62521e+24         1.19785e+03    0.00000e+00
    2.62521e+24         1.10772e+03    0.00000e+00
    2.62521e+24         1.00232e+03    0.00000e+00
    2.62521e+24         9.37956e+02    0.00000e+00
    2.62521e+24         8.64454e+02    0.00000e+00
    2.62521e+24         8.21188e+02    0.00000e+00
    2.62521e+24         7.73243e+02    0.00000e+00
    2.62521e+24         7.19167e+02    0.00000e+00
    2.62521e+24         6.56653e+02    0.00000e+00
    2.62521e+24         6.19162e+02    0.00000e+00
    2.62521e+24         5.76992e+02    0.00000e+00
    2.62521e+24         5.28434e+02    0.00000e+00
    2.62521e+24         4.99487e+02    0.00000e+00
    2.62521e+24         4.67089e+02    0.00000e+00
    2.62521e+24         4.30040e+02    0.00000e+00
    2.62521e+24         4.08186e+02    0.00000e+00
    2.62521e+24         3.83930e+02    0.00000e+00
    2.62521e+24         3.56511e+02    0.00000e+00
    2.62521e+24         3.24714e+02    0.00000e+00
    2.62521e+24         3.05548e+02    0.00000e+00
    2.62521e+24         2.83903e+02    0.00000e+00
    2.62521e+24         2.58832e+02    0.00000e+00
    2.62521e+24         2.43751e+02    0.00000e+00
    2.62521e+24         2.26745e+02    0.00000e+00
    2.62521e+24         2.07093e+02    0.00000e+00
    2.62521e+24         1.95314e+02    0.00000e+00
    2.62521e+24         1.82071e+02    0.00000e+00
    2.62521e+24         1.66831e+02    0.00000e+00
    2.62521e+24         1.57755e+02    0.00000e+00
    2.62521e+24         1.47606e+02    0.00000e+00
    2.62521e+24         1.36012e+02    0.00000e+00
    2.62521e+24         1.29185e+02    0.00000e+00
    2.62521e+24         1.21617e+02    0.00000e+00
    2.62521e+24         1.13078e+02    0.00000e+00
    2.62521e+24         1.03201e+02    0.00000e+00
    2.62521e+24         9.72717e+01    0.00000e+00
    2.62521e+24         9.05976e+01    0.00000e+00
    2.62521e+24         8.29040e+01    0.00000e+00
    2.62521e+24         7.83101e+01    0.00000e+00
    2.62521e+24         7.31613e+01    0.00000e+00
    2.62521e+24         6.72624e+01    0.00000e+00
    2.62521e+24         6.37730e+01    0.00000e+00
    2.62521e+24         5.98912e+01    0.00000e+00
    2.62521e+24         5.54899e+01    0.00000e+00
    2.62521e+24         5.03628e+01    0.00000e+00
    2.62521e+24         4.72507e+01    0.00000e+00
    2.62521e+24         4.37151e+01    0.00000e+00
    2.62521e+24         3.95845e+01    0.00000e+00
    2.62521e+24         3.70657e+01    0.00000e+00
    2.62521e+24         3.41929e+01    0.00000e+00
    2.62521e+24         3.08172e+01    0.00000e+00
    2.62521e+24         2.87393e+01    0.00000e+00
    2.62521e+24         2.63500e+01    0.00000e+00
    2.62521e+24         2.49289e+01    0.00000e+00
    2.62521e+24         2.33412e+01    0.00000e+00
    2.62521e+24         2.15301e+01    0.00000e+00
    2.62521e+24         1.94015e+01    0.00000e+00
    2.62521e+24         1.80908e+01    0.00000e+00
    2.62521e+24         1.65834e+01    0.00000e+00
    2.62521e+24         1.56864e+01    0.00000e+00
    2.62521e+24         1.46840e+01    0.00000e+00
    2.62521e+24         1.35399e+01    0.00000e+00
    2.62521e+24         1.21944e+01    0.00000e+00
    2.62521e+24         1.13650e+01    0.00000e+00
    2.62521e+24         1.04101e+01    0.00000e+00
    2.62521e+24         9.84103e+00    0.00000e+00
    2.62521e+24         9.20425e+00    0.00000e+00
    2.62521e+24         8.47633e+00    0.00000e+00
    2.62521e+24         8.04717e+00    0.00000e+00
    2.62521e+24         7.57101e+00    0.00000e+00
    2.62521e+24         7.03308e+00    0.00000e+00
    2.62521e+24         6.40971e+00    0.00000e+00
    2.62521e+24         6.03446e+00    0.00000e+00
    2.62521e+24         5.61108e+00    0.00000e+00
    2.62521e+24         5.12140e+00    0.00000e+00
    2.62521e+24         4.82750e+00    0.00000e+00
    2.62521e+24         4.49673e+00    0.00000e+00
    2.62521e+24         4.11551e+00    0.00000e+00
    2.62521e+24         3.88795e+00    0.00000e+00
    2.62521e+24         3.63297e+00    0.00000e+00
    2.62521e+24         3.34094e+00    0.00000e+00
    2.62521e+24         3.16829e+00    0.00000e+00
    2.62521e+24         2.97630e+00    0.00000e+00
    2.62521e+24         2.75875e+00    0.00000e+00
    2.62521e+24         2.50554e+00    0.00000e+00
    2.62521e+24         2.35205e+00    0.00000e+00
    2.62521e+24         2.17787e+00    0.00000e+00
    2.62521e+24         1.97472e+00    0.00000e+00
    2.62521e+24         1.85117e+00    0.00000e+00
    2.62521e+24         1.71058e+00    0.00000e+00
    2.62521e+24         1.54593e+00    0.00000e+00
    2.62521e+24         1.44513e+00    0.00000e+00
    2.62521e+24         1.32978e+00    0.00000e+00
    2.62521e+24         1.26167e+00    0.00000e+00
    2.62521e+24         1.18600e+00    0.00000e+00
    2.62521e+24         1.10037e+00    0.00000e+00
    2.62521e+24         1.00089e+00    0.00000e+00
    2.62521e+24         9.40778e-01    0.00000e+00
    2.62521e+24         8.72734e-01    0.00000e+00
    2.62521e+24         7.93666e-01    0.00000e+00
    2.62521e+24         7.45862e-01    0.00000e+00
    2.62521e+24         6.91735e-01    0.00000e+00
    2.62521e+24         6.28805e-01    0.00000e+00
    2.62521e+24         5.90728e-01    0.00000e+00
    2.62521e+24         5.47583e-01    0.00000e+00
    2.62521e+24         4.97371e-01    0.00000e+00
    2.62521e+24         4.66940e-01    0.00000e+00
    2.62521e+24         4.32414e-01    0.00000e+00
    2.62521e+24         3.92153e-01    0.00000e+00
    2.62521e+24         3.67678e-01    0.00000e+00
    2.62521e+24         3.39835e-01    0.00000e+00
    2.62521e+24         3.07244e-01    0.00000e+00
    2.62521e+24         2.87307e-01    0.00000e+00
    2.62521e+24         2.64508e-01    0.00000e+00
    2.62521e+24         2.51058e-01    0.00000e+00
    2.62521e+24         2.36129e-01    0.00000e+00
    2.62521e+24         2.19252e-01    0.00000e+00
    2.62521e+24         1.99678e-01    0.00000e+00
    2.62521e+24         1.87877e-01    0.00000e+00
    2.62521e+24         1.74548e-01    0.00000e+00
    2.62521e+24         1.59105e-01    0.00000e+00
    2.62521e+24         1.49812e-01    0.00000e+00
    2.62521e+24         1.39330e-01    0.00000e+00
    2.62521e+24         1.27212e-01    0.00000e+00
    2.62521e+24         1.19944e-01    0.00000e+00
    2.62521e+24         1.11768e-01    0.00000e+00
    2.62521e+24         1.02352e-01    0.00000e+00
    2.62521e+24         9.67381e-02    0.00000e+00
    2.62521e+24         9.04536e-02    0.00000e+00
    2.62521e+24         8.32656e-02    0.00000e+00
    2.62521e+24         7.90242e-02    0.00000e+00
    2.62521e+24         7.43154e-02    0.00000e+00
    2.62521e+24         6.89909e-02    0.00000e+00
    2.62521e+24         6.28128e-02    0.00000e+00
    2.62521e+24         5.90863e-02    0.00000e+00
    2.62521e+24         5.48748e-02    0.00000e+00
    2.62521e+24         4.99921e-02    0.00000e+00
    2.62521e+24         4.70506e-02    0.00000e+00
    2.62521e+24         4.37298e-02    0.00000e+00
    2.62521e+24         3.98855e-02    0.00000e+00
    2.62521e+24         3.75749e-02    0.00000e+00
    2.62521e+24         3.49715e-02    0.00000e+00
    2.62521e+24         3.19660e-02    0.00000e+00
    2.62521e+24         3.01674e-02    0.00000e+00
    2.62521e+24         2.81479e-02    0.00000e+00
    2.62521e+24         2.58283e-02    0.00000e+00
    2.62521e+24         2.44507e-02    0.00000e+00
    2.62521e+24         2.29137e-02    0.00000e+00
    2.62521e+24         2.11634e-02    0.00000e+00
    2.62521e+24         1.91117e-02    0.00000e+00
    2.62521e+24         1.78538e-02    0.00000e+00
    2.62521e+24         1.64124e-02    0.00000e+00
    2.62521e+24         1.55595e-02    0.00000e+00
    2.62521e+24         1.46106e-02    0.00000e+00
    2.62521e+24         1.35344e-02    0.00000e+00
    2.62521e+24         1.22802e-02    0.00000e+00
    2.62521e+24         1.15185e-02    0.00000e+00
    2.62521e+24         1.06528e-02    0.00000e+00
    2.62521e+24         9.64056e-03    0.00000e+00
    2.62521e+24         9.02260e-03    0.00000e+00
    2.62521e+24         8.31710e-03    0.00000e+00
    2.62521e+24         7.48682e-03    0.00000e+00
    2.62521e+24         6.97451e-03    0.00000e+00
    2.62521e+24         6.38416e-03    0.00000e+00
    2.62521e+24         6.03187e-03    0.00000e+00
    2.62521e+24         5.63723e-03    0.00000e+00
    2.62521e+24         5.18540e-03    0.00000e+00
    2.62521e+24         4.91841e-03    0.00000e+00
    2.62521e+24         4.62163e-03    0.00000e+00
    2.62521e+24         4.28552e-03    0.00000e+00
    2.62521e+24         3.89462e-03    0.00000e+00
    2.62521e+24         3.65796e-03    0.00000e+00
    2.62521e+24         3.38970e-03    0.00000e+00
    2.62521e+24         3.07729e-03    0.00000e+00
    2.62521e+24         2.88776e-03    0.00000e+00
    2.62521e+24         2.67253e-03    0.00000e+00
    2.62521e+24         2.42125e-03    0.00000e+00
    2.62521e+24         2.26817e-03    0.00000e+00
    2.62521e+24         2.09374e-03    0.00000e+00
    2.62521e+24         1.88903e-03    0.00000e+00
    2.62521e+24         1.76329e-03    0.00000e+00
    2.62521e+24         1.61897e-03    0.00000e+00
    2.62521e+24         1.53338e-03    0.00000e+00
    2.62521e+24         1.43796e-03    0.00000e+00
    2.62521e+24         1.32946e-03    0.00000e+00
    2.62521e+24         1.20253e-03    0.00000e+00
    2.62521e+24         1.12495e-03    0.00000e+00
    2.62521e+24         1.03631e-03    0.00000e+00
    2.62521e+24         9.84090e-04    0.00000e+00
    2.62521e+24         9.26174e-04    0.00000e+00
    2.62521e+24         8.60789e-04    0.00000e+00
    2.62521e+24         7.85093e-04    0.00000e+00
    2.62521e+24         7.39595e-04    0.00000e+00
    2.62521e+24         6.88327e-04    0.00000e+00
    2.62521e+24         6.29137e-04    0.00000e+00
    2.62521e+24         5.93712e-04    0.00000e+00
    2.62521e+24         5.53933e-04    0.00000e+00
    2.62521e+24         5.08236e-04    0.00000e+00
    2.62521e+24         4.81093e-04    0.00000e+00
    2.62521e+24         4.50802e-04    0.00000e+00
    2.62521e+24         4.16304e-04    0.00000e+00
    2.62521e+24         3.75850e-04    0.00000e+00
    2.62521e+24         3.51035e-04    0.00000e+00
    2.62521e+24         3.22588e-04    0.00000e+00
    2.62521e+24         3.05745e-04    0.00000e+00
    2.62521e+24         2.86995e-04    0.00000e+00
    2.62521e+24         2.65715e-04    0.00000e+00
    2.62521e+24         2.40891e-04    0.00000e+00
    2.62521e+24         2.25788e-04    0.00000e+00
    2.62521e+24         2.08598e-04    0.00000e+00
    2.62521e+24         1.88458e-04    0.00000e+00
    2.62521e+24         1.76121e-04    0.00000e+00
    2.62521e+24         1.61994e-04    0.00000e+00
    2.62521e+24         1.53645e-04    0.00000e+00
    2.62521e+24         1.44364e-04    0.00000e+00
    2.62521e+24         1.33852e-04    0.00000e+00
    2.62521e+24         1.21623e-04    0.00000e+00
    2.62521e+24         1.14218e-04    0.00000e+00
    2.62521e+24         1.05821e-04    0.00000e+00
    2.62521e+24         9.60381e-05    0.00000e+00
    2.62521e+24         9.00996e-05    0.00000e+00
    2.62521e+24         8.33525e-05    0.00000e+00
    2.62521e+24         7.54689e-05    0.00000e+00
    2.62521e+24         7.06605e-05    0.00000e+00
    2.62521e+24         6.51754e-05    0.00000e+00
    2.62521e+24         5.87283e-05    0.00000e+00
    2.62521e+24         5.47581e-05    0.00000e+00
    2.62521e+24         5.01913e-05    0.00000e+00
    2.62521e+24         4.74735e-05    0.00000e+00
    2.62521e+24         4.44357e-05    0.00000e+00
    2.62521e+24         4.09682e-05    0.00000e+00
    2.62521e+24         3.68889e-05    0.00000e+00
    2.62521e+24         3.43733e-05    0.00000e+00
    2.62521e+24         3.14759e-05    0.00000e+00
    2.62521e+24         2.97482e-05    0.00000e+00
    2.62521e+24         2.78141e-05    0.00000e+00
    2.62521e+24         2.56016e-05    0.00000e+00
    2.62521e+24         2.42959e-05    0.00000e+00


