Evolution of the BH masses and spins as functions of time.
Total number of time iterations: 1035

              t                   M              a
    1.23833e-21         1.00000e+17    7.00000e-01
    2.47665e-21         1.00000e+17    7.00000e-01
    4.95331e-21         1.00000e+17    7.00000e-01
    9.90662e-21         1.00000e+17    7.00000e-01
    1.98132e-20         1.00000e+17    7.00000e-01
    3.96265e-20         1.00000e+17    7.00000e-01
    7.92530e-20         1.00000e+17    7.00000e-01
    1.58506e-19         1.00000e+17    7.00000e-01
    3.17012e-19         1.00000e+17    7.00000e-01
    6.34024e-19         1.00000e+17    7.00000e-01
    1.26805e-18         1.00000e+17    7.00000e-01
    2.53609e-18         1.00000e+17    7.00000e-01
    5.07219e-18         1.00000e+17    7.00000e-01
    1.01444e-17         1.00000e+17    7.00000e-01
    2.02888e-17         1.00000e+17    7.00000e-01
    4.05775e-17         1.00000e+17    7.00000e-01
    8.11550e-17         1.00000e+17    7.00000e-01
    1.62310e-16         1.00000e+17    7.00000e-01
    3.24620e-16         1.00000e+17    7.00000e-01
    6.49240e-16         1.00000e+17    7.00000e-01
    1.29848e-15         1.00000e+17    7.00000e-01
    2.59696e-15         1.00000e+17    7.00000e-01
    5.19392e-15         1.00000e+17    7.00000e-01
    1.03878e-14         1.00000e+17    7.00000e-01
    2.07757e-14         1.00000e+17    7.00000e-01
    4.15514e-14         1.00000e+17    7.00000e-01
    8.31027e-14         1.00000e+17    7.00000e-01
    1.66205e-13         1.00000e+17    7.00000e-01
    3.32411e-13         1.00000e+17    7.00000e-01
    6.64822e-13         1.00000e+17    7.00000e-01
    1.32964e-12         1.00000e+17    7.00000e-01
    2.65929e-12         1.00000e+17    7.00000e-01
    5.31858e-12         1.00000e+17    7.00000e-01
    1.06372e-11         1.00000e+17    7.00000e-01
    2.12743e-11         1.00000e+17    7.00000e-01
    4.25486e-11         1.00000e+17    7.00000e-01
    8.50972e-11         1.00000e+17    7.00000e-01
    1.70194e-10         1.00000e+17    7.00000e-01
    3.40389e-10         1.00000e+17    7.00000e-01
    6.80778e-10         1.00000e+17    7.00000e-01
    1.36156e-09         1.00000e+17    7.00000e-01
    2.72311e-09         1.00000e+17    7.00000e-01
    5.44622e-09         1.00000e+17    7.00000e-01
    1.08924e-08         1.00000e+17    7.00000e-01
    2.17849e-08         1.00000e+17    7.00000e-01
    4.35698e-08         1.00000e+17    7.00000e-01
    8.71395e-08         1.00000e+17    7.00000e-01
    1.74279e-07         1.00000e+17    7.00000e-01
    3.48558e-07         1.00000e+17    7.00000e-01
    6.97116e-07         1.00000e+17    7.00000e-01
    1.39423e-06         1.00000e+17    7.00000e-01
    2.78847e-06         1.00000e+17    7.00000e-01
    5.57693e-06         1.00000e+17    7.00000e-01
    1.11539e-05         1.00000e+17    7.00000e-01
    2.23077e-05         1.00000e+17    7.00000e-01
    4.46154e-05         1.00000e+17    7.00000e-01
    8.92309e-05         1.00000e+17    7.00000e-01
    1.78462e-04         1.00000e+17    7.00000e-01
    3.56924e-04         1.00000e+17    7.00000e-01
    7.13847e-04         1.00000e+17    7.00000e-01
    1.42769e-03         1.00000e+17    7.00000e-01
    2.85539e-03         1.00000e+17    7.00000e-01
    5.71078e-03         1.00000e+17    7.00000e-01
    1.14216e-02         1.00000e+17    7.00000e-01
    2.28431e-02         1.00000e+17    7.00000e-01
    4.56862e-02         1.00000e+17    7.00000e-01
    9.13724e-02         1.00000e+17    7.00000e-01
    1.82745e-01         1.00000e+17    7.00000e-01
    3.65490e-01         1.00000e+17    7.00000e-01
    7.30979e-01         1.00000e+17    7.00000e-01
    1.46196e+00         1.00000e+17    7.00000e-01
    2.92392e+00         1.00000e+17    7.00000e-01
    5.84784e+00         1.00000e+17    7.00000e-01
    1.16957e+01         1.00000e+17    7.00000e-01
    2.33913e+01         1.00000e+17    7.00000e-01
    4.67827e+01         1.00000e+17    7.00000e-01
    9.35654e+01         1.00000e+17    7.00000e-01
    1.87131e+02         1.00000e+17    7.00000e-01
    3.74261e+02         1.00000e+17    7.00000e-01
    7.48523e+02         1.00000e+17    7.00000e-01
    1.49705e+03         1.00000e+17    7.00000e-01
    2.99409e+03         1.00000e+17    7.00000e-01
    5.98818e+03         1.00000e+17    7.00000e-01
    1.19764e+04         1.00000e+17    7.00000e-01
    2.39527e+04         1.00000e+17    7.00000e-01
    4.79055e+04         1.00000e+17    7.00000e-01
    9.58109e+04         1.00000e+17    7.00000e-01
    1.91622e+05         1.00000e+17    7.00000e-01
    3.83244e+05         1.00000e+17    7.00000e-01
    7.66488e+05         1.00000e+17    7.00000e-01
    1.53298e+06         1.00000e+17    7.00000e-01
    3.06595e+06         1.00000e+17    7.00000e-01
    6.13190e+06         1.00000e+17    7.00000e-01
    1.22638e+07         1.00000e+17    7.00000e-01
    2.45276e+07         1.00000e+17    7.00000e-01
    4.90552e+07         1.00000e+17    7.00000e-01
    9.81104e+07         1.00000e+17    7.00000e-01
    1.96221e+08         1.00000e+17    7.00000e-01
    3.92442e+08         1.00000e+17    7.00000e-01
    7.84883e+08         1.00000e+17    7.00000e-01
    1.56977e+09         1.00000e+17    7.00000e-01
    3.13953e+09         1.00000e+17    7.00000e-01
    6.27907e+09         1.00000e+17    7.00000e-01
    1.25581e+10         1.00000e+17    7.00000e-01
    2.51163e+10         1.00000e+17    7.00000e-01
    5.02325e+10         1.00000e+17    7.00000e-01
    1.00465e+11         1.00000e+17    7.00000e-01
    2.00930e+11         1.00000e+17    7.00000e-01
    4.01860e+11         1.00000e+17    7.00000e-01
    8.03720e+11         1.00000e+17    7.00000e-01
    1.60744e+12         1.00000e+17    7.00000e-01
    3.21488e+12         1.00000e+17    7.00000e-01
    6.42976e+12         1.00000e+17    7.00000e-01
    1.28595e+13         1.00000e+17    7.00000e-01
    2.57191e+13         1.00000e+17    7.00000e-01
    5.14381e+13         1.00000e+17    7.00000e-01
    1.02876e+14         1.00000e+17    7.00000e-01
    2.05752e+14         1.00000e+17    7.00000e-01
    4.11505e+14         1.00000e+17    7.00000e-01
    8.23010e+14         1.00000e+17    7.00000e-01
    1.64602e+15         1.00000e+17    7.00000e-01
    3.29204e+15         1.00000e+17    7.00000e-01
    6.58408e+15         1.00000e+17    7.00000e-01
    1.31682e+16         1.00000e+17    7.00000e-01
    2.63363e+16         1.00000e+17    7.00000e-01
    5.26726e+16         1.00000e+17    7.00000e-01
    1.05345e+17         1.00000e+17    7.00000e-01
    2.10690e+17         1.00000e+17    7.00000e-01
    4.21381e+17         1.00000e+17    7.00000e-01
    8.42762e+17         1.00000e+17    6.99999e-01
    1.68552e+18         9.99999e+16    6.99999e-01
    3.37105e+18         9.99999e+16    6.99998e-01
    6.74210e+18         9.99998e+16    6.99995e-01
    1.34842e+19         9.99995e+16    6.99991e-01
    2.69684e+19         9.99991e+16    6.99982e-01
    5.39368e+19         9.99982e+16    6.99963e-01
    1.07874e+20         9.99964e+16    6.99927e-01
    2.15747e+20         9.99927e+16    6.99853e-01
    4.31494e+20         9.99854e+16    6.99707e-01
    8.62988e+20         9.99709e+16    6.99414e-01
    1.72598e+21         9.99419e+16    6.98829e-01
    3.45195e+21         9.98840e+16    6.97662e-01
    6.90391e+21         9.97688e+16    6.95339e-01
    1.38078e+22         9.95411e+16    6.90738e-01
    2.76156e+22         9.90960e+16    6.81710e-01
    4.14234e+22         9.86712e+16    6.73024e-01
    5.52312e+22         9.82600e+16    6.64587e-01
    6.90391e+22         9.78622e+16    6.56394e-01
    8.28469e+22         9.74777e+16    6.48439e-01
    9.66547e+22         9.71063e+16    6.40715e-01
    1.10462e+23         9.67451e+16    6.33181e-01
    1.24270e+23         9.63923e+16    6.25810e-01
    1.38078e+23         9.60466e+16    6.18582e-01
    1.51886e+23         9.57097e+16    6.11518e-01
    1.65694e+23         9.53817e+16    6.04614e-01
    1.79502e+23         9.50598e+16    5.97818e-01
    1.93309e+23         9.47437e+16    5.91104e-01
    2.07117e+23         9.44333e+16    5.84474e-01
    2.20925e+23         9.41288e+16    5.77925e-01
    2.34733e+23         9.38301e+16    5.71459e-01
    2.48541e+23         9.35377e+16    5.65095e-01
    2.62348e+23         9.32493e+16    5.58812e-01
    2.76156e+23         9.29649e+16    5.52610e-01
    2.89964e+23         9.26846e+16    5.46488e-01
    3.03772e+23         9.24083e+16    5.40445e-01
    3.17580e+23         9.21361e+16    5.34481e-01
    3.31387e+23         9.18670e+16    5.28588e-01
    3.45195e+23         9.16007e+16    5.22760e-01
    3.59003e+23         9.13372e+16    5.16996e-01
    3.72811e+23         9.10766e+16    5.11297e-01
    3.86619e+23         9.08188e+16    5.05661e-01
    4.00427e+23         9.05638e+16    5.00088e-01
    4.14234e+23         9.03117e+16    4.94578e-01
    4.28042e+23         9.00617e+16    4.89121e-01
    4.41850e+23         8.98140e+16    4.83715e-01
    4.55658e+23         8.95685e+16    4.78358e-01
    4.69466e+23         8.93251e+16    4.73050e-01
    4.83273e+23         8.90840e+16    4.67793e-01
    4.97081e+23         8.88452e+16    4.62585e-01
    5.10889e+23         8.86082e+16    4.57423e-01
    5.24697e+23         8.83727e+16    4.52299e-01
    5.38505e+23         8.81385e+16    4.47211e-01
    5.52312e+23         8.79057e+16    4.42160e-01
    5.66120e+23         8.76742e+16    4.37146e-01
    5.79928e+23         8.74442e+16    4.32168e-01
    5.93736e+23         8.72156e+16    4.27228e-01
    6.07544e+23         8.69884e+16    4.22324e-01
    6.21352e+23         8.67623e+16    4.17457e-01
    6.35159e+23         8.65381e+16    4.12645e-01
    6.48967e+23         8.63149e+16    4.07865e-01
    6.62775e+23         8.60927e+16    4.03118e-01
    6.76583e+23         8.58716e+16    3.98404e-01
    6.90391e+23         8.56514e+16    3.93723e-01
    7.04198e+23         8.54324e+16    3.89075e-01
    7.18006e+23         8.52142e+16    3.84464e-01
    7.31814e+23         8.49968e+16    3.79884e-01
    7.45622e+23         8.47802e+16    3.75336e-01
    7.59430e+23         8.45644e+16    3.70819e-01
    7.73237e+23         8.43493e+16    3.66334e-01
    7.87045e+23         8.41351e+16    3.61880e-01
    8.00853e+23         8.39216e+16    3.57457e-01
    8.14661e+23         8.37090e+16    3.53067e-01
    8.28469e+23         8.34958e+16    3.48687e-01
    8.42277e+23         8.32832e+16    3.44338e-01
    8.56084e+23         8.30711e+16    3.40018e-01
    8.69892e+23         8.28595e+16    3.35728e-01
    8.83700e+23         8.26484e+16    3.31467e-01
    8.97508e+23         8.24378e+16    3.27237e-01
    9.11316e+23         8.22277e+16    3.23036e-01
    9.25123e+23         8.20181e+16    3.18865e-01
    9.38931e+23         8.18090e+16    3.14724e-01
    9.52739e+23         8.16001e+16    3.10612e-01
    9.66547e+23         8.13915e+16    3.06528e-01
    9.80355e+23         8.11830e+16    3.02473e-01
    9.94162e+23         8.09748e+16    2.98447e-01
    1.00797e+24         8.07668e+16    2.94449e-01
    1.02178e+24         8.05590e+16    2.90479e-01
    1.03559e+24         8.03515e+16    2.86539e-01
    1.04939e+24         8.01441e+16    2.82626e-01
    1.06320e+24         7.99369e+16    2.78743e-01
    1.07701e+24         7.97299e+16    2.74891e-01
    1.09082e+24         7.95227e+16    2.71063e-01
    1.10462e+24         7.93152e+16    2.67259e-01
    1.11843e+24         7.91075e+16    2.63480e-01
    1.13224e+24         7.88995e+16    2.59726e-01
    1.14605e+24         7.86913e+16    2.55996e-01
    1.15986e+24         7.84828e+16    2.52292e-01
    1.17366e+24         7.82740e+16    2.48612e-01
    1.18747e+24         7.80649e+16    2.44957e-01
    1.20128e+24         7.78555e+16    2.41327e-01
    1.21509e+24         7.76458e+16    2.37725e-01
    1.22890e+24         7.74358e+16    2.34150e-01
    1.24270e+24         7.72254e+16    2.30603e-01
    1.25651e+24         7.70147e+16    2.27083e-01
    1.27032e+24         7.68037e+16    2.23591e-01
    1.28413e+24         7.65924e+16    2.20127e-01
    1.29793e+24         7.63807e+16    2.16690e-01
    1.31174e+24         7.61686e+16    2.13281e-01
    1.32555e+24         7.59562e+16    2.09900e-01
    1.33936e+24         7.57433e+16    2.06547e-01
    1.35317e+24         7.55307e+16    2.03232e-01
    1.36697e+24         7.53173e+16    1.99942e-01
    1.38078e+24         7.51031e+16    1.96678e-01
    1.39459e+24         7.48883e+16    1.93440e-01
    1.40840e+24         7.46726e+16    1.90227e-01
    1.42220e+24         7.44562e+16    1.87040e-01
    1.43601e+24         7.42390e+16    1.83878e-01
    1.44982e+24         7.40210e+16    1.80743e-01
    1.46363e+24         7.38021e+16    1.77633e-01
    1.47744e+24         7.35824e+16    1.74549e-01
    1.49124e+24         7.33618e+16    1.71491e-01
    1.50505e+24         7.31403e+16    1.68460e-01
    1.51886e+24         7.29179e+16    1.65456e-01
    1.53267e+24         7.26945e+16    1.62480e-01
    1.54647e+24         7.24701e+16    1.59532e-01
    1.56028e+24         7.22446e+16    1.56611e-01
    1.57409e+24         7.20182e+16    1.53717e-01
    1.58790e+24         7.17906e+16    1.50852e-01
    1.60171e+24         7.15620e+16    1.48013e-01
    1.61551e+24         7.13323e+16    1.45202e-01
    1.62932e+24         7.11014e+16    1.42419e-01
    1.64313e+24         7.08694e+16    1.39663e-01
    1.65694e+24         7.06362e+16    1.36934e-01
    1.67075e+24         7.04018e+16    1.34233e-01
    1.68455e+24         7.01660e+16    1.31560e-01
    1.69836e+24         6.99288e+16    1.28913e-01
    1.71217e+24         6.96903e+16    1.26296e-01
    1.72598e+24         6.94504e+16    1.23707e-01
    1.73978e+24         6.92090e+16    1.21147e-01
    1.75359e+24         6.89663e+16    1.18616e-01
    1.76740e+24         6.87220e+16    1.16113e-01
    1.78121e+24         6.84763e+16    1.13638e-01
    1.79502e+24         6.82290e+16    1.11192e-01
    1.80882e+24         6.79801e+16    1.08774e-01
    1.82263e+24         6.77297e+16    1.06384e-01
    1.83644e+24         6.74776e+16    1.04022e-01
    1.85025e+24         6.72238e+16    1.01688e-01
    1.86405e+24         6.69684e+16    9.93822e-02
    1.87786e+24         6.67116e+16    9.71078e-02
    1.89167e+24         6.64529e+16    9.48576e-02
    1.90548e+24         6.61921e+16    9.26317e-02
    1.91929e+24         6.59291e+16    9.04300e-02
    1.93309e+24         6.56641e+16    8.82527e-02
    1.94690e+24         6.53968e+16    8.61000e-02
    1.96071e+24         6.51273e+16    8.39718e-02
    1.97452e+24         6.48554e+16    8.18682e-02
    1.98832e+24         6.45812e+16    7.97894e-02
    2.00213e+24         6.43047e+16    7.77354e-02
    2.01594e+24         6.40256e+16    7.57063e-02
    2.02975e+24         6.37440e+16    7.37022e-02
    2.04356e+24         6.34599e+16    7.17231e-02
    2.05736e+24         6.31731e+16    6.97692e-02
    2.07117e+24         6.28831e+16    6.78375e-02
    2.08498e+24         6.25904e+16    6.59317e-02
    2.09879e+24         6.22950e+16    6.40518e-02
    2.11260e+24         6.19968e+16    6.21980e-02
    2.12640e+24         6.16957e+16    6.03703e-02
    2.14021e+24         6.13917e+16    5.85687e-02
    2.15402e+24         6.10846e+16    5.67933e-02
    2.16783e+24         6.07744e+16    5.50442e-02
    2.18163e+24         6.04610e+16    5.33215e-02
    2.19544e+24         6.01444e+16    5.16251e-02
    2.20925e+24         5.98243e+16    4.99551e-02
    2.22306e+24         5.95006e+16    4.83115e-02
    2.23687e+24         5.91732e+16    4.66944e-02
    2.25067e+24         5.88420e+16    4.51039e-02
    2.26448e+24         5.85069e+16    4.35399e-02
    2.27829e+24         5.81678e+16    4.20026e-02
    2.29210e+24         5.78245e+16    4.04921e-02
    2.30590e+24         5.74770e+16    3.90082e-02
    2.31971e+24         5.71250e+16    3.75513e-02
    2.33352e+24         5.67684e+16    3.61212e-02
    2.34733e+24         5.64071e+16    3.47178e-02
    2.36114e+24         5.60409e+16    3.33408e-02
    2.37494e+24         5.56695e+16    3.19904e-02
    2.38875e+24         5.52929e+16    3.06666e-02
    2.40256e+24         5.49107e+16    2.93695e-02
    2.41637e+24         5.45229e+16    2.80993e-02
    2.43017e+24         5.41292e+16    2.68559e-02
    2.44398e+24         5.37294e+16    2.56395e-02
    2.45779e+24         5.33231e+16    2.44501e-02
    2.47160e+24         5.29102e+16    2.32879e-02
    2.48541e+24         5.24903e+16    2.21529e-02
    2.49921e+24         5.20631e+16    2.10452e-02
    2.51302e+24         5.16285e+16    1.99650e-02
    2.52683e+24         5.11859e+16    1.89122e-02
    2.54064e+24         5.07351e+16    1.78870e-02
    2.55445e+24         5.02755e+16    1.68887e-02
    2.56825e+24         4.98065e+16    1.59174e-02
    2.58206e+24         4.93279e+16    1.49733e-02
    2.59587e+24         4.88389e+16    1.40565e-02
    2.60968e+24         4.83392e+16    1.31671e-02
    2.62348e+24         4.78281e+16    1.23054e-02
    2.63729e+24         4.73050e+16    1.14715e-02
    2.65110e+24         4.67690e+16    1.06656e-02
    2.66491e+24         4.62196e+16    9.88790e-03
    2.67872e+24         4.56558e+16    9.13847e-03
    2.69252e+24         4.50762e+16    8.41706e-03
    2.70633e+24         4.44793e+16    7.72362e-03
    2.72014e+24         4.38640e+16    7.05839e-03
    2.73395e+24         4.32289e+16    6.42157e-03
    2.74775e+24         4.25723e+16    5.81339e-03
    2.76156e+24         4.18924e+16    5.23410e-03
    2.76847e+24         4.15399e+16    4.95902e-03
    2.77537e+24         4.11805e+16    4.69100e-03
    2.78227e+24         4.08139e+16    4.43011e-03
    2.78918e+24         4.04396e+16    4.17637e-03
    2.79608e+24         4.00573e+16    3.92983e-03
    2.80299e+24         3.96665e+16    3.69050e-03
    2.80989e+24         3.92668e+16    3.45841e-03
    2.81679e+24         3.88576e+16    3.23360e-03
    2.82370e+24         3.84385e+16    3.01610e-03
    2.83060e+24         3.80089e+16    2.80592e-03
    2.83751e+24         3.75680e+16    2.60309e-03
    2.84441e+24         3.71152e+16    2.40765e-03
    2.85131e+24         3.66494e+16    2.21952e-03
    2.85822e+24         3.61683e+16    2.03848e-03
    2.86512e+24         3.56708e+16    1.86458e-03
    2.87202e+24         3.51555e+16    1.69787e-03
    2.87893e+24         3.46211e+16    1.53840e-03
    2.88583e+24         3.40658e+16    1.38623e-03
    2.88928e+24         3.37767e+16    1.31383e-03
    2.89274e+24         3.34815e+16    1.24322e-03
    2.89619e+24         3.31797e+16    1.17441e-03
    2.89964e+24         3.28707e+16    1.10732e-03
    2.90309e+24         3.25541e+16    1.04199e-03
    2.90654e+24         3.22293e+16    0.00000e+00
    2.91000e+24         3.18960e+16    0.00000e+00
    2.91345e+24         3.15536e+16    0.00000e+00
    2.91690e+24         3.12016e+16    0.00000e+00
    2.92035e+24         3.08393e+16    0.00000e+00
    2.92380e+24         3.04660e+16    0.00000e+00
    2.92726e+24         3.00810e+16    0.00000e+00
    2.93071e+24         2.96830e+16    0.00000e+00
    2.93416e+24         2.92689e+16    0.00000e+00
    2.93761e+24         2.88371e+16    0.00000e+00
    2.94106e+24         2.83861e+16    0.00000e+00
    2.94452e+24         2.79140e+16    0.00000e+00
    2.94797e+24         2.74184e+16    0.00000e+00
    2.95142e+24         2.68969e+16    0.00000e+00
    2.95487e+24         2.63450e+16    0.00000e+00
    2.95832e+24         2.57563e+16    0.00000e+00
    2.96178e+24         2.51256e+16    0.00000e+00
    2.96523e+24         2.44460e+16    0.00000e+00
    2.96868e+24         2.37091e+16    0.00000e+00
    2.97213e+24         2.29044e+16    0.00000e+00
    2.97558e+24         2.20173e+16    0.00000e+00
    2.97904e+24         2.10277e+16    0.00000e+00
    2.98249e+24         1.98947e+16    0.00000e+00
    2.98594e+24         1.85664e+16    0.00000e+00
    2.98939e+24         1.69702e+16    0.00000e+00
    2.99112e+24         1.59576e+16    0.00000e+00
    2.99284e+24         1.47657e+16    0.00000e+00
    2.99457e+24         1.33053e+16    0.00000e+00
    2.99543e+24         1.23491e+16    0.00000e+00
    2.99630e+24         1.11838e+16    0.00000e+00
    2.99673e+24         1.04290e+16    0.00000e+00
    2.99716e+24         9.52999e+15    0.00000e+00
    2.99737e+24         8.96389e+15    0.00000e+00
    2.99759e+24         8.30605e+15    0.00000e+00
    2.99781e+24         7.51788e+15    0.00000e+00
    2.99791e+24         7.02463e+15    0.00000e+00
    2.99802e+24         6.45095e+15    0.00000e+00
    2.99808e+24         6.10634e+15    0.00000e+00
    2.99813e+24         5.71918e+15    0.00000e+00
    2.99818e+24         5.27464e+15    0.00000e+00
    2.99824e+24         4.74868e+15    0.00000e+00
    2.99826e+24         4.42230e+15    0.00000e+00
    2.99829e+24         4.04469e+15    0.00000e+00
    2.99830e+24         3.81830e+15    0.00000e+00
    2.99832e+24         3.56398e+15    0.00000e+00
    2.99833e+24         3.27172e+15    0.00000e+00
    2.99834e+24         3.09808e+15    0.00000e+00
    2.99834e+24         2.90433e+15    0.00000e+00
    2.99835e+24         2.68375e+15    0.00000e+00
    2.99836e+24         2.42528e+15    0.00000e+00
    2.99836e+24         2.26694e+15    0.00000e+00
    2.99837e+24         2.08567e+15    0.00000e+00
    2.99837e+24         1.97858e+15    0.00000e+00
    2.99837e+24         1.85956e+15    0.00000e+00
    2.99837e+24         1.72480e+15    0.00000e+00
    2.99837e+24         1.56814e+15    0.00000e+00
    2.99837e+24         1.47336e+15    0.00000e+00
    2.99837e+24         1.36594e+15    0.00000e+00
    2.99837e+24         1.24090e+15    0.00000e+00
    2.99837e+24         1.16503e+15    0.00000e+00
    2.99838e+24         1.07878e+15    0.00000e+00
    2.99838e+24         9.77845e+14    0.00000e+00
    2.99838e+24         9.15992e+14    0.00000e+00
    2.99838e+24         8.45061e+14    0.00000e+00
    2.99838e+24         7.60722e+14    0.00000e+00
    2.99838e+24         7.07680e+14    0.00000e+00
    2.99838e+24         6.45082e+14    0.00000e+00
    2.99838e+24         6.06195e+14    0.00000e+00
    2.99838e+24         5.61185e+14    0.00000e+00
    2.99838e+24         5.06604e+14    0.00000e+00
    2.99838e+24         4.71344e+14    0.00000e+00
    2.99838e+24         4.29224e+14    0.00000e+00
    2.99838e+24         4.02784e+14    0.00000e+00
    2.99838e+24         3.71853e+14    0.00000e+00
    2.99838e+24         3.53097e+14    0.00000e+00
    2.99838e+24         3.31888e+14    0.00000e+00
    2.99838e+24         3.07358e+14    0.00000e+00
    2.99838e+24         2.78055e+14    0.00000e+00
    2.99838e+24         2.59690e+14    0.00000e+00
    2.99838e+24         2.38384e+14    0.00000e+00
    2.99838e+24         2.25579e+14    0.00000e+00
    2.99838e+24         2.11190e+14    0.00000e+00
    2.99838e+24         1.94692e+14    0.00000e+00
    2.99838e+24         1.84934e+14    0.00000e+00
    2.99838e+24         1.74087e+14    0.00000e+00
    2.99838e+24         1.61819e+14    0.00000e+00
    2.99838e+24         1.47590e+14    0.00000e+00
    2.99838e+24         1.39022e+14    0.00000e+00
    2.99838e+24         1.29355e+14    0.00000e+00
    2.99838e+24         1.18182e+14    0.00000e+00
    2.99838e+24         1.11483e+14    0.00000e+00
    2.99838e+24         1.03951e+14    0.00000e+00
    2.99838e+24         9.52838e+13    0.00000e+00
    2.99838e+24         9.01207e+13    0.00000e+00
    2.99838e+24         8.43443e+13    0.00000e+00
    2.99838e+24         7.77376e+13    0.00000e+00
    2.99838e+24         7.38387e+13    0.00000e+00
    2.99838e+24         6.95093e+13    0.00000e+00
    2.99838e+24         6.46067e+13    0.00000e+00
    2.99838e+24         5.89036e+13    0.00000e+00
    2.99838e+24         5.54461e+13    0.00000e+00
    2.99838e+24         5.15083e+13    0.00000e+00
    2.99838e+24         4.68865e+13    0.00000e+00
    2.99838e+24         4.40397e+13    0.00000e+00
    2.99838e+24         4.07674e+13    0.00000e+00
    2.99838e+24         3.68722e+13    0.00000e+00
    2.99838e+24         3.44278e+13    0.00000e+00
    2.99838e+24         3.15788e+13    0.00000e+00
    2.99838e+24         2.98498e+13    0.00000e+00
    2.99838e+24         2.78899e+13    0.00000e+00
    2.99838e+24         2.56126e+13    0.00000e+00
    2.99838e+24         2.42437e+13    0.00000e+00
    2.99838e+24         2.27033e+13    0.00000e+00
    2.99838e+24         2.09304e+13    0.00000e+00
    2.99838e+24         1.98764e+13    0.00000e+00
    2.99838e+24         1.87002e+13    0.00000e+00
    2.99838e+24         1.73622e+13    0.00000e+00
    2.99838e+24         1.57941e+13    0.00000e+00
    2.99838e+24         1.48333e+13    0.00000e+00
    2.99838e+24         1.37341e+13    0.00000e+00
    2.99838e+24         1.24318e+13    0.00000e+00
    2.99838e+24         1.16205e+13    0.00000e+00
    2.99838e+24         1.06801e+13    0.00000e+00
    2.99838e+24         1.01160e+13    0.00000e+00
    2.99838e+24         9.48170e+12    0.00000e+00
    2.99838e+24         8.75312e+12    0.00000e+00
    2.99838e+24         7.89138e+12    0.00000e+00
    2.99838e+24         7.35620e+12    0.00000e+00
    2.99838e+24         6.73744e+12    0.00000e+00
    2.99838e+24         6.36707e+12    0.00000e+00
    2.99838e+24         5.95154e+12    0.00000e+00
    2.99838e+24         5.47496e+12    0.00000e+00
    2.99838e+24         5.19282e+12    0.00000e+00
    2.99838e+24         4.87892e+12    0.00000e+00
    2.99838e+24         4.52299e+12    0.00000e+00
    2.99838e+24         4.10845e+12    0.00000e+00
    2.99838e+24         3.85705e+12    0.00000e+00
    2.99838e+24         3.57168e+12    0.00000e+00
    2.99838e+24         3.23875e+12    0.00000e+00
    2.99838e+24         3.03623e+12    0.00000e+00
    2.99838e+24         2.80576e+12    0.00000e+00
    2.99838e+24         2.53583e+12    0.00000e+00
    2.99838e+24         2.37058e+12    0.00000e+00
    2.99838e+24         2.18147e+12    0.00000e+00
    2.99838e+24         2.06980e+12    0.00000e+00
    2.99838e+24         1.94575e+12    0.00000e+00
    2.99838e+24         1.80537e+12    0.00000e+00
    2.99838e+24         1.64231e+12    0.00000e+00
    2.99838e+24         1.54376e+12    0.00000e+00
    2.99838e+24         1.43221e+12    0.00000e+00
    2.99838e+24         1.30257e+12    0.00000e+00
    2.99838e+24         1.22415e+12    0.00000e+00
    2.99838e+24         1.13530e+12    0.00000e+00
    2.99838e+24         1.03186e+12    0.00000e+00
    2.99838e+24         9.69084e+11    0.00000e+00
    2.99838e+24         8.97745e+11    0.00000e+00
    2.99838e+24         8.14267e+11    0.00000e+00
    2.99838e+24         7.63206e+11    0.00000e+00
    2.99838e+24         7.04832e+11    0.00000e+00
    2.99838e+24         6.36038e+11    0.00000e+00
    2.99838e+24         5.93521e+11    0.00000e+00
    2.99838e+24         5.44498e+11    0.00000e+00
    2.99838e+24         5.15232e+11    0.00000e+00
    2.99838e+24         4.82427e+11    0.00000e+00
    2.99838e+24         4.44854e+11    0.00000e+00
    2.99838e+24         4.00425e+11    0.00000e+00
    2.99838e+24         3.72708e+11    0.00000e+00
    2.99838e+24         3.40398e+11    0.00000e+00
    2.99838e+24         3.20792e+11    0.00000e+00
    2.99838e+24         2.98516e+11    0.00000e+00
    2.99838e+24         2.72453e+11    0.00000e+00
    2.99838e+24         2.56597e+11    0.00000e+00
    2.99838e+24         2.38563e+11    0.00000e+00
    2.99838e+24         2.17472e+11    0.00000e+00
    2.99838e+24         2.04664e+11    0.00000e+00
    2.99838e+24         1.90122e+11    0.00000e+00
    2.99838e+24         1.73168e+11    0.00000e+00
    2.99838e+24         1.62890e+11    0.00000e+00
    2.99838e+24         1.51247e+11    0.00000e+00
    2.99838e+24         1.37708e+11    0.00000e+00
    2.99838e+24         1.29520e+11    0.00000e+00
    2.99838e+24         1.20252e+11    0.00000e+00
    2.99838e+24         1.09488e+11    0.00000e+00
    2.99838e+24         1.02987e+11    0.00000e+00
    2.99838e+24         9.56345e+10    0.00000e+00
    2.99838e+24         8.71040e+10    0.00000e+00
    2.99838e+24         8.19597e+10    0.00000e+00
    2.99838e+24         7.61475e+10    0.00000e+00
    2.99838e+24         6.94126e+10    0.00000e+00
    2.99838e+24         6.53590e+10    0.00000e+00
    2.99838e+24         6.07864e+10    0.00000e+00
    2.99838e+24         5.54993e+10    0.00000e+00
    2.99838e+24         5.23278e+10    0.00000e+00
    2.99838e+24         4.87600e+10    0.00000e+00
    2.99838e+24         4.46508e+10    0.00000e+00
    2.99838e+24         4.22005e+10    0.00000e+00
    2.99838e+24         3.94573e+10    0.00000e+00
    2.99838e+24         3.63193e+10    0.00000e+00
    2.99838e+24         3.44674e+10    0.00000e+00
    2.99838e+24         3.24112e+10    0.00000e+00
    2.99838e+24         3.00858e+10    0.00000e+00
    2.99838e+24         2.73870e+10    0.00000e+00
    2.99838e+24         2.57585e+10    0.00000e+00
    2.99838e+24         2.39176e+10    0.00000e+00
    2.99838e+24         2.17823e+10    0.00000e+00
    2.99838e+24         2.04951e+10    0.00000e+00
    2.99838e+24         1.90412e+10    0.00000e+00
    2.99838e+24         1.73567e+10    0.00000e+00
    2.99838e+24         1.63431e+10    0.00000e+00
    2.99838e+24         1.51998e+10    0.00000e+00
    2.99838e+24         1.38781e+10    0.00000e+00
    2.99838e+24         1.30853e+10    0.00000e+00
    2.99838e+24         1.21936e+10    0.00000e+00
    2.99838e+24         1.11667e+10    0.00000e+00
    2.99838e+24         1.05545e+10    0.00000e+00
    2.99838e+24         9.86919e+09    0.00000e+00
    2.99838e+24         9.08540e+09    0.00000e+00
    2.99838e+24         8.62297e+09    0.00000e+00
    2.99838e+24         8.10961e+09    0.00000e+00
    2.99838e+24         7.52920e+09    0.00000e+00
    2.99838e+24         6.85586e+09    0.00000e+00
    2.99838e+24         6.44981e+09    0.00000e+00
    2.99838e+24         5.99102e+09    0.00000e+00
    2.99838e+24         5.45928e+09    0.00000e+00
    2.99838e+24         5.13909e+09    0.00000e+00
    2.99838e+24         4.77776e+09    0.00000e+00
    2.99838e+24         4.35971e+09    0.00000e+00
    2.99838e+24         4.10868e+09    0.00000e+00
    2.99838e+24         3.82604e+09    0.00000e+00
    2.99838e+24         3.50009e+09    0.00000e+00
    2.99838e+24         3.30535e+09    0.00000e+00
    2.99838e+24         3.08699e+09    0.00000e+00
    2.99838e+24         2.83664e+09    0.00000e+00
    2.99838e+24         2.68840e+09    0.00000e+00
    2.99838e+24         2.52335e+09    0.00000e+00
    2.99838e+24         2.33602e+09    0.00000e+00
    2.99838e+24         2.11742e+09    0.00000e+00
    2.99838e+24         1.98440e+09    0.00000e+00
    2.99838e+24         1.83294e+09    0.00000e+00
    2.99838e+24         1.65541e+09    0.00000e+00
    2.99838e+24         1.54659e+09    0.00000e+00
    2.99838e+24         1.42192e+09    0.00000e+00
    2.99838e+24         1.34817e+09    0.00000e+00
    2.99838e+24         1.26614e+09    0.00000e+00
    2.99838e+24         1.17313e+09    0.00000e+00
    2.99838e+24         1.06479e+09    0.00000e+00
    2.99838e+24         9.99028e+08    0.00000e+00
    2.99838e+24         9.24330e+08    0.00000e+00
    2.99838e+24         8.37071e+08    0.00000e+00
    2.99838e+24         7.83872e+08    0.00000e+00
    2.99838e+24         7.23206e+08    0.00000e+00
    2.99838e+24         6.51935e+08    0.00000e+00
    2.99838e+24         6.08083e+08    0.00000e+00
    2.99838e+24         5.57677e+08    0.00000e+00
    2.99838e+24         5.27713e+08    0.00000e+00
    2.99838e+24         4.94248e+08    0.00000e+00
    2.99838e+24         4.56099e+08    0.00000e+00
    2.99838e+24         4.11302e+08    0.00000e+00
    2.99838e+24         3.83758e+08    0.00000e+00
    2.99838e+24         3.52119e+08    0.00000e+00
    2.99838e+24         3.33328e+08    0.00000e+00
    2.99838e+24         3.12359e+08    0.00000e+00
    2.99838e+24         2.88481e+08    0.00000e+00
    2.99838e+24         2.60486e+08    0.00000e+00
    2.99838e+24         2.43318e+08    0.00000e+00
    2.99838e+24         2.23642e+08    0.00000e+00
    2.99838e+24         2.11997e+08    0.00000e+00
    2.99838e+24         1.99038e+08    0.00000e+00
    2.99838e+24         1.84335e+08    0.00000e+00
    2.99838e+24         1.67194e+08    0.00000e+00
    2.99838e+24         1.56776e+08    0.00000e+00
    2.99838e+24         1.44928e+08    0.00000e+00
    2.99838e+24         1.31063e+08    0.00000e+00
    2.99838e+24         1.22586e+08    0.00000e+00
    2.99838e+24         1.12896e+08    0.00000e+00
    2.99838e+24         1.07184e+08    0.00000e+00
    2.99838e+24         1.00847e+08    0.00000e+00
    2.99838e+24         9.36878e+07    0.00000e+00
    2.99838e+24         8.53931e+07    0.00000e+00
    2.99838e+24         8.04010e+07    0.00000e+00
    2.99838e+24         7.47696e+07    0.00000e+00
    2.99838e+24         6.82581e+07    0.00000e+00
    2.99838e+24         6.43515e+07    0.00000e+00
    2.99838e+24         5.99562e+07    0.00000e+00
    2.99838e+24         5.48929e+07    0.00000e+00
    2.99838e+24         5.18727e+07    0.00000e+00
    2.99838e+24         4.84905e+07    0.00000e+00
    2.99838e+24         4.46201e+07    0.00000e+00
    2.99838e+24         4.23345e+07    0.00000e+00
    2.99838e+24         3.97956e+07    0.00000e+00
    2.99838e+24         3.69223e+07    0.00000e+00
    2.99838e+24         3.35845e+07    0.00000e+00
    2.99838e+24         3.15674e+07    0.00000e+00
    2.99838e+24         2.92842e+07    0.00000e+00
    2.99838e+24         2.66311e+07    0.00000e+00
    2.99838e+24         2.50271e+07    0.00000e+00
    2.99838e+24         2.32109e+07    0.00000e+00
    2.99838e+24         2.10994e+07    0.00000e+00
    2.99838e+24         1.98217e+07    0.00000e+00
    2.99838e+24         1.83741e+07    0.00000e+00
    2.99838e+24         1.66893e+07    0.00000e+00
    2.99838e+24         1.56682e+07    0.00000e+00
    2.99838e+24         1.45097e+07    0.00000e+00
    2.99838e+24         1.31589e+07    0.00000e+00
    2.99838e+24         1.23377e+07    0.00000e+00
    2.99838e+24         1.14035e+07    0.00000e+00
    2.99838e+24         1.03100e+07    0.00000e+00
    2.99838e+24         9.64114e+06    0.00000e+00
    2.99838e+24         8.87624e+06    0.00000e+00
    2.99838e+24         8.42503e+06    0.00000e+00
    2.99838e+24         7.92420e+06    0.00000e+00
    2.99838e+24         7.35806e+06    0.00000e+00
    2.99838e+24         6.70145e+06    0.00000e+00
    2.99838e+24         6.30566e+06    0.00000e+00
    2.99838e+24         5.85862e+06    0.00000e+00
    2.99838e+24         5.34076e+06    0.00000e+00
    2.99838e+24         5.02918e+06    0.00000e+00
    2.99838e+24         4.67780e+06    0.00000e+00
    2.99838e+24         4.27164e+06    0.00000e+00
    2.99838e+24         4.02811e+06    0.00000e+00
    2.99838e+24         3.75424e+06    0.00000e+00
    2.99838e+24         3.43896e+06    0.00000e+00
    2.99838e+24         3.25109e+06    0.00000e+00
    2.99838e+24         3.04087e+06    0.00000e+00
    2.99838e+24         2.80059e+06    0.00000e+00
    2.99838e+24         2.65896e+06    0.00000e+00
    2.99838e+24         2.50182e+06    0.00000e+00
    2.99838e+24         2.32434e+06    0.00000e+00
    2.99838e+24         2.11871e+06    0.00000e+00
    2.99838e+24         1.99496e+06    0.00000e+00
    2.99838e+24         1.85540e+06    0.00000e+00
    2.99838e+24         1.69404e+06    0.00000e+00
    2.99838e+24         1.59727e+06    0.00000e+00
    2.99838e+24         1.48841e+06    0.00000e+00
    2.99838e+24         1.36304e+06    0.00000e+00
    2.99838e+24         1.28829e+06    0.00000e+00
    2.99838e+24         1.20463e+06    0.00000e+00
    2.99838e+24         1.10893e+06    0.00000e+00
    2.99838e+24         1.05247e+06    0.00000e+00
    2.99838e+24         9.89786e+05    0.00000e+00
    2.99838e+24         9.18913e+05    0.00000e+00
    2.99838e+24         8.36685e+05    0.00000e+00
    2.99838e+24         7.87094e+05    0.00000e+00
    2.99838e+24         7.31056e+05    0.00000e+00
    2.99838e+24         6.66098e+05    0.00000e+00
    2.99838e+24         6.26975e+05    0.00000e+00
    2.99838e+24         5.82817e+05    0.00000e+00
    2.99838e+24         5.31715e+05    0.00000e+00
    2.99838e+24         5.01017e+05    0.00000e+00
    2.99838e+24         4.66441e+05    0.00000e+00
    2.99838e+24         4.26550e+05    0.00000e+00
    2.99838e+24         4.02699e+05    0.00000e+00
    2.99838e+24         3.75939e+05    0.00000e+00
    2.99838e+24         3.45234e+05    0.00000e+00
    2.99838e+24         3.27029e+05    0.00000e+00
    2.99838e+24         3.06741e+05    0.00000e+00
    2.99838e+24         2.83681e+05    0.00000e+00
    2.99838e+24         2.56718e+05    0.00000e+00
    2.99838e+24         2.40257e+05    0.00000e+00
    2.99838e+24         2.21462e+05    0.00000e+00
    2.99838e+24         1.99342e+05    0.00000e+00
    2.99838e+24         1.85692e+05    0.00000e+00
    2.99838e+24         1.69960e+05    0.00000e+00
    2.99838e+24         1.60571e+05    0.00000e+00
    2.99838e+24         1.50051e+05    0.00000e+00
    2.99838e+24         1.38005e+05    0.00000e+00
    2.99838e+24         1.30885e+05    0.00000e+00
    2.99838e+24         1.22969e+05    0.00000e+00
    2.99838e+24         1.14001e+05    0.00000e+00
    2.99838e+24         1.03566e+05    0.00000e+00
    2.99838e+24         9.72444e+04    0.00000e+00
    2.99838e+24         9.00742e+04    0.00000e+00
    2.99838e+24         8.17169e+04    0.00000e+00
    2.99838e+24         7.66399e+04    0.00000e+00
    2.99838e+24         7.08679e+04    0.00000e+00
    2.99838e+24         6.41174e+04    0.00000e+00
    2.99838e+24         5.99940e+04    0.00000e+00
    2.99838e+24         5.52844e+04    0.00000e+00
    2.99838e+24         5.25112e+04    0.00000e+00
    2.99838e+24         4.94375e+04    0.00000e+00
    2.99838e+24         4.59696e+04    0.00000e+00
    2.99838e+24         4.19588e+04    0.00000e+00
    2.99838e+24         3.95517e+04    0.00000e+00
    2.99838e+24         3.68426e+04    0.00000e+00
    2.99838e+24         3.37206e+04    0.00000e+00
    2.99838e+24         3.18571e+04    0.00000e+00
    2.99838e+24         2.97692e+04    0.00000e+00
    2.99838e+24         2.73782e+04    0.00000e+00
    2.99838e+24         2.59648e+04    0.00000e+00
    2.99838e+24         2.43933e+04    0.00000e+00
    2.99838e+24         2.26128e+04    0.00000e+00
    2.99838e+24         2.05408e+04    0.00000e+00
    2.99838e+24         1.92853e+04    0.00000e+00
    2.99838e+24         1.78610e+04    0.00000e+00
    2.99838e+24         1.62005e+04    0.00000e+00
    2.99838e+24         1.51913e+04    0.00000e+00
    2.99838e+24         1.40436e+04    0.00000e+00
    2.99838e+24         1.27007e+04    0.00000e+00
    2.99838e+24         1.18797e+04    0.00000e+00
    2.99838e+24         1.09413e+04    0.00000e+00
    2.99838e+24         1.03881e+04    0.00000e+00
    2.99838e+24         9.77452e+03    0.00000e+00
    2.99838e+24         9.08146e+03    0.00000e+00
    2.99838e+24         8.27857e+03    0.00000e+00
    2.99838e+24         7.79549e+03    0.00000e+00
    2.99838e+24         7.25067e+03    0.00000e+00
    2.99838e+24         6.62091e+03    0.00000e+00
    2.99838e+24         6.24328e+03    0.00000e+00
    2.99838e+24         5.81858e+03    0.00000e+00
    2.99838e+24         5.32962e+03    0.00000e+00
    2.99838e+24         5.03823e+03    0.00000e+00
    2.99838e+24         4.71215e+03    0.00000e+00
    2.99838e+24         4.33939e+03    0.00000e+00
    2.99838e+24         4.11961e+03    0.00000e+00
    2.99838e+24         3.87575e+03    0.00000e+00
    2.99838e+24         3.60024e+03    0.00000e+00
    2.99838e+24         3.28096e+03    0.00000e+00
    2.99838e+24         3.08873e+03    0.00000e+00
    2.99838e+24         2.87183e+03    0.00000e+00
    2.99838e+24         2.62094e+03    0.00000e+00
    2.99838e+24         2.47032e+03    0.00000e+00
    2.99838e+24         2.30078e+03    0.00000e+00
    2.99838e+24         2.10533e+03    0.00000e+00
    2.99838e+24         1.98862e+03    0.00000e+00
    2.99838e+24         1.85780e+03    0.00000e+00
    2.99838e+24         1.70792e+03    0.00000e+00
    2.99838e+24         1.61925e+03    0.00000e+00
    2.99838e+24         1.52060e+03    0.00000e+00
    2.99838e+24         1.40873e+03    0.00000e+00
    2.99838e+24         1.27840e+03    0.00000e+00
    2.99838e+24         1.19926e+03    0.00000e+00
    2.99838e+24         1.10934e+03    0.00000e+00
    2.99838e+24         1.00425e+03    0.00000e+00
    2.99838e+24         9.40130e+02    0.00000e+00
    2.99838e+24         8.66967e+02    0.00000e+00
    2.99838e+24         7.80936e+02    0.00000e+00
    2.99838e+24         7.27920e+02    0.00000e+00
    2.99838e+24         6.66901e+02    0.00000e+00
    2.99838e+24         6.30553e+02    0.00000e+00
    2.99838e+24         5.89893e+02    0.00000e+00
    2.99838e+24         5.43436e+02    0.00000e+00
    2.99838e+24         5.16065e+02    0.00000e+00
    2.99838e+24         4.85715e+02    0.00000e+00
    2.99838e+24         4.51453e+02    0.00000e+00
    2.99838e+24         4.11793e+02    0.00000e+00
    2.99838e+24         3.87960e+02    0.00000e+00
    2.99838e+24         3.61108e+02    0.00000e+00
    2.99838e+24         3.30115e+02    0.00000e+00
    2.99838e+24         3.11572e+02    0.00000e+00
    2.99838e+24         2.90755e+02    0.00000e+00
    2.99838e+24         2.66852e+02    0.00000e+00
    2.99838e+24         2.52663e+02    0.00000e+00
    2.99838e+24         2.36836e+02    0.00000e+00
    2.99838e+24         2.18823e+02    0.00000e+00
    2.99838e+24         1.97723e+02    0.00000e+00
    2.99838e+24         1.84800e+02    0.00000e+00
    2.99838e+24         1.70007e+02    0.00000e+00
    2.99838e+24         1.61268e+02    0.00000e+00
    2.99838e+24         1.51555e+02    0.00000e+00
    2.99838e+24         1.40558e+02    0.00000e+00
    2.99838e+24         1.27773e+02    0.00000e+00
    2.99838e+24         1.20037e+02    0.00000e+00
    2.99838e+24         1.11272e+02    0.00000e+00
    2.99838e+24         1.01071e+02    0.00000e+00
    2.99838e+24         9.48894e+01    0.00000e+00
    2.99838e+24         8.78760e+01    0.00000e+00
    2.99838e+24         7.96985e+01    0.00000e+00
    2.99838e+24         7.47276e+01    0.00000e+00
    2.99838e+24         6.90734e+01    0.00000e+00
    2.99838e+24         6.24556e+01    0.00000e+00
    2.99838e+24         5.84083e+01    0.00000e+00
    2.99838e+24         5.37807e+01    0.00000e+00
    2.99838e+24         5.10516e+01    0.00000e+00
    2.99838e+24         4.80229e+01    0.00000e+00
    2.99838e+24         4.46001e+01    0.00000e+00
    2.99838e+24         4.06319e+01    0.00000e+00
    2.99838e+24         3.82412e+01    0.00000e+00
    2.99838e+24         3.55424e+01    0.00000e+00
    2.99838e+24         3.24181e+01    0.00000e+00
    2.99838e+24         3.05403e+01    0.00000e+00
    2.99838e+24         2.84246e+01    0.00000e+00
    2.99838e+24         2.59821e+01    0.00000e+00
    2.99838e+24         2.45205e+01    0.00000e+00
    2.99838e+24         2.28794e+01    0.00000e+00
    2.99838e+24         2.09945e+01    0.00000e+00
    2.99838e+24         1.98752e+01    0.00000e+00
    2.99838e+24         1.86263e+01    0.00000e+00
    2.99838e+24         1.72043e+01    0.00000e+00
    2.99838e+24         1.55375e+01    0.00000e+00
    2.99838e+24         1.45157e+01    0.00000e+00
    2.99838e+24         1.33450e+01    0.00000e+00
    2.99838e+24         1.26524e+01    0.00000e+00
    2.99838e+24         1.18820e+01    0.00000e+00
    2.99838e+24         1.10084e+01    0.00000e+00
    2.99838e+24         9.99061e+00    0.00000e+00
    2.99838e+24         9.37276e+00    0.00000e+00
    2.99838e+24         8.67078e+00    0.00000e+00
    2.99838e+24         7.85052e+00    0.00000e+00
    2.99838e+24         7.35021e+00    0.00000e+00
    2.99838e+24         6.77948e+00    0.00000e+00
    2.99838e+24         6.10860e+00    0.00000e+00
    2.99838e+24         5.69544e+00    0.00000e+00
    2.99838e+24         5.22016e+00    0.00000e+00
    2.99838e+24         4.93727e+00    0.00000e+00
    2.99838e+24         4.62105e+00    0.00000e+00
    2.99838e+24         4.26006e+00    0.00000e+00
    2.99838e+24         3.83530e+00    0.00000e+00
    2.99838e+24         3.57327e+00    0.00000e+00
    2.99838e+24         3.27141e+00    0.00000e+00
    2.99838e+24         3.09133e+00    0.00000e+00
    2.99838e+24         2.88967e+00    0.00000e+00
    2.99838e+24         2.65888e+00    0.00000e+00
    2.99838e+24         2.52258e+00    0.00000e+00
    2.99838e+24         2.37116e+00    0.00000e+00
    2.99838e+24         2.19978e+00    0.00000e+00
    2.99838e+24         2.00065e+00    0.00000e+00
    2.99838e+24         1.88029e+00    0.00000e+00
    2.99838e+24         1.74402e+00    0.00000e+00
    2.99838e+24         1.58562e+00    0.00000e+00
    2.99838e+24         1.48980e+00    0.00000e+00
    2.99838e+24         1.38127e+00    0.00000e+00
    2.99838e+24         1.25501e+00    0.00000e+00
    2.99838e+24         1.17853e+00    0.00000e+00
    2.99838e+24         1.09182e+00    0.00000e+00
    2.99838e+24         9.90776e-01    0.00000e+00
    2.99838e+24         9.29426e-01    0.00000e+00
    2.99838e+24         8.59709e-01    0.00000e+00
    2.99838e+24         7.78228e-01    0.00000e+00
    2.99838e+24         7.28509e-01    0.00000e+00
    2.99838e+24         6.71772e-01    0.00000e+00
    2.99838e+24         6.05046e-01    0.00000e+00
    2.99838e+24         5.63919e-01    0.00000e+00
    2.99838e+24         5.16575e-01    0.00000e+00
    2.99838e+24         4.88365e-01    0.00000e+00
    2.99838e+24         4.56801e-01    0.00000e+00
    2.99838e+24         4.20725e-01    0.00000e+00
    2.99838e+24         3.99461e-01    0.00000e+00
    2.99838e+24         3.75872e-01    0.00000e+00
    2.99838e+24         3.49230e-01    0.00000e+00
    2.99838e+24         3.18369e-01    0.00000e+00
    2.99838e+24         2.99801e-01    0.00000e+00
    2.99838e+24         2.78863e-01    0.00000e+00
    2.99838e+24         2.54662e-01    0.00000e+00
    2.99838e+24         2.40152e-01    0.00000e+00
    2.99838e+24         2.23836e-01    0.00000e+00
    2.99838e+24         2.05055e-01    0.00000e+00
    2.99838e+24         1.93865e-01    0.00000e+00
    2.99838e+24         1.81346e-01    0.00000e+00
    2.99838e+24         1.67040e-01    0.00000e+00
    2.99838e+24         1.58609e-01    0.00000e+00
    2.99838e+24         1.49257e-01    0.00000e+00
    2.99838e+24         1.38698e-01    0.00000e+00
    2.99838e+24         1.26469e-01    0.00000e+00
    2.99838e+24         1.19115e-01    0.00000e+00
    2.99838e+24         1.10825e-01    0.00000e+00
    2.99838e+24         1.01248e-01    0.00000e+00
    2.99838e+24         9.55108e-02    0.00000e+00
    2.99838e+24         8.90637e-02    0.00000e+00
    2.99838e+24         8.16496e-02    0.00000e+00
    2.99838e+24         7.72387e-02    0.00000e+00
    2.99838e+24         7.23096e-02    0.00000e+00
    2.99838e+24         6.66856e-02    0.00000e+00
    2.99838e+24         6.00731e-02    0.00000e+00
    2.99838e+24         5.59989e-02    0.00000e+00
    2.99838e+24         5.13102e-02    0.00000e+00
    2.99838e+24         4.85179e-02    0.00000e+00
    2.99838e+24         4.53949e-02    0.00000e+00
    2.99838e+24         4.18274e-02    0.00000e+00
    2.99838e+24         3.97264e-02    0.00000e+00
    2.99838e+24         3.73974e-02    0.00000e+00
    2.99838e+24         3.47691e-02    0.00000e+00
    2.99838e+24         3.17285e-02    0.00000e+00
    2.99838e+24         2.99029e-02    0.00000e+00
    2.99838e+24         2.78476e-02    0.00000e+00
    2.99838e+24         2.54776e-02    0.00000e+00
    2.99838e+24         2.40619e-02    0.00000e+00
    2.99838e+24         2.24747e-02    0.00000e+00
    2.99838e+24         2.06555e-02    0.00000e+00
    2.99838e+24         1.95785e-02    0.00000e+00
    2.99838e+24         1.83799e-02    0.00000e+00
    2.99838e+24         1.70198e-02    0.00000e+00
    2.99838e+24         1.54336e-02    0.00000e+00
    2.99838e+24         1.44692e-02    0.00000e+00
    2.99838e+24         1.33719e-02    0.00000e+00
    2.99838e+24         1.20870e-02    0.00000e+00
    2.99838e+24         1.13008e-02    0.00000e+00
    2.99838e+24         1.04013e-02    0.00000e+00
    2.99838e+24         9.87048e-03    0.00000e+00
    2.99838e+24         9.28097e-03    0.00000e+00
    2.99838e+24         8.61420e-03    0.00000e+00
    2.99838e+24         7.84021e-03    0.00000e+00
    2.99838e+24         7.37304e-03    0.00000e+00
    2.99838e+24         6.84478e-03    0.00000e+00
    2.99838e+24         6.23185e-03    0.00000e+00
    2.99838e+24         5.86213e-03    0.00000e+00
    2.99838e+24         5.44430e-03    0.00000e+00
    2.99838e+24         4.95988e-03    0.00000e+00
    2.99838e+24         4.66805e-03    0.00000e+00
    2.99838e+24         4.33859e-03    0.00000e+00
    2.99838e+24         3.95720e-03    0.00000e+00
    2.99838e+24         3.72797e-03    0.00000e+00
    2.99838e+24         3.46968e-03    0.00000e+00
    2.99838e+24         3.17151e-03    0.00000e+00
    2.99838e+24         2.99308e-03    0.00000e+00
    2.99838e+24         2.79273e-03    0.00000e+00
    2.99838e+24         2.56261e-03    0.00000e+00
    2.99838e+24         2.42596e-03    0.00000e+00
    2.99838e+24         2.27347e-03    0.00000e+00
    2.99838e+24         2.09985e-03    0.00000e+00
    2.99838e+24         1.89633e-03    0.00000e+00
    2.99838e+24         1.77156e-03    0.00000e+00
    2.99838e+24         1.62859e-03    0.00000e+00
    2.99838e+24         1.54400e-03    0.00000e+00
    2.99838e+24         1.44989e-03    0.00000e+00
    2.99838e+24         1.34317e-03    0.00000e+00
    2.99838e+24         1.21881e-03    0.00000e+00
    2.99838e+24         1.14330e-03    0.00000e+00
    2.99838e+24         1.05748e-03    0.00000e+00
    2.99838e+24         9.57172e-04    0.00000e+00
    2.99838e+24         8.95953e-04    0.00000e+00
    2.99838e+24         8.26082e-04    0.00000e+00
    2.99838e+24         7.43893e-04    0.00000e+00
    2.99838e+24         6.93215e-04    0.00000e+00
    2.99838e+24         6.34857e-04    0.00000e+00
    2.99838e+24         6.00068e-04    0.00000e+00
    2.99838e+24         5.61127e-04    0.00000e+00
    2.99838e+24         5.16594e-04    0.00000e+00
    2.99838e+24         4.90323e-04    0.00000e+00
    2.99838e+24         4.61161e-04    0.00000e+00
    2.99838e+24         4.28195e-04    0.00000e+00
    2.99838e+24         3.89957e-04    0.00000e+00
    2.99838e+24         3.66905e-04    0.00000e+00
    2.99838e+24         3.40866e-04    0.00000e+00
    2.99838e+24         3.10695e-04    0.00000e+00
    2.99838e+24         2.92538e-04    0.00000e+00
    2.99838e+24         2.72057e-04    0.00000e+00
    2.99838e+24         2.48377e-04    0.00000e+00
    2.99838e+24         2.34171e-04    0.00000e+00
    2.99838e+24         2.18190e-04    0.00000e+00
    2.99838e+24         1.99781e-04    0.00000e+00
    2.99838e+24         1.88803e-04    0.00000e+00
    2.99838e+24         1.76510e-04    0.00000e+00
    2.99838e+24         1.62446e-04    0.00000e+00
    2.99838e+24         1.54143e-04    0.00000e+00
    2.99838e+24         1.44923e-04    0.00000e+00
    2.99838e+24         1.34491e-04    0.00000e+00
    2.99838e+24         1.22378e-04    0.00000e+00
    2.99838e+24         1.15064e-04    0.00000e+00
    2.99838e+24         1.06790e-04    0.00000e+00
    2.99838e+24         9.71839e-05    0.00000e+00
    2.99838e+24         9.13846e-05    0.00000e+00
    2.99838e+24         8.48258e-05    0.00000e+00
    2.99838e+24         7.72137e-05    0.00000e+00
    2.99838e+24         7.26201e-05    0.00000e+00
    2.99838e+24         6.74271e-05    0.00000e+00
    2.99838e+24         6.14034e-05    0.00000e+00
    2.99838e+24         5.77716e-05    0.00000e+00
    2.99838e+24         5.36688e-05    0.00000e+00
    2.99838e+24         4.89148e-05    0.00000e+00
    2.99838e+24         4.60533e-05    0.00000e+00
    2.99838e+24         4.28252e-05    0.00000e+00
    2.99838e+24         3.90920e-05    0.00000e+00
    2.99838e+24         3.68519e-05    0.00000e+00
    2.99838e+24         3.43312e-05    0.00000e+00
    2.99838e+24         3.14267e-05    0.00000e+00
    2.99838e+24         2.96936e-05    0.00000e+00
    2.99838e+24         2.77524e-05    0.00000e+00
    2.99838e+24         2.55300e-05    0.00000e+00
    2.99838e+24         2.42169e-05    0.00000e+00


