Evolution of the BH masses and spins as functions of time.
Total number of time iterations: 957

              t                   M              a
    1.23833e-21         1.00000e+17    2.00000e-01
    2.47665e-21         1.00000e+17    2.00000e-01
    4.95331e-21         1.00000e+17    2.00000e-01
    9.90662e-21         1.00000e+17    2.00000e-01
    1.98132e-20         1.00000e+17    2.00000e-01
    3.96265e-20         1.00000e+17    2.00000e-01
    7.92530e-20         1.00000e+17    2.00000e-01
    1.58506e-19         1.00000e+17    2.00000e-01
    3.17012e-19         1.00000e+17    2.00000e-01
    6.34024e-19         1.00000e+17    2.00000e-01
    1.26805e-18         1.00000e+17    2.00000e-01
    2.53609e-18         1.00000e+17    2.00000e-01
    5.07219e-18         1.00000e+17    2.00000e-01
    1.01444e-17         1.00000e+17    2.00000e-01
    2.02888e-17         1.00000e+17    2.00000e-01
    4.05775e-17         1.00000e+17    2.00000e-01
    8.11550e-17         1.00000e+17    2.00000e-01
    1.62310e-16         1.00000e+17    2.00000e-01
    3.24620e-16         1.00000e+17    2.00000e-01
    6.49240e-16         1.00000e+17    2.00000e-01
    1.29848e-15         1.00000e+17    2.00000e-01
    2.59696e-15         1.00000e+17    2.00000e-01
    5.19392e-15         1.00000e+17    2.00000e-01
    1.03878e-14         1.00000e+17    2.00000e-01
    2.07757e-14         1.00000e+17    2.00000e-01
    4.15514e-14         1.00000e+17    2.00000e-01
    8.31027e-14         1.00000e+17    2.00000e-01
    1.66205e-13         1.00000e+17    2.00000e-01
    3.32411e-13         1.00000e+17    2.00000e-01
    6.64822e-13         1.00000e+17    2.00000e-01
    1.32964e-12         1.00000e+17    2.00000e-01
    2.65929e-12         1.00000e+17    2.00000e-01
    5.31858e-12         1.00000e+17    2.00000e-01
    1.06372e-11         1.00000e+17    2.00000e-01
    2.12743e-11         1.00000e+17    2.00000e-01
    4.25486e-11         1.00000e+17    2.00000e-01
    8.50972e-11         1.00000e+17    2.00000e-01
    1.70194e-10         1.00000e+17    2.00000e-01
    3.40389e-10         1.00000e+17    2.00000e-01
    6.80778e-10         1.00000e+17    2.00000e-01
    1.36156e-09         1.00000e+17    2.00000e-01
    2.72311e-09         1.00000e+17    2.00000e-01
    5.44622e-09         1.00000e+17    2.00000e-01
    1.08924e-08         1.00000e+17    2.00000e-01
    2.17849e-08         1.00000e+17    2.00000e-01
    4.35698e-08         1.00000e+17    2.00000e-01
    8.71395e-08         1.00000e+17    2.00000e-01
    1.74279e-07         1.00000e+17    2.00000e-01
    3.48558e-07         1.00000e+17    2.00000e-01
    6.97116e-07         1.00000e+17    2.00000e-01
    1.39423e-06         1.00000e+17    2.00000e-01
    2.78847e-06         1.00000e+17    2.00000e-01
    5.57693e-06         1.00000e+17    2.00000e-01
    1.11539e-05         1.00000e+17    2.00000e-01
    2.23077e-05         1.00000e+17    2.00000e-01
    4.46154e-05         1.00000e+17    2.00000e-01
    8.92309e-05         1.00000e+17    2.00000e-01
    1.78462e-04         1.00000e+17    2.00000e-01
    3.56924e-04         1.00000e+17    2.00000e-01
    7.13847e-04         1.00000e+17    2.00000e-01
    1.42769e-03         1.00000e+17    2.00000e-01
    2.85539e-03         1.00000e+17    2.00000e-01
    5.71078e-03         1.00000e+17    2.00000e-01
    1.14216e-02         1.00000e+17    2.00000e-01
    2.28431e-02         1.00000e+17    2.00000e-01
    4.56862e-02         1.00000e+17    2.00000e-01
    9.13724e-02         1.00000e+17    2.00000e-01
    1.82745e-01         1.00000e+17    2.00000e-01
    3.65490e-01         1.00000e+17    2.00000e-01
    7.30979e-01         1.00000e+17    2.00000e-01
    1.46196e+00         1.00000e+17    2.00000e-01
    2.92392e+00         1.00000e+17    2.00000e-01
    5.84784e+00         1.00000e+17    2.00000e-01
    1.16957e+01         1.00000e+17    2.00000e-01
    2.33913e+01         1.00000e+17    2.00000e-01
    4.67827e+01         1.00000e+17    2.00000e-01
    9.35654e+01         1.00000e+17    2.00000e-01
    1.87131e+02         1.00000e+17    2.00000e-01
    3.74261e+02         1.00000e+17    2.00000e-01
    7.48523e+02         1.00000e+17    2.00000e-01
    1.49705e+03         1.00000e+17    2.00000e-01
    2.99409e+03         1.00000e+17    2.00000e-01
    5.98818e+03         1.00000e+17    2.00000e-01
    1.19764e+04         1.00000e+17    2.00000e-01
    2.39527e+04         1.00000e+17    2.00000e-01
    4.79055e+04         1.00000e+17    2.00000e-01
    9.58109e+04         1.00000e+17    2.00000e-01
    1.91622e+05         1.00000e+17    2.00000e-01
    3.83244e+05         1.00000e+17    2.00000e-01
    7.66488e+05         1.00000e+17    2.00000e-01
    1.53298e+06         1.00000e+17    2.00000e-01
    3.06595e+06         1.00000e+17    2.00000e-01
    6.13190e+06         1.00000e+17    2.00000e-01
    1.22638e+07         1.00000e+17    2.00000e-01
    2.45276e+07         1.00000e+17    2.00000e-01
    4.90552e+07         1.00000e+17    2.00000e-01
    9.81104e+07         1.00000e+17    2.00000e-01
    1.96221e+08         1.00000e+17    2.00000e-01
    3.92442e+08         1.00000e+17    2.00000e-01
    7.84883e+08         1.00000e+17    2.00000e-01
    1.56977e+09         1.00000e+17    2.00000e-01
    3.13953e+09         1.00000e+17    2.00000e-01
    6.27907e+09         1.00000e+17    2.00000e-01
    1.25581e+10         1.00000e+17    2.00000e-01
    2.51163e+10         1.00000e+17    2.00000e-01
    5.02325e+10         1.00000e+17    2.00000e-01
    1.00465e+11         1.00000e+17    2.00000e-01
    2.00930e+11         1.00000e+17    2.00000e-01
    4.01860e+11         1.00000e+17    2.00000e-01
    8.03720e+11         1.00000e+17    2.00000e-01
    1.60744e+12         1.00000e+17    2.00000e-01
    3.21488e+12         1.00000e+17    2.00000e-01
    6.42976e+12         1.00000e+17    2.00000e-01
    1.28595e+13         1.00000e+17    2.00000e-01
    2.57191e+13         1.00000e+17    2.00000e-01
    5.14381e+13         1.00000e+17    2.00000e-01
    1.02876e+14         1.00000e+17    2.00000e-01
    2.05752e+14         1.00000e+17    2.00000e-01
    4.11505e+14         1.00000e+17    2.00000e-01
    8.23010e+14         1.00000e+17    2.00000e-01
    1.64602e+15         1.00000e+17    2.00000e-01
    3.29204e+15         1.00000e+17    2.00000e-01
    6.58408e+15         1.00000e+17    2.00000e-01
    1.31682e+16         1.00000e+17    2.00000e-01
    2.63363e+16         1.00000e+17    2.00000e-01
    5.26726e+16         1.00000e+17    2.00000e-01
    1.05345e+17         1.00000e+17    2.00000e-01
    2.10690e+17         1.00000e+17    2.00000e-01
    4.21381e+17         1.00000e+17    2.00000e-01
    8.42762e+17         1.00000e+17    2.00000e-01
    1.68552e+18         1.00000e+17    2.00000e-01
    3.37105e+18         1.00000e+17    2.00000e-01
    6.74210e+18         9.99999e+16    1.99999e-01
    1.34842e+19         9.99999e+16    1.99999e-01
    2.69684e+19         9.99998e+16    1.99998e-01
    5.39368e+19         9.99996e+16    1.99995e-01
    1.07874e+20         9.99992e+16    1.99990e-01
    2.15747e+20         9.99983e+16    1.99980e-01
    4.31494e+20         9.99966e+16    1.99960e-01
    8.62988e+20         9.99932e+16    1.99921e-01
    1.72598e+21         9.99864e+16    1.99841e-01
    3.45195e+21         9.99728e+16    1.99683e-01
    6.90391e+21         9.99456e+16    1.99365e-01
    1.38078e+22         9.98913e+16    1.98731e-01
    2.76156e+22         9.97824e+16    1.97465e-01
    5.52312e+22         9.95645e+16    1.94941e-01
    8.28469e+22         9.93460e+16    1.92433e-01
    1.10462e+23         9.91269e+16    1.89942e-01
    1.38078e+23         9.89072e+16    1.87466e-01
    1.65694e+23         9.86870e+16    1.85007e-01
    1.93309e+23         9.84661e+16    1.82564e-01
    2.20925e+23         9.82446e+16    1.80137e-01
    2.48541e+23         9.80225e+16    1.77727e-01
    2.76156e+23         9.77997e+16    1.75332e-01
    3.03772e+23         9.75763e+16    1.72954e-01
    3.31387e+23         9.73523e+16    1.70592e-01
    3.59003e+23         9.71274e+16    1.68247e-01
    3.86619e+23         9.69017e+16    1.65917e-01
    4.14234e+23         9.66751e+16    1.63604e-01
    4.41850e+23         9.64477e+16    1.61308e-01
    4.69466e+23         9.62210e+16    1.59041e-01
    4.97081e+23         9.59932e+16    1.56789e-01
    5.24697e+23         9.57644e+16    1.54551e-01
    5.52312e+23         9.55346e+16    1.52329e-01
    5.79928e+23         9.53037e+16    1.50121e-01
    6.07544e+23         9.50718e+16    1.47928e-01
    6.35159e+23         9.48388e+16    1.45750e-01
    6.62775e+23         9.46046e+16    1.43586e-01
    6.90391e+23         9.43693e+16    1.41438e-01
    7.18006e+23         9.41329e+16    1.39305e-01
    7.45622e+23         9.38954e+16    1.37186e-01
    7.73237e+23         9.36566e+16    1.35083e-01
    8.00853e+23         9.34166e+16    1.32995e-01
    8.28469e+23         9.31754e+16    1.30923e-01
    8.56084e+23         9.29329e+16    1.28869e-01
    8.83700e+23         9.26893e+16    1.26831e-01
    9.11316e+23         9.24443e+16    1.24809e-01
    9.38931e+23         9.21981e+16    1.22804e-01
    9.66547e+23         9.19506e+16    1.20815e-01
    9.94162e+23         9.17018e+16    1.18843e-01
    1.02178e+24         9.14516e+16    1.16887e-01
    1.04939e+24         9.12000e+16    1.14948e-01
    1.07701e+24         9.09471e+16    1.13025e-01
    1.10462e+24         9.06927e+16    1.11118e-01
    1.13224e+24         9.04369e+16    1.09228e-01
    1.15986e+24         9.01796e+16    1.07353e-01
    1.18747e+24         8.99208e+16    1.05495e-01
    1.21509e+24         8.96605e+16    1.03654e-01
    1.24270e+24         8.93987e+16    1.01828e-01
    1.27032e+24         8.91353e+16    1.00018e-01
    1.29793e+24         8.88702e+16    9.82247e-02
    1.32555e+24         8.86034e+16    9.64458e-02
    1.35317e+24         8.83348e+16    9.46813e-02
    1.38078e+24         8.80643e+16    9.29312e-02
    1.40840e+24         8.77920e+16    9.11957e-02
    1.43601e+24         8.75177e+16    8.94747e-02
    1.46363e+24         8.72416e+16    8.77683e-02
    1.49124e+24         8.69634e+16    8.60766e-02
    1.51886e+24         8.66833e+16    8.43995e-02
    1.54647e+24         8.64011e+16    8.27377e-02
    1.57409e+24         8.61169e+16    8.10911e-02
    1.60171e+24         8.58308e+16    7.94597e-02
    1.62932e+24         8.55426e+16    7.78437e-02
    1.65694e+24         8.52523e+16    7.62430e-02
    1.68455e+24         8.49598e+16    7.46576e-02
    1.71217e+24         8.46652e+16    7.30877e-02
    1.73978e+24         8.43684e+16    7.15331e-02
    1.76740e+24         8.40693e+16    6.99941e-02
    1.79502e+24         8.37679e+16    6.84706e-02
    1.82263e+24         8.34641e+16    6.69627e-02
    1.85025e+24         8.31580e+16    6.54703e-02
    1.87786e+24         8.28494e+16    6.39936e-02
    1.90548e+24         8.25383e+16    6.25325e-02
    1.93309e+24         8.22246e+16    6.10871e-02
    1.96071e+24         8.19084e+16    5.96575e-02
    1.98832e+24         8.15894e+16    5.82436e-02
    2.01594e+24         8.12678e+16    5.68456e-02
    2.04356e+24         8.09433e+16    5.54634e-02
    2.07117e+24         8.06160e+16    5.40971e-02
    2.09879e+24         8.02858e+16    5.27467e-02
    2.12640e+24         7.99526e+16    5.14123e-02
    2.15402e+24         7.96163e+16    5.00939e-02
    2.18163e+24         7.92768e+16    4.87915e-02
    2.20925e+24         7.89340e+16    4.75051e-02
    2.23687e+24         7.85878e+16    4.62348e-02
    2.26448e+24         7.82382e+16    4.49805e-02
    2.29210e+24         7.78850e+16    4.37424e-02
    2.31971e+24         7.75282e+16    4.25204e-02
    2.34733e+24         7.71676e+16    4.13143e-02
    2.37494e+24         7.68032e+16    4.01242e-02
    2.40256e+24         7.64347e+16    3.89503e-02
    2.43017e+24         7.60622e+16    3.77924e-02
    2.45779e+24         7.56856e+16    3.66507e-02
    2.48541e+24         7.53046e+16    3.55252e-02
    2.51302e+24         7.49192e+16    3.44160e-02
    2.54064e+24         7.45292e+16    3.33231e-02
    2.56825e+24         7.41346e+16    3.22466e-02
    2.59587e+24         7.37352e+16    3.11865e-02
    2.62348e+24         7.33308e+16    3.01429e-02
    2.65110e+24         7.29213e+16    2.91158e-02
    2.67872e+24         7.25065e+16    2.81053e-02
    2.70633e+24         7.20863e+16    2.71114e-02
    2.73395e+24         7.16605e+16    2.61342e-02
    2.76156e+24         7.12289e+16    2.51738e-02
    2.78918e+24         7.07913e+16    2.42301e-02
    2.81679e+24         7.03474e+16    2.33033e-02
    2.84441e+24         6.98972e+16    2.23934e-02
    2.87202e+24         6.94403e+16    2.15005e-02
    2.89964e+24         6.89768e+16    2.06249e-02
    2.92726e+24         6.85063e+16    1.97665e-02
    2.95487e+24         6.80285e+16    1.89253e-02
    2.98249e+24         6.75432e+16    1.81015e-02
    3.01010e+24         6.70502e+16    1.72951e-02
    3.03772e+24         6.65491e+16    1.65062e-02
    3.06533e+24         6.60395e+16    1.57348e-02
    3.09295e+24         6.55211e+16    1.49809e-02
    3.12057e+24         6.49937e+16    1.42447e-02
    3.14818e+24         6.44567e+16    1.35262e-02
    3.17580e+24         6.39097e+16    1.28254e-02
    3.20341e+24         6.33523e+16    1.21425e-02
    3.23103e+24         6.27839e+16    1.14775e-02
    3.25864e+24         6.22043e+16    1.08304e-02
    3.28626e+24         6.16130e+16    1.02016e-02
    3.31387e+24         6.10094e+16    9.59092e-03
    3.34149e+24         6.03929e+16    8.99852e-03
    3.36911e+24         5.97627e+16    8.42445e-03
    3.39672e+24         5.91181e+16    7.86877e-03
    3.42434e+24         5.84583e+16    7.33153e-03
    3.45195e+24         5.77824e+16    6.81281e-03
    3.47957e+24         5.70894e+16    6.31263e-03
    3.50718e+24         5.63782e+16    5.83106e-03
    3.53480e+24         5.56474e+16    5.36792e-03
    3.56242e+24         5.48957e+16    4.92318e-03
    3.59003e+24         5.41214e+16    4.49696e-03
    3.61765e+24         5.33230e+16    4.08939e-03
    3.64526e+24         5.24985e+16    3.70056e-03
    3.67288e+24         5.16457e+16    3.33062e-03
    3.68669e+24         5.12039e+16    3.15515e-03
    3.70049e+24         5.07539e+16    2.98429e-03
    3.71430e+24         5.02951e+16    2.81792e-03
    3.72811e+24         4.98270e+16    2.65605e-03
    3.74192e+24         4.93491e+16    2.49870e-03
    3.75572e+24         4.88609e+16    2.34591e-03
    3.76953e+24         4.83620e+16    2.19769e-03
    3.78334e+24         4.78517e+16    2.05408e-03
    3.79715e+24         4.73293e+16    1.91509e-03
    3.81096e+24         4.67942e+16    1.78077e-03
    3.82476e+24         4.62456e+16    1.65112e-03
    3.83857e+24         4.56826e+16    1.52616e-03
    3.85238e+24         4.51039e+16    1.40587e-03
    3.86619e+24         4.45081e+16    1.29022e-03
    3.88000e+24         4.38938e+16    1.17926e-03
    3.89380e+24         4.32597e+16    1.07303e-03
    3.90761e+24         4.26042e+16    0.00000e+00
    3.92142e+24         4.19256e+16    0.00000e+00
    3.93523e+24         4.12218e+16    0.00000e+00
    3.94903e+24         4.04904e+16    0.00000e+00
    3.96284e+24         3.97280e+16    0.00000e+00
    3.97665e+24         3.89314e+16    0.00000e+00
    3.99046e+24         3.80969e+16    0.00000e+00
    4.00427e+24         3.72198e+16    0.00000e+00
    4.01807e+24         3.62948e+16    0.00000e+00
    4.03188e+24         3.53085e+16    0.00000e+00
    4.04569e+24         3.42513e+16    0.00000e+00
    4.05950e+24         3.31105e+16    0.00000e+00
    4.07330e+24         3.18677e+16    0.00000e+00
    4.08711e+24         3.04951e+16    0.00000e+00
    4.10092e+24         2.89587e+16    0.00000e+00
    4.11473e+24         2.71767e+16    0.00000e+00
    4.12854e+24         2.50377e+16    0.00000e+00
    4.13544e+24         2.36644e+16    0.00000e+00
    4.14234e+24         2.20463e+16    0.00000e+00
    4.14925e+24         2.00741e+16    0.00000e+00
    4.15270e+24         1.87791e+16    0.00000e+00
    4.15615e+24         1.72297e+16    0.00000e+00
    4.15788e+24         1.62577e+16    0.00000e+00
    4.15960e+24         1.51228e+16    0.00000e+00
    4.16133e+24         1.37501e+16    0.00000e+00
    4.16219e+24         1.28715e+16    0.00000e+00
    4.16306e+24         1.18302e+16    0.00000e+00
    4.16349e+24         1.11769e+16    0.00000e+00
    4.16392e+24         1.04210e+16    0.00000e+00
    4.16435e+24         9.52013e+15    0.00000e+00
    4.16457e+24         8.95255e+15    0.00000e+00
    4.16478e+24         8.29270e+15    0.00000e+00
    4.16500e+24         7.50164e+15    0.00000e+00
    4.16510e+24         7.00600e+15    0.00000e+00
    4.16521e+24         6.42894e+15    0.00000e+00
    4.16527e+24         6.08181e+15    0.00000e+00
    4.16532e+24         5.69135e+15    0.00000e+00
    4.16537e+24         5.24221e+15    0.00000e+00
    4.16540e+24         4.97587e+15    0.00000e+00
    4.16543e+24         4.67936e+15    0.00000e+00
    4.16546e+24         4.34298e+15    0.00000e+00
    4.16548e+24         3.95120e+15    0.00000e+00
    4.16550e+24         3.71386e+15    0.00000e+00
    4.16551e+24         3.44490e+15    0.00000e+00
    4.16552e+24         3.13191e+15    0.00000e+00
    4.16553e+24         2.94234e+15    0.00000e+00
    4.16554e+24         2.72745e+15    0.00000e+00
    4.16554e+24         2.47722e+15    0.00000e+00
    4.16555e+24         2.32547e+15    0.00000e+00
    4.16555e+24         2.15322e+15    0.00000e+00
    4.16555e+24         1.95227e+15    0.00000e+00
    4.16555e+24         1.83002e+15    0.00000e+00
    4.16556e+24         1.69087e+15    0.00000e+00
    4.16556e+24         1.52786e+15    0.00000e+00
    4.16556e+24         1.42799e+15    0.00000e+00
    4.16556e+24         1.31362e+15    0.00000e+00
    4.16556e+24         1.24599e+15    0.00000e+00
    4.16556e+24         1.17076e+15    0.00000e+00
    4.16556e+24         1.08536e+15    0.00000e+00
    4.16556e+24         9.85673e+14    0.00000e+00
    4.16556e+24         9.24847e+14    0.00000e+00
    4.16556e+24         8.55334e+14    0.00000e+00
    4.16556e+24         7.73150e+14    0.00000e+00
    4.16556e+24         7.21955e+14    0.00000e+00
    4.16556e+24         6.62218e+14    0.00000e+00
    4.16556e+24         6.25677e+14    0.00000e+00
    4.16556e+24         5.83884e+14    0.00000e+00
    4.16556e+24         5.34474e+14    0.00000e+00
    4.16556e+24         5.03655e+14    0.00000e+00
    4.16556e+24         4.67878e+14    0.00000e+00
    4.16556e+24         4.24994e+14    0.00000e+00
    4.16556e+24         3.97895e+14    0.00000e+00
    4.16556e+24         3.66028e+14    0.00000e+00
    4.16556e+24         3.46552e+14    0.00000e+00
    4.16556e+24         3.24386e+14    0.00000e+00
    4.16556e+24         2.98515e+14    0.00000e+00
    4.16556e+24         2.82850e+14    0.00000e+00
    4.16556e+24         2.65158e+14    0.00000e+00
    4.16556e+24         2.44793e+14    0.00000e+00
    4.16556e+24         2.20598e+14    0.00000e+00
    4.16556e+24         2.05527e+14    0.00000e+00
    4.16556e+24         1.88074e+14    0.00000e+00
    4.16556e+24         1.77594e+14    0.00000e+00
    4.16556e+24         1.65814e+14    0.00000e+00
    4.16556e+24         1.52270e+14    0.00000e+00
    4.16556e+24         1.44225e+14    0.00000e+00
    4.16556e+24         1.35249e+14    0.00000e+00
    4.16556e+24         1.25032e+14    0.00000e+00
    4.16556e+24         1.13068e+14    0.00000e+00
    4.16556e+24         1.05747e+14    0.00000e+00
    4.16556e+24         9.73725e+13    0.00000e+00
    4.16556e+24         9.24302e+13    0.00000e+00
    4.16556e+24         8.69408e+13    0.00000e+00
    4.16556e+24         8.07283e+13    0.00000e+00
    4.16556e+24         7.35076e+13    0.00000e+00
    4.16556e+24         6.91383e+13    0.00000e+00
    4.16556e+24         6.41812e+13    0.00000e+00
    4.16556e+24         5.83989e+13    0.00000e+00
    4.16556e+24         5.48782e+13    0.00000e+00
    4.16556e+24         5.08522e+13    0.00000e+00
    4.16556e+24         4.60966e+13    0.00000e+00
    4.16556e+24         4.31398e+13    0.00000e+00
    4.16556e+24         3.97147e+13    0.00000e+00
    4.16556e+24         3.76474e+13    0.00000e+00
    4.16556e+24         3.53145e+13    0.00000e+00
    4.16556e+24         3.26224e+13    0.00000e+00
    4.16556e+24         2.94068e+13    0.00000e+00
    4.16556e+24         2.73809e+13    0.00000e+00
    4.16556e+24         2.50108e+13    0.00000e+00
    4.16556e+24         2.35700e+13    0.00000e+00
    4.16556e+24         2.19336e+13    0.00000e+00
    4.16556e+24         2.00254e+13    0.00000e+00
    4.16556e+24         1.88677e+13    0.00000e+00
    4.16556e+24         1.75546e+13    0.00000e+00
    4.16556e+24         1.60232e+13    0.00000e+00
    4.16556e+24         1.50918e+13    0.00000e+00
    4.16556e+24         1.40325e+13    0.00000e+00
    4.16556e+24         1.27903e+13    0.00000e+00
    4.16556e+24         1.20284e+13    0.00000e+00
    4.16556e+24         1.11558e+13    0.00000e+00
    4.16556e+24         1.01288e+13    0.00000e+00
    4.16556e+24         9.49623e+12    0.00000e+00
    4.16556e+24         8.76999e+12    0.00000e+00
    4.16556e+24         7.91173e+12    0.00000e+00
    4.16556e+24         7.37941e+12    0.00000e+00
    4.16556e+24         6.76466e+12    0.00000e+00
    4.16556e+24         6.39731e+12    0.00000e+00
    4.16556e+24         5.98577e+12    0.00000e+00
    4.16556e+24         5.51471e+12    0.00000e+00
    4.16556e+24         5.23667e+12    0.00000e+00
    4.16556e+24         4.92804e+12    0.00000e+00
    4.16556e+24         4.57922e+12    0.00000e+00
    4.16556e+24         4.17483e+12    0.00000e+00
    4.16556e+24         3.93139e+12    0.00000e+00
    4.16556e+24         3.65675e+12    0.00000e+00
    4.16556e+24         3.33917e+12    0.00000e+00
    4.16556e+24         3.14866e+12    0.00000e+00
    4.16556e+24         2.93438e+12    0.00000e+00
    4.16556e+24         2.68761e+12    0.00000e+00
    4.16556e+24         2.54050e+12    0.00000e+00
    4.16556e+24         2.37586e+12    0.00000e+00
    4.16556e+24         2.18759e+12    0.00000e+00
    4.16556e+24         2.07655e+12    0.00000e+00
    4.16556e+24         1.95330e+12    0.00000e+00
    4.16556e+24         1.81401e+12    0.00000e+00
    4.16556e+24         1.65250e+12    0.00000e+00
    4.16556e+24         1.55516e+12    0.00000e+00
    4.16556e+24         1.44525e+12    0.00000e+00
    4.16556e+24         1.31794e+12    0.00000e+00
    4.16556e+24         1.24135e+12    0.00000e+00
    4.16556e+24         1.15495e+12    0.00000e+00
    4.16556e+24         1.05505e+12    0.00000e+00
    4.16556e+24         9.95050e+11    0.00000e+00
    4.16556e+24         9.27452e+11    0.00000e+00
    4.16556e+24         8.49400e+11    0.00000e+00
    4.16556e+24         8.02615e+11    0.00000e+00
    4.16556e+24         7.50009e+11    0.00000e+00
    4.16556e+24         6.89493e+11    0.00000e+00
    4.16556e+24         6.53500e+11    0.00000e+00
    4.16556e+24         6.13294e+11    0.00000e+00
    4.16556e+24         5.67465e+11    0.00000e+00
    4.16556e+24         5.13707e+11    0.00000e+00
    4.16556e+24         4.80702e+11    0.00000e+00
    4.16556e+24         4.42850e+11    0.00000e+00
    4.16556e+24         4.20423e+11    0.00000e+00
    4.16556e+24         3.95410e+11    0.00000e+00
    4.16556e+24         3.66935e+11    0.00000e+00
    4.16556e+24         3.33533e+11    0.00000e+00
    4.16556e+24         3.13056e+11    0.00000e+00
    4.16556e+24         2.89559e+11    0.00000e+00
    4.16556e+24         2.61725e+11    0.00000e+00
    4.16556e+24         2.44444e+11    0.00000e+00
    4.16556e+24         2.24426e+11    0.00000e+00
    4.16556e+24         2.12436e+11    0.00000e+00
    4.16556e+24         1.98984e+11    0.00000e+00
    4.16556e+24         1.83563e+11    0.00000e+00
    4.16556e+24         1.65334e+11    0.00000e+00
    4.16556e+24         1.54039e+11    0.00000e+00
    4.16556e+24         1.40994e+11    0.00000e+00
    4.16556e+24         1.33187e+11    0.00000e+00
    4.16556e+24         1.24427e+11    0.00000e+00
    4.16556e+24         1.14378e+11    0.00000e+00
    4.16556e+24         1.08425e+11    0.00000e+00
    4.16556e+24         1.01795e+11    0.00000e+00
    4.16556e+24         9.42685e+10    0.00000e+00
    4.16556e+24         8.54882e+10    0.00000e+00
    4.16556e+24         8.01470e+10    0.00000e+00
    4.16556e+24         7.40686e+10    0.00000e+00
    4.16556e+24         6.69497e+10    0.00000e+00
    4.16556e+24         6.25920e+10    0.00000e+00
    4.16556e+24         5.76058e+10    0.00000e+00
    4.16556e+24         5.46621e+10    0.00000e+00
    4.16556e+24         5.13927e+10    0.00000e+00
    4.16556e+24         4.76938e+10    0.00000e+00
    4.16556e+24         4.33987e+10    0.00000e+00
    4.16556e+24         4.08050e+10    0.00000e+00
    4.16556e+24         3.78709e+10    0.00000e+00
    4.16556e+24         3.44645e+10    0.00000e+00
    4.16556e+24         3.24079e+10    0.00000e+00
    4.16556e+24         3.00820e+10    0.00000e+00
    4.16556e+24         2.73825e+10    0.00000e+00
    4.16556e+24         2.57534e+10    0.00000e+00
    4.16556e+24         2.39118e+10    0.00000e+00
    4.16556e+24         2.17755e+10    0.00000e+00
    4.16556e+24         2.04876e+10    0.00000e+00
    4.16556e+24         1.90325e+10    0.00000e+00
    4.16556e+24         1.73466e+10    0.00000e+00
    4.16556e+24         1.63317e+10    0.00000e+00
    4.16556e+24         1.51868e+10    0.00000e+00
    4.16556e+24         1.38628e+10    0.00000e+00
    4.16556e+24         1.30684e+10    0.00000e+00
    4.16556e+24         1.21743e+10    0.00000e+00
    4.16556e+24         1.11442e+10    0.00000e+00
    4.16556e+24         1.05295e+10    0.00000e+00
    4.16556e+24         9.84089e+09    0.00000e+00
    4.16556e+24         9.05258e+09    0.00000e+00
    4.16556e+24         8.58679e+09    0.00000e+00
    4.16556e+24         8.06910e+09    0.00000e+00
    4.16556e+24         7.48285e+09    0.00000e+00
    4.16556e+24         6.80114e+09    0.00000e+00
    4.16556e+24         6.38853e+09    0.00000e+00
    4.16556e+24         5.92090e+09    0.00000e+00
    4.16556e+24         5.37649e+09    0.00000e+00
    4.16556e+24         5.04636e+09    0.00000e+00
    4.16556e+24         4.67163e+09    0.00000e+00
    4.16556e+24         4.23438e+09    0.00000e+00
    4.16556e+24         3.96826e+09    0.00000e+00
    4.16556e+24         3.66526e+09    0.00000e+00
    4.16556e+24         3.31010e+09    0.00000e+00
    4.16556e+24         3.09236e+09    0.00000e+00
    4.16556e+24         2.84288e+09    0.00000e+00
    4.16556e+24         2.69529e+09    0.00000e+00
    4.16556e+24         2.53108e+09    0.00000e+00
    4.16556e+24         2.34489e+09    0.00000e+00
    4.16556e+24         2.12795e+09    0.00000e+00
    4.16556e+24         1.99623e+09    0.00000e+00
    4.16556e+24         1.84657e+09    0.00000e+00
    4.16556e+24         1.67165e+09    0.00000e+00
    4.16556e+24         1.56493e+09    0.00000e+00
    4.16556e+24         1.44317e+09    0.00000e+00
    4.16556e+24         1.29998e+09    0.00000e+00
    4.16556e+24         1.21175e+09    0.00000e+00
    4.16556e+24         1.11021e+09    0.00000e+00
    4.16556e+24         1.04972e+09    0.00000e+00
    4.16556e+24         9.82063e+08    0.00000e+00
    4.16556e+24         9.04762e+08    0.00000e+00
    4.16556e+24         8.59225e+08    0.00000e+00
    4.16556e+24         8.08733e+08    0.00000e+00
    4.16556e+24         7.51740e+08    0.00000e+00
    4.16556e+24         6.85777e+08    0.00000e+00
    4.16556e+24         6.46146e+08    0.00000e+00
    4.16556e+24         6.01504e+08    0.00000e+00
    4.16556e+24         5.49990e+08    0.00000e+00
    4.16556e+24         5.19182e+08    0.00000e+00
    4.16556e+24         4.84609e+08    0.00000e+00
    4.16556e+24         4.44927e+08    0.00000e+00
    4.16556e+24         4.21389e+08    0.00000e+00
    4.16556e+24         3.95148e+08    0.00000e+00
    4.16556e+24         3.65306e+08    0.00000e+00
    4.16556e+24         3.30390e+08    0.00000e+00
    4.16556e+24         3.09047e+08    0.00000e+00
    4.16556e+24         2.84654e+08    0.00000e+00
    4.16556e+24         2.70277e+08    0.00000e+00
    4.16556e+24         2.54331e+08    0.00000e+00
    4.16556e+24         2.36322e+08    0.00000e+00
    4.16556e+24         2.15464e+08    0.00000e+00
    4.16556e+24         2.02918e+08    0.00000e+00
    4.16556e+24         1.88773e+08    0.00000e+00
    4.16556e+24         1.72428e+08    0.00000e+00
    4.16556e+24         1.62633e+08    0.00000e+00
    4.16556e+24         1.51622e+08    0.00000e+00
    4.16556e+24         1.38955e+08    0.00000e+00
    4.16556e+24         1.31413e+08    0.00000e+00
    4.16556e+24         1.22982e+08    0.00000e+00
    4.16556e+24         1.13354e+08    0.00000e+00
    4.16556e+24         1.02022e+08    0.00000e+00
    4.16556e+24         9.50268e+07    0.00000e+00
    4.16556e+24         8.69643e+07    0.00000e+00
    4.16556e+24         8.21509e+07    0.00000e+00
    4.16556e+24         7.67569e+07    0.00000e+00
    4.16556e+24         7.05782e+07    0.00000e+00
    4.16556e+24         6.69242e+07    0.00000e+00
    4.16556e+24         6.28604e+07    0.00000e+00
    4.16556e+24         5.82541e+07    0.00000e+00
    4.16556e+24         5.28906e+07    0.00000e+00
    4.16556e+24         4.96373e+07    0.00000e+00
    4.16556e+24         4.59437e+07    0.00000e+00
    4.16556e+24         4.16322e+07    0.00000e+00
    4.16556e+24         3.90069e+07    0.00000e+00
    4.16556e+24         3.60163e+07    0.00000e+00
    4.16556e+24         3.25084e+07    0.00000e+00
    4.16556e+24         3.03555e+07    0.00000e+00
    4.16556e+24         2.78863e+07    0.00000e+00
    4.16556e+24         2.64235e+07    0.00000e+00
    4.16556e+24         2.47942e+07    0.00000e+00
    4.16556e+24         2.29437e+07    0.00000e+00
    4.16556e+24         2.07827e+07    0.00000e+00
    4.16556e+24         1.94658e+07    0.00000e+00
    4.16556e+24         1.79647e+07    0.00000e+00
    4.16556e+24         1.62022e+07    0.00000e+00
    4.16556e+24         1.51189e+07    0.00000e+00
    4.16556e+24         1.38747e+07    0.00000e+00
    4.16556e+24         1.31360e+07    0.00000e+00
    4.16556e+24         1.23119e+07    0.00000e+00
    4.16556e+24         1.13739e+07    0.00000e+00
    4.16556e+24         1.02747e+07    0.00000e+00
    4.16556e+24         9.60118e+06    0.00000e+00
    4.16556e+24         8.82989e+06    0.00000e+00
    4.16556e+24         8.37394e+06    0.00000e+00
    4.16556e+24         7.86697e+06    0.00000e+00
    4.16556e+24         7.29257e+06    0.00000e+00
    4.16556e+24         6.62411e+06    0.00000e+00
    4.16556e+24         6.21902e+06    0.00000e+00
    4.16556e+24         5.75945e+06    0.00000e+00
    4.16556e+24         5.22360e+06    0.00000e+00
    4.16556e+24         4.89788e+06    0.00000e+00
    4.16556e+24         4.52741e+06    0.00000e+00
    4.16556e+24         4.09382e+06    0.00000e+00
    4.16556e+24         3.82868e+06    0.00000e+00
    4.16556e+24         3.52553e+06    0.00000e+00
    4.16556e+24         3.34678e+06    0.00000e+00
    4.16556e+24         3.14841e+06    0.00000e+00
    4.16556e+24         2.92427e+06    0.00000e+00
    4.16556e+24         2.66444e+06    0.00000e+00
    4.16556e+24         2.50796e+06    0.00000e+00
    4.16556e+24         2.33134e+06    0.00000e+00
    4.16556e+24         2.12694e+06    0.00000e+00
    4.16556e+24         2.00415e+06    0.00000e+00
    4.16556e+24         1.86586e+06    0.00000e+00
    4.16556e+24         1.70631e+06    0.00000e+00
    4.16556e+24         1.61092e+06    0.00000e+00
    4.16556e+24         1.50390e+06    0.00000e+00
    4.16556e+24         1.38110e+06    0.00000e+00
    4.16556e+24         1.30830e+06    0.00000e+00
    4.16556e+24         1.22717e+06    0.00000e+00
    4.16556e+24         1.13496e+06    0.00000e+00
    4.16556e+24         1.02716e+06    0.00000e+00
    4.16556e+24         9.61349e+05    0.00000e+00
    4.16556e+24         8.86221e+05    0.00000e+00
    4.16556e+24         7.97815e+05    0.00000e+00
    4.16556e+24         7.43274e+05    0.00000e+00
    4.16556e+24         6.80433e+05    0.00000e+00
    4.16556e+24         6.42942e+05    0.00000e+00
    4.16556e+24         6.00950e+05    0.00000e+00
    4.16556e+24         5.52886e+05    0.00000e+00
    4.16556e+24         5.24493e+05    0.00000e+00
    4.16556e+24         4.92944e+05    0.00000e+00
    4.16556e+24         4.57226e+05    0.00000e+00
    4.16556e+24         4.15710e+05    0.00000e+00
    4.16556e+24         3.90599e+05    0.00000e+00
    4.16556e+24         3.62156e+05    0.00000e+00
    4.16556e+24         3.29069e+05    0.00000e+00
    4.16556e+24         3.09032e+05    0.00000e+00
    4.16556e+24         2.86312e+05    0.00000e+00
    4.16556e+24         2.59843e+05    0.00000e+00
    4.16556e+24         2.43775e+05    0.00000e+00
    4.16556e+24         2.25519e+05    0.00000e+00
    4.16556e+24         2.04188e+05    0.00000e+00
    4.16556e+24         1.91178e+05    0.00000e+00
    4.16556e+24         1.76336e+05    0.00000e+00
    4.16556e+24         1.58891e+05    0.00000e+00
    4.16556e+24         1.48148e+05    0.00000e+00
    4.16556e+24         1.35791e+05    0.00000e+00
    4.16556e+24         1.28436e+05    0.00000e+00
    4.16556e+24         1.20215e+05    0.00000e+00
    4.16556e+24         1.10832e+05    0.00000e+00
    4.16556e+24         9.97916e+04    0.00000e+00
    4.16556e+24         9.29827e+04    0.00000e+00
    4.16556e+24         8.51400e+04    0.00000e+00
    4.16556e+24         8.04631e+04    0.00000e+00
    4.16556e+24         7.52266e+04    0.00000e+00
    4.16556e+24         6.92357e+04    0.00000e+00
    4.16556e+24         6.56994e+04    0.00000e+00
    4.16556e+24         6.17722e+04    0.00000e+00
    4.16556e+24         5.73298e+04    0.00000e+00
    4.16556e+24         5.21722e+04    0.00000e+00
    4.16556e+24         4.90584e+04    0.00000e+00
    4.16556e+24         4.55368e+04    0.00000e+00
    4.16556e+24         4.14493e+04    0.00000e+00
    4.16556e+24         3.89827e+04    0.00000e+00
    4.16556e+24         3.61940e+04    0.00000e+00
    4.16556e+24         3.29590e+04    0.00000e+00
    4.16556e+24         3.10084e+04    0.00000e+00
    4.16556e+24         2.88047e+04    0.00000e+00
    4.16556e+24         2.62509e+04    0.00000e+00
    4.16556e+24         2.47134e+04    0.00000e+00
    4.16556e+24         2.29787e+04    0.00000e+00
    4.16556e+24         2.09723e+04    0.00000e+00
    4.16556e+24         1.97679e+04    0.00000e+00
    4.16556e+24         1.84123e+04    0.00000e+00
    4.16556e+24         1.68497e+04    0.00000e+00
    4.16556e+24         1.59168e+04    0.00000e+00
    4.16556e+24         1.48713e+04    0.00000e+00
    4.16556e+24         1.36737e+04    0.00000e+00
    4.16556e+24         1.29654e+04    0.00000e+00
    4.16556e+24         1.21776e+04    0.00000e+00
    4.16556e+24         1.12845e+04    0.00000e+00
    4.16556e+24         1.02446e+04    0.00000e+00
    4.16556e+24         9.61363e+03    0.00000e+00
    4.16556e+24         8.89717e+03    0.00000e+00
    4.16556e+24         8.06068e+03    0.00000e+00
    4.16556e+24         7.55113e+03    0.00000e+00
    4.16556e+24         6.97048e+03    0.00000e+00
    4.16556e+24         6.28907e+03    0.00000e+00
    4.16556e+24         5.87054e+03    0.00000e+00
    4.16556e+24         5.39020e+03    0.00000e+00
    4.16556e+24         5.10532e+03    0.00000e+00
    4.16556e+24         4.78776e+03    0.00000e+00
    4.16556e+24         4.42667e+03    0.00000e+00
    4.16556e+24         4.00428e+03    0.00000e+00
    4.16556e+24         3.74617e+03    0.00000e+00
    4.16556e+24         3.45127e+03    0.00000e+00
    4.16556e+24         3.27755e+03    0.00000e+00
    4.16556e+24         3.08493e+03    0.00000e+00
    4.16556e+24         2.86749e+03    0.00000e+00
    4.16556e+24         2.61583e+03    0.00000e+00
    4.16556e+24         2.46463e+03    0.00000e+00
    4.16556e+24         2.29430e+03    0.00000e+00
    4.16556e+24         2.09775e+03    0.00000e+00
    4.16556e+24         1.98019e+03    0.00000e+00
    4.16556e+24         1.84827e+03    0.00000e+00
    4.16556e+24         1.69683e+03    0.00000e+00
    4.16556e+24         1.60700e+03    0.00000e+00
    4.16556e+24         1.50684e+03    0.00000e+00
    4.16556e+24         1.39292e+03    0.00000e+00
    4.16556e+24         1.25960e+03    0.00000e+00
    4.16556e+24         1.17809e+03    0.00000e+00
    4.16556e+24         1.08491e+03    0.00000e+00
    4.16556e+24         1.02997e+03    0.00000e+00
    4.16556e+24         9.69013e+02    0.00000e+00
    4.16556e+24         9.00147e+02    0.00000e+00
    4.16556e+24         8.20340e+02    0.00000e+00
    4.16556e+24         7.72296e+02    0.00000e+00
    4.16556e+24         7.18087e+02    0.00000e+00
    4.16556e+24         6.55385e+02    0.00000e+00
    4.16556e+24         6.17749e+02    0.00000e+00
    4.16556e+24         5.75386e+02    0.00000e+00
    4.16556e+24         5.26556e+02    0.00000e+00
    4.16556e+24         4.97403e+02    0.00000e+00
    4.16556e+24         4.64733e+02    0.00000e+00
    4.16556e+24         4.27307e+02    0.00000e+00
    4.16556e+24         4.05173e+02    0.00000e+00
    4.16556e+24         3.80554e+02    0.00000e+00
    4.16556e+24         3.52648e+02    0.00000e+00
    4.16556e+24         3.20149e+02    0.00000e+00
    4.16556e+24         3.00433e+02    0.00000e+00
    4.16556e+24         2.78045e+02    0.00000e+00
    4.16556e+24         2.51907e+02    0.00000e+00
    4.16556e+24         2.35984e+02    0.00000e+00
    4.16556e+24         2.17841e+02    0.00000e+00
    4.16556e+24         1.96550e+02    0.00000e+00
    4.16556e+24         1.83473e+02    0.00000e+00
    4.16556e+24         1.68465e+02    0.00000e+00
    4.16556e+24         1.59565e+02    0.00000e+00
    4.16556e+24         1.49644e+02    0.00000e+00
    4.16556e+24         1.38364e+02    0.00000e+00
    4.16556e+24         1.25170e+02    0.00000e+00
    4.16556e+24         1.17109e+02    0.00000e+00
    4.16556e+24         1.07899e+02    0.00000e+00
    4.16556e+24         1.02475e+02    0.00000e+00
    4.16556e+24         9.64619e+01    0.00000e+00
    4.16556e+24         8.96753e+01    0.00000e+00
    4.16556e+24         8.18226e+01    0.00000e+00
    4.16556e+24         7.71064e+01    0.00000e+00
    4.16556e+24         7.17957e+01    0.00000e+00
    4.16556e+24         6.56703e+01    0.00000e+00
    4.16556e+24         6.20095e+01    0.00000e+00
    4.16556e+24         5.79038e+01    0.00000e+00
    4.16556e+24         5.31953e+01    0.00000e+00
    4.16556e+24         5.04057e+01    0.00000e+00
    4.16556e+24         4.72989e+01    0.00000e+00
    4.16556e+24         4.37706e+01    0.00000e+00
    4.16556e+24         3.96505e+01    0.00000e+00
    4.16556e+24         3.71400e+01    0.00000e+00
    4.16556e+24         3.42788e+01    0.00000e+00
    4.16556e+24         3.09199e+01    0.00000e+00
    4.16556e+24         2.88557e+01    0.00000e+00
    4.16556e+24         2.64857e+01    0.00000e+00
    4.16556e+24         2.50792e+01    0.00000e+00
    4.16556e+24         2.35104e+01    0.00000e+00
    4.16556e+24         2.17253e+01    0.00000e+00
    4.16556e+24         1.96348e+01    0.00000e+00
    4.16556e+24         1.83551e+01    0.00000e+00
    4.16556e+24         1.68908e+01    0.00000e+00
    4.16556e+24         1.60261e+01    0.00000e+00
    4.16556e+24         1.50657e+01    0.00000e+00
    4.16556e+24         1.39789e+01    0.00000e+00
    4.16556e+24         1.27166e+01    0.00000e+00
    4.16556e+24         1.19539e+01    0.00000e+00
    4.16556e+24         1.10907e+01    0.00000e+00
    4.16556e+24         1.00880e+01    0.00000e+00
    4.16556e+24         9.48205e+00    0.00000e+00
    4.16556e+24         8.79615e+00    0.00000e+00
    4.16556e+24         7.99911e+00    0.00000e+00
    4.16556e+24         7.51722e+00    0.00000e+00
    4.16556e+24         6.97156e+00    0.00000e+00
    4.16556e+24         6.33714e+00    0.00000e+00
    4.16556e+24         5.95324e+00    0.00000e+00
    4.16556e+24         5.51823e+00    0.00000e+00
    4.16556e+24         5.01194e+00    0.00000e+00
    4.16556e+24         4.70506e+00    0.00000e+00
    4.16556e+24         4.35685e+00    0.00000e+00
    4.16556e+24         3.95075e+00    0.00000e+00
    4.16556e+24         3.70382e+00    0.00000e+00
    4.16556e+24         3.42286e+00    0.00000e+00
    4.16556e+24         3.09388e+00    0.00000e+00
    4.16556e+24         2.89255e+00    0.00000e+00
    4.16556e+24         2.66222e+00    0.00000e+00
    4.16556e+24         2.52626e+00    0.00000e+00
    4.16556e+24         2.37528e+00    0.00000e+00
    4.16556e+24         2.20449e+00    0.00000e+00
    4.16556e+24         2.00621e+00    0.00000e+00
    4.16556e+24         1.88651e+00    0.00000e+00
    4.16556e+24         1.75114e+00    0.00000e+00
    4.16556e+24         1.59403e+00    0.00000e+00
    4.16556e+24         1.49922e+00    0.00000e+00
    4.16556e+24         1.39205e+00    0.00000e+00
    4.16556e+24         1.26773e+00    0.00000e+00
    4.16556e+24         1.19279e+00    0.00000e+00
    4.16556e+24         1.10813e+00    0.00000e+00
    4.16556e+24         1.01004e+00    0.00000e+00
    4.16556e+24         9.51011e-01    0.00000e+00
    4.16556e+24         8.84423e-01    0.00000e+00
    4.16556e+24         8.07431e-01    0.00000e+00
    4.16556e+24         7.61244e-01    0.00000e+00
    4.16556e+24         7.09282e-01    0.00000e+00
    4.16556e+24         6.49427e-01    0.00000e+00
    4.16556e+24         6.13729e-01    0.00000e+00
    4.16556e+24         5.73758e-01    0.00000e+00
    4.16556e+24         5.28023e-01    0.00000e+00
    4.16556e+24         5.01022e-01    0.00000e+00
    4.16556e+24         4.71034e-01    0.00000e+00
    4.16556e+24         4.37105e-01    0.00000e+00
    4.16556e+24         3.97704e-01    0.00000e+00
    4.16556e+24         3.73907e-01    0.00000e+00
    4.16556e+24         3.46984e-01    0.00000e+00
    4.16556e+24         3.15721e-01    0.00000e+00
    4.16556e+24         2.96841e-01    0.00000e+00
    4.16556e+24         2.75483e-01    0.00000e+00
    4.16556e+24         2.50684e-01    0.00000e+00
    4.16556e+24         2.35711e-01    0.00000e+00
    4.16556e+24         2.18774e-01    0.00000e+00
    4.16556e+24         1.99114e-01    0.00000e+00
    4.16556e+24         1.87246e-01    0.00000e+00
    4.16556e+24         1.73827e-01    0.00000e+00
    4.16556e+24         1.58256e-01    0.00000e+00
    4.16556e+24         1.48863e-01    0.00000e+00
    4.16556e+24         1.38247e-01    0.00000e+00
    4.16556e+24         1.25939e-01    0.00000e+00
    4.16556e+24         1.18523e-01    0.00000e+00
    4.16556e+24         1.10149e-01    0.00000e+00
    4.16556e+24         1.00455e-01    0.00000e+00
    4.16556e+24         9.46269e-02    0.00000e+00
    4.16556e+24         8.80588e-02    0.00000e+00
    4.16556e+24         8.04744e-02    0.00000e+00
    4.16556e+24         7.59338e-02    0.00000e+00
    4.16556e+24         7.08339e-02    0.00000e+00
    4.16556e+24         6.49731e-02    0.00000e+00
    4.16556e+24         6.14902e-02    0.00000e+00
    4.16556e+24         5.76017e-02    0.00000e+00
    4.16556e+24         5.31703e-02    0.00000e+00
    4.16556e+24         4.79696e-02    0.00000e+00
    4.16556e+24         4.47748e-02    0.00000e+00
    4.16556e+24         4.11078e-02    0.00000e+00
    4.16556e+24         3.89326e-02    0.00000e+00
    4.16556e+24         3.65076e-02    0.00000e+00
    4.16556e+24         3.37497e-02    0.00000e+00
    4.16556e+24         3.05226e-02    0.00000e+00
    4.16556e+24         2.85499e-02    0.00000e+00
    4.16556e+24         2.62951e-02    0.00000e+00
    4.16556e+24         2.49661e-02    0.00000e+00
    4.16556e+24         2.34918e-02    0.00000e+00
    4.16556e+24         2.18266e-02    0.00000e+00
    4.16556e+24         1.98977e-02    0.00000e+00
    4.16556e+24         1.87372e-02    0.00000e+00
    4.16556e+24         1.74285e-02    0.00000e+00
    4.16556e+24         1.59158e-02    0.00000e+00
    4.16556e+24         1.50089e-02    0.00000e+00
    4.16556e+24         1.39891e-02    0.00000e+00
    4.16556e+24         1.28151e-02    0.00000e+00
    4.16556e+24         1.21157e-02    0.00000e+00
    4.16556e+24         1.13332e-02    0.00000e+00
    4.16556e+24         1.04388e-02    0.00000e+00
    4.16556e+24         9.91179e-03    0.00000e+00
    4.16556e+24         9.32719e-03    0.00000e+00
    4.16556e+24         8.66700e-03    0.00000e+00
    4.16556e+24         7.90242e-03    0.00000e+00
    4.16556e+24         7.44257e-03    0.00000e+00
    4.16556e+24         6.92414e-03    0.00000e+00
    4.16556e+24         6.32517e-03    0.00000e+00
    4.16556e+24         5.96629e-03    0.00000e+00
    4.16556e+24         5.56292e-03    0.00000e+00
    4.16556e+24         5.09894e-03    0.00000e+00
    4.16556e+24         4.82281e-03    0.00000e+00
    4.16556e+24         4.51416e-03    0.00000e+00
    4.16556e+24         4.16185e-03    0.00000e+00
    4.16556e+24         3.74737e-03    0.00000e+00
    4.16556e+24         3.49175e-03    0.00000e+00
    4.16556e+24         3.19734e-03    0.00000e+00
    4.16556e+24         3.02178e-03    0.00000e+00
    4.16556e+24         2.82522e-03    0.00000e+00
    4.16556e+24         2.60036e-03    0.00000e+00
    4.16556e+24         2.46764e-03    0.00000e+00
    4.16556e+24         2.32027e-03    0.00000e+00
    4.16556e+24         2.15358e-03    0.00000e+00
    4.16556e+24         1.96009e-03    0.00000e+00
    4.16556e+24         1.84330e-03    0.00000e+00
    4.16556e+24         1.71124e-03    0.00000e+00
    4.16556e+24         1.55802e-03    0.00000e+00
    4.16556e+24         1.46559e-03    0.00000e+00
    4.16556e+24         1.36115e-03    0.00000e+00
    4.16556e+24         1.24005e-03    0.00000e+00
    4.16556e+24         1.16711e-03    0.00000e+00
    4.16556e+24         1.08475e-03    0.00000e+00
    4.16556e+24         9.89424e-04    0.00000e+00
    4.16556e+24         9.32132e-04    0.00000e+00
    4.16556e+24         8.67580e-04    0.00000e+00
    4.16556e+24         7.93064e-04    0.00000e+00
    4.16556e+24         7.48476e-04    0.00000e+00
    4.16556e+24         6.98417e-04    0.00000e+00
    4.16556e+24         6.40926e-04    0.00000e+00
    4.16556e+24         6.06792e-04    0.00000e+00
    4.16556e+24         5.68709e-04    0.00000e+00
    4.16556e+24         5.25356e-04    0.00000e+00
    4.16556e+24         4.74552e-04    0.00000e+00
    4.16556e+24         4.43420e-04    0.00000e+00
    4.16556e+24         4.07763e-04    0.00000e+00
    4.16556e+24         3.86680e-04    0.00000e+00
    4.16556e+24         3.63235e-04    0.00000e+00
    4.16556e+24         3.36667e-04    0.00000e+00
    4.16556e+24         3.05739e-04    0.00000e+00
    4.16556e+24         2.86989e-04    0.00000e+00
    4.16556e+24         2.65708e-04    0.00000e+00
    4.16556e+24         2.40882e-04    0.00000e+00
    4.16556e+24         2.25779e-04    0.00000e+00
    4.16556e+24         2.08587e-04    0.00000e+00
    4.16556e+24         1.88445e-04    0.00000e+00
    4.16556e+24         1.76105e-04    0.00000e+00
    4.16556e+24         1.61977e-04    0.00000e+00
    4.16556e+24         1.53626e-04    0.00000e+00
    4.16556e+24         1.44343e-04    0.00000e+00
    4.16556e+24         1.33827e-04    0.00000e+00
    4.16556e+24         1.21594e-04    0.00000e+00
    4.16556e+24         1.14185e-04    0.00000e+00
    4.16556e+24         1.05783e-04    0.00000e+00
    4.16556e+24         9.59934e-05    0.00000e+00
    4.16556e+24         9.00494e-05    0.00000e+00
    4.16556e+24         8.32947e-05    0.00000e+00
    4.16556e+24         7.54001e-05    0.00000e+00
    4.16556e+24         7.05830e-05    0.00000e+00
    4.16556e+24         6.50859e-05    0.00000e+00
    4.16556e+24         5.86210e-05    0.00000e+00
    4.16556e+24         5.46362e-05    0.00000e+00
    4.16556e+24         5.00491e-05    0.00000e+00
    4.16556e+24         4.73158e-05    0.00000e+00
    4.16556e+24         4.42577e-05    0.00000e+00
    4.16556e+24         4.07622e-05    0.00000e+00
    4.16556e+24         3.87020e-05    0.00000e+00
    4.16556e+24         3.64165e-05    0.00000e+00
    4.16556e+24         3.38351e-05    0.00000e+00
    4.16556e+24         3.08448e-05    0.00000e+00
    4.16556e+24         2.90458e-05    0.00000e+00
    4.16556e+24         2.70169e-05    0.00000e+00
    4.16556e+24         2.46719e-05    0.00000e+00


