Evolution of the BH masses and spins as functions of time.
Total number of time iterations: 968

              t                   M              a
    1.23833e-21         1.00000e+17    3.00000e-01
    2.47665e-21         1.00000e+17    3.00000e-01
    4.95331e-21         1.00000e+17    3.00000e-01
    9.90662e-21         1.00000e+17    3.00000e-01
    1.98132e-20         1.00000e+17    3.00000e-01
    3.96265e-20         1.00000e+17    3.00000e-01
    7.92530e-20         1.00000e+17    3.00000e-01
    1.58506e-19         1.00000e+17    3.00000e-01
    3.17012e-19         1.00000e+17    3.00000e-01
    6.34024e-19         1.00000e+17    3.00000e-01
    1.26805e-18         1.00000e+17    3.00000e-01
    2.53609e-18         1.00000e+17    3.00000e-01
    5.07219e-18         1.00000e+17    3.00000e-01
    1.01444e-17         1.00000e+17    3.00000e-01
    2.02888e-17         1.00000e+17    3.00000e-01
    4.05775e-17         1.00000e+17    3.00000e-01
    8.11550e-17         1.00000e+17    3.00000e-01
    1.62310e-16         1.00000e+17    3.00000e-01
    3.24620e-16         1.00000e+17    3.00000e-01
    6.49240e-16         1.00000e+17    3.00000e-01
    1.29848e-15         1.00000e+17    3.00000e-01
    2.59696e-15         1.00000e+17    3.00000e-01
    5.19392e-15         1.00000e+17    3.00000e-01
    1.03878e-14         1.00000e+17    3.00000e-01
    2.07757e-14         1.00000e+17    3.00000e-01
    4.15514e-14         1.00000e+17    3.00000e-01
    8.31027e-14         1.00000e+17    3.00000e-01
    1.66205e-13         1.00000e+17    3.00000e-01
    3.32411e-13         1.00000e+17    3.00000e-01
    6.64822e-13         1.00000e+17    3.00000e-01
    1.32964e-12         1.00000e+17    3.00000e-01
    2.65929e-12         1.00000e+17    3.00000e-01
    5.31858e-12         1.00000e+17    3.00000e-01
    1.06372e-11         1.00000e+17    3.00000e-01
    2.12743e-11         1.00000e+17    3.00000e-01
    4.25486e-11         1.00000e+17    3.00000e-01
    8.50972e-11         1.00000e+17    3.00000e-01
    1.70194e-10         1.00000e+17    3.00000e-01
    3.40389e-10         1.00000e+17    3.00000e-01
    6.80778e-10         1.00000e+17    3.00000e-01
    1.36156e-09         1.00000e+17    3.00000e-01
    2.72311e-09         1.00000e+17    3.00000e-01
    5.44622e-09         1.00000e+17    3.00000e-01
    1.08924e-08         1.00000e+17    3.00000e-01
    2.17849e-08         1.00000e+17    3.00000e-01
    4.35698e-08         1.00000e+17    3.00000e-01
    8.71395e-08         1.00000e+17    3.00000e-01
    1.74279e-07         1.00000e+17    3.00000e-01
    3.48558e-07         1.00000e+17    3.00000e-01
    6.97116e-07         1.00000e+17    3.00000e-01
    1.39423e-06         1.00000e+17    3.00000e-01
    2.78847e-06         1.00000e+17    3.00000e-01
    5.57693e-06         1.00000e+17    3.00000e-01
    1.11539e-05         1.00000e+17    3.00000e-01
    2.23077e-05         1.00000e+17    3.00000e-01
    4.46154e-05         1.00000e+17    3.00000e-01
    8.92309e-05         1.00000e+17    3.00000e-01
    1.78462e-04         1.00000e+17    3.00000e-01
    3.56924e-04         1.00000e+17    3.00000e-01
    7.13847e-04         1.00000e+17    3.00000e-01
    1.42769e-03         1.00000e+17    3.00000e-01
    2.85539e-03         1.00000e+17    3.00000e-01
    5.71078e-03         1.00000e+17    3.00000e-01
    1.14216e-02         1.00000e+17    3.00000e-01
    2.28431e-02         1.00000e+17    3.00000e-01
    4.56862e-02         1.00000e+17    3.00000e-01
    9.13724e-02         1.00000e+17    3.00000e-01
    1.82745e-01         1.00000e+17    3.00000e-01
    3.65490e-01         1.00000e+17    3.00000e-01
    7.30979e-01         1.00000e+17    3.00000e-01
    1.46196e+00         1.00000e+17    3.00000e-01
    2.92392e+00         1.00000e+17    3.00000e-01
    5.84784e+00         1.00000e+17    3.00000e-01
    1.16957e+01         1.00000e+17    3.00000e-01
    2.33913e+01         1.00000e+17    3.00000e-01
    4.67827e+01         1.00000e+17    3.00000e-01
    9.35654e+01         1.00000e+17    3.00000e-01
    1.87131e+02         1.00000e+17    3.00000e-01
    3.74261e+02         1.00000e+17    3.00000e-01
    7.48523e+02         1.00000e+17    3.00000e-01
    1.49705e+03         1.00000e+17    3.00000e-01
    2.99409e+03         1.00000e+17    3.00000e-01
    5.98818e+03         1.00000e+17    3.00000e-01
    1.19764e+04         1.00000e+17    3.00000e-01
    2.39527e+04         1.00000e+17    3.00000e-01
    4.79055e+04         1.00000e+17    3.00000e-01
    9.58109e+04         1.00000e+17    3.00000e-01
    1.91622e+05         1.00000e+17    3.00000e-01
    3.83244e+05         1.00000e+17    3.00000e-01
    7.66488e+05         1.00000e+17    3.00000e-01
    1.53298e+06         1.00000e+17    3.00000e-01
    3.06595e+06         1.00000e+17    3.00000e-01
    6.13190e+06         1.00000e+17    3.00000e-01
    1.22638e+07         1.00000e+17    3.00000e-01
    2.45276e+07         1.00000e+17    3.00000e-01
    4.90552e+07         1.00000e+17    3.00000e-01
    9.81104e+07         1.00000e+17    3.00000e-01
    1.96221e+08         1.00000e+17    3.00000e-01
    3.92442e+08         1.00000e+17    3.00000e-01
    7.84883e+08         1.00000e+17    3.00000e-01
    1.56977e+09         1.00000e+17    3.00000e-01
    3.13953e+09         1.00000e+17    3.00000e-01
    6.27907e+09         1.00000e+17    3.00000e-01
    1.25581e+10         1.00000e+17    3.00000e-01
    2.51163e+10         1.00000e+17    3.00000e-01
    5.02325e+10         1.00000e+17    3.00000e-01
    1.00465e+11         1.00000e+17    3.00000e-01
    2.00930e+11         1.00000e+17    3.00000e-01
    4.01860e+11         1.00000e+17    3.00000e-01
    8.03720e+11         1.00000e+17    3.00000e-01
    1.60744e+12         1.00000e+17    3.00000e-01
    3.21488e+12         1.00000e+17    3.00000e-01
    6.42976e+12         1.00000e+17    3.00000e-01
    1.28595e+13         1.00000e+17    3.00000e-01
    2.57191e+13         1.00000e+17    3.00000e-01
    5.14381e+13         1.00000e+17    3.00000e-01
    1.02876e+14         1.00000e+17    3.00000e-01
    2.05752e+14         1.00000e+17    3.00000e-01
    4.11505e+14         1.00000e+17    3.00000e-01
    8.23010e+14         1.00000e+17    3.00000e-01
    1.64602e+15         1.00000e+17    3.00000e-01
    3.29204e+15         1.00000e+17    3.00000e-01
    6.58408e+15         1.00000e+17    3.00000e-01
    1.31682e+16         1.00000e+17    3.00000e-01
    2.63363e+16         1.00000e+17    3.00000e-01
    5.26726e+16         1.00000e+17    3.00000e-01
    1.05345e+17         1.00000e+17    3.00000e-01
    2.10690e+17         1.00000e+17    3.00000e-01
    4.21381e+17         1.00000e+17    3.00000e-01
    8.42762e+17         1.00000e+17    3.00000e-01
    1.68552e+18         1.00000e+17    3.00000e-01
    3.37105e+18         1.00000e+17    3.00000e-01
    6.74210e+18         9.99999e+16    2.99999e-01
    1.34842e+19         9.99999e+16    2.99998e-01
    2.69684e+19         9.99998e+16    2.99996e-01
    5.39368e+19         9.99995e+16    2.99992e-01
    1.07874e+20         9.99990e+16    2.99984e-01
    2.15747e+20         9.99980e+16    2.99969e-01
    4.31494e+20         9.99961e+16    2.99938e-01
    8.62988e+20         9.99921e+16    2.99876e-01
    1.72598e+21         9.99843e+16    2.99751e-01
    3.45195e+21         9.99686e+16    2.99503e-01
    6.90391e+21         9.99372e+16    2.99006e-01
    1.38078e+22         9.98743e+16    2.98013e-01
    2.76156e+22         9.97487e+16    2.96030e-01
    5.52312e+22         9.94977e+16    2.92079e-01
    8.28469e+22         9.92469e+16    2.88158e-01
    1.10462e+23         9.89964e+16    2.84265e-01
    1.38078e+23         9.87463e+16    2.80402e-01
    1.65694e+23         9.84966e+16    2.76573e-01
    1.93309e+23         9.82466e+16    2.72768e-01
    2.20925e+23         9.79963e+16    2.68986e-01
    2.48541e+23         9.77455e+16    2.65228e-01
    2.76156e+23         9.74943e+16    2.61493e-01
    3.03772e+23         9.72428e+16    2.57782e-01
    3.31387e+23         9.69908e+16    2.54095e-01
    3.59003e+23         9.67384e+16    2.50432e-01
    3.86619e+23         9.64855e+16    2.46793e-01
    4.14234e+23         9.62321e+16    2.43177e-01
    4.41850e+23         9.59782e+16    2.39590e-01
    4.69466e+23         9.57240e+16    2.36030e-01
    4.97081e+23         9.54694e+16    2.32497e-01
    5.24697e+23         9.52144e+16    2.28991e-01
    5.52312e+23         9.49590e+16    2.25512e-01
    5.79928e+23         9.47032e+16    2.22060e-01
    6.07544e+23         9.44470e+16    2.18636e-01
    6.35159e+23         9.41903e+16    2.15238e-01
    6.62775e+23         9.39331e+16    2.11868e-01
    6.90391e+23         9.36755e+16    2.08524e-01
    7.18006e+23         9.34172e+16    2.05209e-01
    7.45622e+23         9.31582e+16    2.01920e-01
    7.73237e+23         9.28984e+16    1.98659e-01
    8.00853e+23         9.26379e+16    1.95424e-01
    8.28469e+23         9.23766e+16    1.92216e-01
    8.56084e+23         9.21145e+16    1.89035e-01
    8.83700e+23         9.18515e+16    1.85881e-01
    9.11316e+23         9.15877e+16    1.82754e-01
    9.38931e+23         9.13231e+16    1.79654e-01
    9.66547e+23         9.10576e+16    1.76581e-01
    9.94162e+23         9.07911e+16    1.73534e-01
    1.02178e+24         9.05238e+16    1.70515e-01
    1.04939e+24         9.02561e+16    1.67531e-01
    1.07701e+24         8.99870e+16    1.64571e-01
    1.10462e+24         8.97164e+16    1.61635e-01
    1.13224e+24         8.94443e+16    1.58724e-01
    1.15986e+24         8.91707e+16    1.55838e-01
    1.18747e+24         8.88955e+16    1.52976e-01
    1.21509e+24         8.86186e+16    1.50138e-01
    1.24270e+24         8.83402e+16    1.47325e-01
    1.27032e+24         8.80601e+16    1.44537e-01
    1.29793e+24         8.77783e+16    1.41773e-01
    1.32555e+24         8.74948e+16    1.39034e-01
    1.35317e+24         8.72094e+16    1.36320e-01
    1.38078e+24         8.69223e+16    1.33631e-01
    1.40840e+24         8.66334e+16    1.30970e-01
    1.43601e+24         8.63427e+16    1.28335e-01
    1.46363e+24         8.60502e+16    1.25729e-01
    1.49124e+24         8.57559e+16    1.23151e-01
    1.51886e+24         8.54597e+16    1.20601e-01
    1.54647e+24         8.51617e+16    1.18079e-01
    1.57409e+24         8.48618e+16    1.15585e-01
    1.60171e+24         8.45598e+16    1.13118e-01
    1.62932e+24         8.42559e+16    1.10679e-01
    1.65694e+24         8.39499e+16    1.08268e-01
    1.68455e+24         8.36419e+16    1.05884e-01
    1.71217e+24         8.33317e+16    1.03527e-01
    1.73978e+24         8.30192e+16    1.01198e-01
    1.76740e+24         8.27046e+16    9.88960e-02
    1.79502e+24         8.23875e+16    9.66201e-02
    1.82263e+24         8.20679e+16    9.43686e-02
    1.85025e+24         8.17457e+16    9.21416e-02
    1.87786e+24         8.14208e+16    8.99392e-02
    1.90548e+24         8.10932e+16    8.77614e-02
    1.93309e+24         8.07628e+16    8.56082e-02
    1.96071e+24         8.04296e+16    8.34799e-02
    1.98832e+24         8.00934e+16    8.13764e-02
    2.01594e+24         7.97542e+16    7.92978e-02
    2.04356e+24         7.94120e+16    7.72441e-02
    2.07117e+24         7.90667e+16    7.52156e-02
    2.09879e+24         7.87181e+16    7.32121e-02
    2.12640e+24         7.83662e+16    7.12339e-02
    2.15402e+24         7.80110e+16    6.92809e-02
    2.18163e+24         7.76522e+16    6.73532e-02
    2.20925e+24         7.72899e+16    6.54505e-02
    2.23687e+24         7.69239e+16    6.35730e-02
    2.26448e+24         7.65540e+16    6.17206e-02
    2.29210e+24         7.61803e+16    5.98935e-02
    2.31971e+24         7.58025e+16    5.80918e-02
    2.34733e+24         7.54207e+16    5.63155e-02
    2.37494e+24         7.50346e+16    5.45648e-02
    2.40256e+24         7.46441e+16    5.28397e-02
    2.43017e+24         7.42492e+16    5.11403e-02
    2.45779e+24         7.38496e+16    4.94667e-02
    2.48541e+24         7.34450e+16    4.78190e-02
    2.51302e+24         7.30355e+16    4.61971e-02
    2.54064e+24         7.26207e+16    4.46012e-02
    2.56825e+24         7.22006e+16    4.30314e-02
    2.59587e+24         7.17749e+16    4.14878e-02
    2.62348e+24         7.13435e+16    3.99705e-02
    2.65110e+24         7.09062e+16    3.84794e-02
    2.67872e+24         7.04628e+16    3.70149e-02
    2.70633e+24         7.00130e+16    3.55769e-02
    2.73395e+24         6.95568e+16    3.41656e-02
    2.76156e+24         6.90940e+16    3.27814e-02
    2.78918e+24         6.86244e+16    3.14242e-02
    2.81679e+24         6.81476e+16    3.00942e-02
    2.84441e+24         6.76635e+16    2.87914e-02
    2.87202e+24         6.71718e+16    2.75160e-02
    2.89964e+24         6.66721e+16    2.62680e-02
    2.92726e+24         6.61641e+16    2.50476e-02
    2.95487e+24         6.56474e+16    2.38548e-02
    2.98249e+24         6.51217e+16    2.26896e-02
    3.01010e+24         6.45865e+16    2.15523e-02
    3.03772e+24         6.40415e+16    2.04429e-02
    3.06533e+24         6.34862e+16    1.93615e-02
    3.09295e+24         6.29201e+16    1.83081e-02
    3.12057e+24         6.23429e+16    1.72831e-02
    3.14818e+24         6.17541e+16    1.62866e-02
    3.17580e+24         6.11532e+16    1.53187e-02
    3.20341e+24         6.05395e+16    1.43795e-02
    3.23103e+24         5.99124e+16    1.34692e-02
    3.25864e+24         5.92711e+16    1.25877e-02
    3.28626e+24         5.86148e+16    1.17353e-02
    3.31387e+24         5.79426e+16    1.09119e-02
    3.34149e+24         5.72536e+16    1.01178e-02
    3.36911e+24         5.65466e+16    9.35299e-03
    3.39672e+24         5.58205e+16    8.61734e-03
    3.42434e+24         5.50737e+16    7.91064e-03
    3.45195e+24         5.43048e+16    7.23307e-03
    3.47957e+24         5.35121e+16    6.58481e-03
    3.50718e+24         5.26938e+16    5.96598e-03
    3.53480e+24         5.18478e+16    5.37678e-03
    3.54861e+24         5.14097e+16    5.09708e-03
    3.56242e+24         5.09636e+16    4.82461e-03
    3.57622e+24         5.05089e+16    4.55929e-03
    3.59003e+24         5.00451e+16    4.30102e-03
    3.60384e+24         4.95718e+16    4.04985e-03
    3.61765e+24         4.90884e+16    3.80581e-03
    3.63145e+24         4.85946e+16    3.56897e-03
    3.64526e+24         4.80896e+16    3.33935e-03
    3.65907e+24         4.75728e+16    3.11702e-03
    3.67288e+24         4.70437e+16    2.90201e-03
    3.68669e+24         4.65015e+16    2.69437e-03
    3.70049e+24         4.59453e+16    2.49413e-03
    3.71430e+24         4.53741e+16    2.30133e-03
    3.72811e+24         4.47864e+16    2.11583e-03
    3.74192e+24         4.41808e+16    1.93770e-03
    3.75572e+24         4.35560e+16    1.76699e-03
    3.76953e+24         4.29107e+16    1.60374e-03
    3.78334e+24         4.22430e+16    1.44802e-03
    3.79024e+24         4.18971e+16    1.37397e-03
    3.79715e+24         4.15446e+16    1.30176e-03
    3.80405e+24         4.11854e+16    1.23140e-03
    3.81096e+24         4.08189e+16    1.16291e-03
    3.81786e+24         4.04448e+16    1.09630e-03
    3.82476e+24         4.00626e+16    1.03158e-03
    3.83167e+24         3.96720e+16    0.00000e+00
    3.83857e+24         3.92724e+16    0.00000e+00
    3.84548e+24         3.88634e+16    0.00000e+00
    3.85238e+24         3.84444e+16    0.00000e+00
    3.85928e+24         3.80149e+16    0.00000e+00
    3.86619e+24         3.75742e+16    0.00000e+00
    3.87309e+24         3.71216e+16    0.00000e+00
    3.88000e+24         3.66560e+16    0.00000e+00
    3.88690e+24         3.61751e+16    0.00000e+00
    3.89380e+24         3.56778e+16    0.00000e+00
    3.90071e+24         3.51629e+16    0.00000e+00
    3.90761e+24         3.46288e+16    0.00000e+00
    3.91451e+24         3.40738e+16    0.00000e+00
    3.92142e+24         3.34960e+16    0.00000e+00
    3.92832e+24         3.28931e+16    0.00000e+00
    3.93523e+24         3.22609e+16    0.00000e+00
    3.94213e+24         3.15960e+16    0.00000e+00
    3.94903e+24         3.08944e+16    0.00000e+00
    3.95594e+24         3.01512e+16    0.00000e+00
    3.96284e+24         2.93606e+16    0.00000e+00
    3.96975e+24         2.85050e+16    0.00000e+00
    3.97665e+24         2.75721e+16    0.00000e+00
    3.98355e+24         2.65455e+16    0.00000e+00
    3.99046e+24         2.53954e+16    0.00000e+00
    3.99736e+24         2.40791e+16    0.00000e+00
    4.00427e+24         2.25394e+16    0.00000e+00
    4.01117e+24         2.06841e+16    0.00000e+00
    4.01462e+24         1.94956e+16    0.00000e+00
    4.01807e+24         1.80917e+16    0.00000e+00
    4.02153e+24         1.63847e+16    0.00000e+00
    4.02325e+24         1.52729e+16    0.00000e+00
    4.02498e+24         1.39350e+16    0.00000e+00
    4.02584e+24         1.30864e+16    0.00000e+00
    4.02670e+24         1.20887e+16    0.00000e+00
    4.02713e+24         1.14719e+16    0.00000e+00
    4.02757e+24         1.07643e+16    0.00000e+00
    4.02800e+24         9.93352e+15    0.00000e+00
    4.02821e+24         9.42395e+15    0.00000e+00
    4.02843e+24         8.84170e+15    0.00000e+00
    4.02864e+24         8.16167e+15    0.00000e+00
    4.02875e+24         7.75162e+15    0.00000e+00
    4.02886e+24         7.29107e+15    0.00000e+00
    4.02897e+24         6.76293e+15    0.00000e+00
    4.02908e+24         6.13959e+15    0.00000e+00
    4.02913e+24         5.75686e+15    0.00000e+00
    4.02918e+24         5.31842e+15    0.00000e+00
    4.02924e+24         4.80135e+15    0.00000e+00
    4.02927e+24         4.48227e+15    0.00000e+00
    4.02929e+24         4.11487e+15    0.00000e+00
    4.02931e+24         3.89627e+15    0.00000e+00
    4.02932e+24         3.65212e+15    0.00000e+00
    4.02933e+24         3.37391e+15    0.00000e+00
    4.02935e+24         3.04750e+15    0.00000e+00
    4.02935e+24         2.84724e+15    0.00000e+00
    4.02936e+24         2.61769e+15    0.00000e+00
    4.02936e+24         2.48183e+15    0.00000e+00
    4.02937e+24         2.33064e+15    0.00000e+00
    4.02937e+24         2.15916e+15    0.00000e+00
    4.02937e+24         1.95931e+15    0.00000e+00
    4.02937e+24         1.83794e+15    0.00000e+00
    4.02938e+24         1.69999e+15    0.00000e+00
    4.02938e+24         1.53872e+15    0.00000e+00
    4.02938e+24         1.44027e+15    0.00000e+00
    4.02938e+24         1.32785e+15    0.00000e+00
    4.02938e+24         1.19548e+15    0.00000e+00
    4.02938e+24         1.11364e+15    0.00000e+00
    4.02938e+24         1.01907e+15    0.00000e+00
    4.02938e+24         9.62359e+14    0.00000e+00
    4.02938e+24         8.98400e+14    0.00000e+00
    4.02938e+24         8.24444e+14    0.00000e+00
    4.02938e+24         7.79985e+14    0.00000e+00
    4.02938e+24         7.29767e+14    0.00000e+00
    4.02938e+24         6.71522e+14    0.00000e+00
    4.02938e+24         6.36161e+14    0.00000e+00
    4.02938e+24         5.95973e+14    0.00000e+00
    4.02938e+24         5.49064e+14    0.00000e+00
    4.02938e+24         5.20250e+14    0.00000e+00
    4.02938e+24         4.87260e+14    0.00000e+00
    4.02938e+24         4.48428e+14    0.00000e+00
    4.02938e+24         4.24666e+14    0.00000e+00
    4.02938e+24         3.97515e+14    0.00000e+00
    4.02938e+24         3.65573e+14    0.00000e+00
    4.02938e+24         3.46040e+14    0.00000e+00
    4.02938e+24         3.23797e+14    0.00000e+00
    4.02938e+24         2.97815e+14    0.00000e+00
    4.02938e+24         2.82066e+14    0.00000e+00
    4.02938e+24         2.64266e+14    0.00000e+00
    4.02938e+24         2.43753e+14    0.00000e+00
    4.02938e+24         2.31544e+14    0.00000e+00
    4.02938e+24         2.17916e+14    0.00000e+00
    4.02938e+24         2.02457e+14    0.00000e+00
    4.02938e+24         1.84453e+14    0.00000e+00
    4.02938e+24         1.73549e+14    0.00000e+00
    4.02938e+24         1.61203e+14    0.00000e+00
    4.02938e+24         1.46863e+14    0.00000e+00
    4.02938e+24         1.38210e+14    0.00000e+00
    4.02938e+24         1.28429e+14    0.00000e+00
    4.02938e+24         1.17092e+14    0.00000e+00
    4.02938e+24         1.10268e+14    0.00000e+00
    4.02938e+24         1.02569e+14    0.00000e+00
    4.02938e+24         9.36649e+13    0.00000e+00
    4.02938e+24         8.83204e+13    0.00000e+00
    4.02938e+24         8.23032e+13    0.00000e+00
    4.02938e+24         7.53599e+13    0.00000e+00
    4.02938e+24         7.12065e+13    0.00000e+00
    4.02938e+24         6.65426e+13    0.00000e+00
    4.02938e+24         6.11777e+13    0.00000e+00
    4.02938e+24         5.79824e+13    0.00000e+00
    4.02938e+24         5.44069e+13    0.00000e+00
    4.02938e+24         5.03054e+13    0.00000e+00
    4.02938e+24         4.54341e+13    0.00000e+00
    4.02938e+24         4.23806e+13    0.00000e+00
    4.02938e+24         3.88167e+13    0.00000e+00
    4.02938e+24         3.66393e+13    0.00000e+00
    4.02938e+24         3.41599e+13    0.00000e+00
    4.02938e+24         3.12602e+13    0.00000e+00
    4.02938e+24         2.94917e+13    0.00000e+00
    4.02938e+24         2.74787e+13    0.00000e+00
    4.02938e+24         2.51269e+13    0.00000e+00
    4.02938e+24         2.37004e+13    0.00000e+00
    4.02938e+24         2.20832e+13    0.00000e+00
    4.02938e+24         2.02024e+13    0.00000e+00
    4.02938e+24         1.90661e+13    0.00000e+00
    4.02938e+24         1.77818e+13    0.00000e+00
    4.02938e+24         1.62921e+13    0.00000e+00
    4.02938e+24         1.53934e+13    0.00000e+00
    4.02938e+24         1.43782e+13    0.00000e+00
    4.02938e+24         1.32009e+13    0.00000e+00
    4.02938e+24         1.24905e+13    0.00000e+00
    4.02938e+24         1.16875e+13    0.00000e+00
    4.02938e+24         1.07587e+13    0.00000e+00
    4.02938e+24         1.02036e+13    0.00000e+00
    4.02938e+24         9.58093e+12    0.00000e+00
    4.02938e+24         8.86814e+12    0.00000e+00
    4.02938e+24         8.02966e+12    0.00000e+00
    4.02938e+24         7.51354e+12    0.00000e+00
    4.02938e+24         6.92121e+12    0.00000e+00
    4.02938e+24         6.57058e+12    0.00000e+00
    4.02938e+24         6.18082e+12    0.00000e+00
    4.02938e+24         5.73945e+12    0.00000e+00
    4.02938e+24         5.22645e+12    0.00000e+00
    4.02938e+24         4.91661e+12    0.00000e+00
    4.02938e+24         4.56615e+12    0.00000e+00
    4.02938e+24         4.15944e+12    0.00000e+00
    4.02938e+24         3.91418e+12    0.00000e+00
    4.02938e+24         3.63711e+12    0.00000e+00
    4.02938e+24         3.31608e+12    0.00000e+00
    4.02938e+24         3.12291e+12    0.00000e+00
    4.02938e+24         2.90507e+12    0.00000e+00
    4.02938e+24         2.65330e+12    0.00000e+00
    4.02938e+24         2.50236e+12    0.00000e+00
    4.02938e+24         2.33265e+12    0.00000e+00
    4.02938e+24         2.13734e+12    0.00000e+00
    4.02938e+24         2.02101e+12    0.00000e+00
    4.02938e+24         1.89090e+12    0.00000e+00
    4.02938e+24         1.74226e+12    0.00000e+00
    4.02938e+24         1.65471e+12    0.00000e+00
    4.02938e+24         1.55764e+12    0.00000e+00
    4.02938e+24         1.44807e+12    0.00000e+00
    4.02938e+24         1.32126e+12    0.00000e+00
    4.02938e+24         1.24505e+12    0.00000e+00
    4.02938e+24         1.15917e+12    0.00000e+00
    4.02938e+24         1.06000e+12    0.00000e+00
    4.02938e+24         1.00057e+12    0.00000e+00
    4.02938e+24         9.33732e+11    0.00000e+00
    4.02938e+24         8.56760e+11    0.00000e+00
    4.02938e+24         8.10800e+11    0.00000e+00
    4.02938e+24         7.59286e+11    0.00000e+00
    4.02938e+24         7.00288e+11    0.00000e+00
    4.02938e+24         6.30570e+11    0.00000e+00
    4.02938e+24         5.87290e+11    0.00000e+00
    4.02938e+24         5.37193e+11    0.00000e+00
    4.02938e+24         5.07097e+11    0.00000e+00
    4.02938e+24         4.73198e+11    0.00000e+00
    4.02938e+24         4.34098e+11    0.00000e+00
    4.02938e+24         4.10710e+11    0.00000e+00
    4.02938e+24         3.84442e+11    0.00000e+00
    4.02938e+24         3.54200e+11    0.00000e+00
    4.02938e+24         3.36189e+11    0.00000e+00
    4.02938e+24         3.16056e+11    0.00000e+00
    4.02938e+24         2.93043e+11    0.00000e+00
    4.02938e+24         2.65915e+11    0.00000e+00
    4.02938e+24         2.49215e+11    0.00000e+00
    4.02938e+24         2.30012e+11    0.00000e+00
    4.02938e+24         2.07238e+11    0.00000e+00
    4.02938e+24         1.93071e+11    0.00000e+00
    4.02938e+24         1.76648e+11    0.00000e+00
    4.02938e+24         1.66782e+11    0.00000e+00
    4.02938e+24         1.55686e+11    0.00000e+00
    4.02938e+24         1.42921e+11    0.00000e+00
    4.02938e+24         1.35326e+11    0.00000e+00
    4.02938e+24         1.26844e+11    0.00000e+00
    4.02938e+24         1.17177e+11    0.00000e+00
    4.02938e+24         1.05836e+11    0.00000e+00
    4.02938e+24         9.88760e+10    0.00000e+00
    4.02938e+24         9.08973e+10    0.00000e+00
    4.02938e+24         8.61744e+10    0.00000e+00
    4.02938e+24         8.09182e+10    0.00000e+00
    4.02938e+24         7.49552e+10    0.00000e+00
    4.02938e+24         6.80040e+10    0.00000e+00
    4.02938e+24         6.37806e+10    0.00000e+00
    4.02938e+24         5.89786e+10    0.00000e+00
    4.02938e+24         5.33623e+10    0.00000e+00
    4.02938e+24         4.99315e+10    0.00000e+00
    4.02938e+24         4.60129e+10    0.00000e+00
    4.02938e+24         4.37056e+10    0.00000e+00
    4.02938e+24         4.11481e+10    0.00000e+00
    4.02938e+24         3.82627e+10    0.00000e+00
    4.02938e+24         3.49258e+10    0.00000e+00
    4.02938e+24         3.29231e+10    0.00000e+00
    4.02938e+24         3.06695e+10    0.00000e+00
    4.02938e+24         2.80724e+10    0.00000e+00
    4.02938e+24         2.65225e+10    0.00000e+00
    4.02938e+24         2.47861e+10    0.00000e+00
    4.02938e+24         2.27979e+10    0.00000e+00
    4.02938e+24         2.16229e+10    0.00000e+00
    4.02938e+24         2.03166e+10    0.00000e+00
    4.02938e+24         1.88370e+10    0.00000e+00
    4.02938e+24         1.71158e+10    0.00000e+00
    4.02938e+24         1.60735e+10    0.00000e+00
    4.02938e+24         1.48915e+10    0.00000e+00
    4.02938e+24         1.35145e+10    0.00000e+00
    4.02938e+24         1.26785e+10    0.00000e+00
    4.02938e+24         1.17286e+10    0.00000e+00
    4.02938e+24         1.06187e+10    0.00000e+00
    4.02938e+24         9.94164e+09    0.00000e+00
    4.02938e+24         9.16923e+09    0.00000e+00
    4.02938e+24         8.26120e+09    0.00000e+00
    4.02938e+24         7.70190e+09    0.00000e+00
    4.02938e+24         7.05841e+09    0.00000e+00
    4.02938e+24         6.67533e+09    0.00000e+00
    4.02938e+24         6.24702e+09    0.00000e+00
    4.02938e+24         5.75797e+09    0.00000e+00
    4.02938e+24         5.18231e+09    0.00000e+00
    4.02938e+24         4.82698e+09    0.00000e+00
    4.02938e+24         4.41741e+09    0.00000e+00
    4.02938e+24         4.17290e+09    0.00000e+00
    4.02938e+24         3.89889e+09    0.00000e+00
    4.02938e+24         3.58501e+09    0.00000e+00
    4.02938e+24         3.39938e+09    0.00000e+00
    4.02938e+24         3.19293e+09    0.00000e+00
    4.02938e+24         2.95892e+09    0.00000e+00
    4.02938e+24         2.68643e+09    0.00000e+00
    4.02938e+24         2.52115e+09    0.00000e+00
    4.02938e+24         2.33348e+09    0.00000e+00
    4.02938e+24         2.11442e+09    0.00000e+00
    4.02938e+24         1.98101e+09    0.00000e+00
    4.02938e+24         1.82903e+09    0.00000e+00
    4.02938e+24         1.65075e+09    0.00000e+00
    4.02938e+24         1.54131e+09    0.00000e+00
    4.02938e+24         1.41578e+09    0.00000e+00
    4.02938e+24         1.34140e+09    0.00000e+00
    4.02938e+24         1.25853e+09    0.00000e+00
    4.02938e+24         1.16439e+09    0.00000e+00
    4.02938e+24         1.05441e+09    0.00000e+00
    4.02938e+24         9.87357e+08    0.00000e+00
    4.02938e+24         9.10883e+08    0.00000e+00
    4.02938e+24         8.21028e+08    0.00000e+00
    4.02938e+24         7.65729e+08    0.00000e+00
    4.02938e+24         7.02155e+08    0.00000e+00
    4.02938e+24         6.64350e+08    0.00000e+00
    4.02938e+24         6.22122e+08    0.00000e+00
    4.02938e+24         5.73965e+08    0.00000e+00
    4.02938e+24         5.17389e+08    0.00000e+00
    4.02938e+24         4.82576e+08    0.00000e+00
    4.02938e+24         4.42559e+08    0.00000e+00
    4.02938e+24         4.18769e+08    0.00000e+00
    4.02938e+24         3.92199e+08    0.00000e+00
    4.02938e+24         3.61907e+08    0.00000e+00
    4.02938e+24         3.26331e+08    0.00000e+00
    4.02938e+24         3.04454e+08    0.00000e+00
    4.02938e+24         2.79319e+08    0.00000e+00
    4.02938e+24         2.64388e+08    0.00000e+00
    4.02938e+24         2.47723e+08    0.00000e+00
    4.02938e+24         2.28741e+08    0.00000e+00
    4.02938e+24         2.06477e+08    0.00000e+00
    4.02938e+24         1.92815e+08    0.00000e+00
    4.02938e+24         1.77149e+08    0.00000e+00
    4.02938e+24         1.67869e+08    0.00000e+00
    4.02938e+24         1.57535e+08    0.00000e+00
    4.02938e+24         1.45800e+08    0.00000e+00
    4.02938e+24         1.32100e+08    0.00000e+00
    4.02938e+24         1.23756e+08    0.00000e+00
    4.02938e+24         1.14249e+08    0.00000e+00
    4.02938e+24         1.03093e+08    0.00000e+00
    4.02938e+24         9.62429e+07    0.00000e+00
    4.02938e+24         8.83828e+07    0.00000e+00
    4.02938e+24         8.37227e+07    0.00000e+00
    4.02938e+24         7.85293e+07    0.00000e+00
    4.02938e+24         7.26263e+07    0.00000e+00
    4.02938e+24         6.57248e+07    0.00000e+00
    4.02938e+24         6.15113e+07    0.00000e+00
    4.02938e+24         5.67007e+07    0.00000e+00
    4.02938e+24         5.10393e+07    0.00000e+00
    4.02938e+24         4.75458e+07    0.00000e+00
    4.02938e+24         4.35200e+07    0.00000e+00
    4.02938e+24         4.11175e+07    0.00000e+00
    4.02938e+24         3.84260e+07    0.00000e+00
    4.02938e+24         3.53443e+07    0.00000e+00
    4.02938e+24         3.35230e+07    0.00000e+00
    4.02938e+24         3.14984e+07    0.00000e+00
    4.02938e+24         2.92052e+07    0.00000e+00
    4.02938e+24         2.65378e+07    0.00000e+00
    4.02938e+24         2.49225e+07    0.00000e+00
    4.02938e+24         2.30910e+07    0.00000e+00
    4.02938e+24         2.09575e+07    0.00000e+00
    4.02938e+24         1.96625e+07    0.00000e+00
    4.02938e+24         1.81913e+07    0.00000e+00
    4.02938e+24         1.64725e+07    0.00000e+00
    4.02938e+24         1.54244e+07    0.00000e+00
    4.02938e+24         1.42290e+07    0.00000e+00
    4.02938e+24         1.28243e+07    0.00000e+00
    4.02938e+24         1.19597e+07    0.00000e+00
    4.02938e+24         1.09655e+07    0.00000e+00
    4.02938e+24         1.03742e+07    0.00000e+00
    4.02938e+24         9.71362e+06    0.00000e+00
    4.02938e+24         8.96008e+06    0.00000e+00
    4.02938e+24         8.07448e+06    0.00000e+00
    4.02938e+24         7.52921e+06    0.00000e+00
    4.02938e+24         6.90212e+06    0.00000e+00
    4.02938e+24         6.52900e+06    0.00000e+00
    4.02938e+24         6.11203e+06    0.00000e+00
    4.02938e+24         5.63622e+06    0.00000e+00
    4.02938e+24         5.07668e+06    0.00000e+00
    4.02938e+24         4.73184e+06    0.00000e+00
    4.02938e+24         4.33492e+06    0.00000e+00
    4.02938e+24         4.09844e+06    0.00000e+00
    4.02938e+24         3.83389e+06    0.00000e+00
    4.02938e+24         3.53157e+06    0.00000e+00
    4.02938e+24         3.35343e+06    0.00000e+00
    4.02938e+24         3.15585e+06    0.00000e+00
    4.02938e+24         2.93276e+06    0.00000e+00
    4.02938e+24         2.67444e+06    0.00000e+00
    4.02938e+24         2.51912e+06    0.00000e+00
    4.02938e+24         2.34406e+06    0.00000e+00
    4.02938e+24         2.14188e+06    0.00000e+00
    4.02938e+24         2.02080e+06    0.00000e+00
    4.02938e+24         1.88478e+06    0.00000e+00
    4.02938e+24         1.72841e+06    0.00000e+00
    4.02938e+24         1.63545e+06    0.00000e+00
    4.02938e+24         1.53161e+06    0.00000e+00
    4.02938e+24         1.41322e+06    0.00000e+00
    4.02938e+24         1.27415e+06    0.00000e+00
    4.02938e+24         1.18862e+06    0.00000e+00
    4.02938e+24         1.09033e+06    0.00000e+00
    4.02938e+24         1.03192e+06    0.00000e+00
    4.02938e+24         9.66718e+05    0.00000e+00
    4.02938e+24         8.92423e+05    0.00000e+00
    4.02938e+24         8.05241e+05    0.00000e+00
    4.02938e+24         7.51701e+05    0.00000e+00
    4.02938e+24         6.90262e+05    0.00000e+00
    4.02938e+24         6.53830e+05    0.00000e+00
    4.02938e+24         6.13226e+05    0.00000e+00
    4.02938e+24         5.67066e+05    0.00000e+00
    4.02938e+24         5.13085e+05    0.00000e+00
    4.02938e+24         4.80117e+05    0.00000e+00
    4.02938e+24         4.42466e+05    0.00000e+00
    4.02938e+24         4.20300e+05    0.00000e+00
    4.02938e+24         3.95735e+05    0.00000e+00
    4.02938e+24         3.68025e+05    0.00000e+00
    4.02938e+24         3.35985e+05    0.00000e+00
    4.02938e+24         3.16764e+05    0.00000e+00
    4.02938e+24         2.95140e+05    0.00000e+00
    4.02938e+24         2.70230e+05    0.00000e+00
    4.02938e+24         2.55374e+05    0.00000e+00
    4.02938e+24         2.38739e+05    0.00000e+00
    4.02938e+24         2.19704e+05    0.00000e+00
    4.02938e+24         2.08467e+05    0.00000e+00
    4.02938e+24         1.95985e+05    0.00000e+00
    4.02938e+24         1.81862e+05    0.00000e+00
    4.02938e+24         1.65461e+05    0.00000e+00
    4.02938e+24         1.55554e+05    0.00000e+00
    4.02938e+24         1.44346e+05    0.00000e+00
    4.02938e+24         1.31328e+05    0.00000e+00
    4.02938e+24         1.23466e+05    0.00000e+00
    4.02938e+24         1.14569e+05    0.00000e+00
    4.02938e+24         1.04238e+05    0.00000e+00
    4.02938e+24         9.79977e+04    0.00000e+00
    4.02938e+24         9.09372e+04    0.00000e+00
    4.02938e+24         8.27378e+04    0.00000e+00
    4.02938e+24         7.77853e+04    0.00000e+00
    4.02938e+24         7.21820e+04    0.00000e+00
    4.02938e+24         6.56751e+04    0.00000e+00
    4.02938e+24         6.17450e+04    0.00000e+00
    4.02938e+24         5.72987e+04    0.00000e+00
    4.02938e+24         5.21356e+04    0.00000e+00
    4.02938e+24         4.90174e+04    0.00000e+00
    4.02938e+24         4.54898e+04    0.00000e+00
    4.02938e+24         4.13939e+04    0.00000e+00
    4.02938e+24         3.89206e+04    0.00000e+00
    4.02938e+24         3.61231e+04    0.00000e+00
    4.02938e+24         3.28754e+04    0.00000e+00
    4.02938e+24         3.09148e+04    0.00000e+00
    4.02938e+24         2.86977e+04    0.00000e+00
    4.02938e+24         2.61249e+04    0.00000e+00
    4.02938e+24         2.45726e+04    0.00000e+00
    4.02938e+24         2.28180e+04    0.00000e+00
    4.02938e+24         2.07831e+04    0.00000e+00
    4.02938e+24         1.95567e+04    0.00000e+00
    4.02938e+24         1.81717e+04    0.00000e+00
    4.02938e+24         1.65674e+04    0.00000e+00
    4.02938e+24         1.56025e+04    0.00000e+00
    4.02938e+24         1.45144e+04    0.00000e+00
    4.02938e+24         1.32572e+04    0.00000e+00
    4.02938e+24         1.25037e+04    0.00000e+00
    4.02938e+24         1.16566e+04    0.00000e+00
    4.02938e+24         1.06819e+04    0.00000e+00
    4.02938e+24         1.01016e+04    0.00000e+00
    4.02938e+24         9.45273e+03    0.00000e+00
    4.02938e+24         8.71168e+03    0.00000e+00
    4.02938e+24         8.27543e+03    0.00000e+00
    4.02938e+24         7.79198e+03    0.00000e+00
    4.02938e+24         7.24667e+03    0.00000e+00
    4.02938e+24         6.61621e+03    0.00000e+00
    4.02938e+24         6.23805e+03    0.00000e+00
    4.02938e+24         5.81264e+03    0.00000e+00
    4.02938e+24         5.32268e+03    0.00000e+00
    4.02938e+24         5.03052e+03    0.00000e+00
    4.02938e+24         4.70345e+03    0.00000e+00
    4.02938e+24         4.32930e+03    0.00000e+00
    4.02938e+24         4.10850e+03    0.00000e+00
    4.02938e+24         3.86332e+03    0.00000e+00
    4.02938e+24         3.58604e+03    0.00000e+00
    4.02938e+24         3.26421e+03    0.00000e+00
    4.02938e+24         3.07001e+03    0.00000e+00
    4.02938e+24         2.85046e+03    0.00000e+00
    4.02938e+24         2.59579e+03    0.00000e+00
    4.02938e+24         2.44224e+03    0.00000e+00
    4.02938e+24         2.26877e+03    0.00000e+00
    4.02938e+24         2.06777e+03    0.00000e+00
    4.02938e+24         1.94678e+03    0.00000e+00
    4.02938e+24         1.81028e+03    0.00000e+00
    4.02938e+24         1.65243e+03    0.00000e+00
    4.02938e+24         1.55770e+03    0.00000e+00
    4.02938e+24         1.45110e+03    0.00000e+00
    4.02938e+24         1.32826e+03    0.00000e+00
    4.02938e+24         1.25496e+03    0.00000e+00
    4.02938e+24         1.17284e+03    0.00000e+00
    4.02938e+24         1.07882e+03    0.00000e+00
    4.02938e+24         1.02326e+03    0.00000e+00
    4.02938e+24         9.61507e+02    0.00000e+00
    4.02938e+24         8.91562e+02    0.00000e+00
    4.02938e+24         8.10211e+02    0.00000e+00
    4.02938e+24         7.60958e+02    0.00000e+00
    4.02938e+24         7.05122e+02    0.00000e+00
    4.02938e+24         6.40093e+02    0.00000e+00
    4.02938e+24         6.00636e+02    0.00000e+00
    4.02938e+24         5.55826e+02    0.00000e+00
    4.02938e+24         5.03499e+02    0.00000e+00
    4.02938e+24         4.71614e+02    0.00000e+00
    4.02938e+24         4.35273e+02    0.00000e+00
    4.02938e+24         3.92610e+02    0.00000e+00
    4.02938e+24         3.66391e+02    0.00000e+00
    4.02938e+24         3.36285e+02    0.00000e+00
    4.02938e+24         3.18416e+02    0.00000e+00
    4.02938e+24         2.98485e+02    0.00000e+00
    4.02938e+24         2.75803e+02    0.00000e+00
    4.02938e+24         2.49238e+02    0.00000e+00
    4.02938e+24         2.32973e+02    0.00000e+00
    4.02938e+24         2.14357e+02    0.00000e+00
    4.02938e+24         2.03363e+02    0.00000e+00
    4.02938e+24         1.91147e+02    0.00000e+00
    4.02938e+24         1.77321e+02    0.00000e+00
    4.02938e+24         1.61254e+02    0.00000e+00
    4.02938e+24         1.51540e+02    0.00000e+00
    4.02938e+24         1.40540e+02    0.00000e+00
    4.02938e+24         1.27752e+02    0.00000e+00
    4.02938e+24         1.20013e+02    0.00000e+00
    4.02938e+24         1.11244e+02    0.00000e+00
    4.02938e+24         1.01039e+02    0.00000e+00
    4.02938e+24         9.48528e+01    0.00000e+00
    4.02938e+24         8.78340e+01    0.00000e+00
    4.02938e+24         7.96486e+01    0.00000e+00
    4.02938e+24         7.46715e+01    0.00000e+00
    4.02938e+24         6.90087e+01    0.00000e+00
    4.02938e+24         6.23786e+01    0.00000e+00
    4.02938e+24         5.83213e+01    0.00000e+00
    4.02938e+24         5.36799e+01    0.00000e+00
    4.02938e+24         5.09405e+01    0.00000e+00
    4.02938e+24         4.78986e+01    0.00000e+00
    4.02938e+24         4.44580e+01    0.00000e+00
    4.02938e+24         4.04643e+01    0.00000e+00
    4.02938e+24         3.80539e+01    0.00000e+00
    4.02938e+24         3.53283e+01    0.00000e+00
    4.02938e+24         3.21661e+01    0.00000e+00
    4.02938e+24         3.02588e+01    0.00000e+00
    4.02938e+24         2.81035e+01    0.00000e+00
    4.02938e+24         2.56049e+01    0.00000e+00
    4.02938e+24         2.40999e+01    0.00000e+00
    4.02938e+24         2.24010e+01    0.00000e+00
    4.02938e+24         2.04347e+01    0.00000e+00
    4.02938e+24         1.92533e+01    0.00000e+00
    4.02938e+24         1.79224e+01    0.00000e+00
    4.02938e+24         1.63865e+01    0.00000e+00
    4.02938e+24         1.54678e+01    0.00000e+00
    4.02938e+24         1.44368e+01    0.00000e+00
    4.02938e+24         1.32532e+01    0.00000e+00
    4.02938e+24         1.25511e+01    0.00000e+00
    4.02938e+24         1.17681e+01    0.00000e+00
    4.02938e+24         1.08775e+01    0.00000e+00
    4.02938e+24         9.83511e+00    0.00000e+00
    4.02938e+24         9.19757e+00    0.00000e+00
    4.02938e+24         8.46859e+00    0.00000e+00
    4.02938e+24         8.03864e+00    0.00000e+00
    4.02938e+24         7.56147e+00    0.00000e+00
    4.02938e+24         7.02219e+00    0.00000e+00
    4.02938e+24         6.39688e+00    0.00000e+00
    4.02938e+24         6.02012e+00    0.00000e+00
    4.02938e+24         5.59472e+00    0.00000e+00
    4.02938e+24         5.10218e+00    0.00000e+00
    4.02938e+24         4.80606e+00    0.00000e+00
    4.02938e+24         4.47233e+00    0.00000e+00
    4.02938e+24         4.08694e+00    0.00000e+00
    4.02938e+24         3.85618e+00    0.00000e+00
    4.02938e+24         3.59698e+00    0.00000e+00
    4.02938e+24         3.29909e+00    0.00000e+00
    4.02938e+24         3.12202e+00    0.00000e+00
    4.02938e+24         2.92431e+00    0.00000e+00
    4.02938e+24         2.69895e+00    0.00000e+00
    4.02938e+24         2.43439e+00    0.00000e+00
    4.02938e+24         2.27180e+00    0.00000e+00
    4.02938e+24         2.08510e+00    0.00000e+00
    4.02938e+24         1.97428e+00    0.00000e+00
    4.02938e+24         1.85068e+00    0.00000e+00
    4.02938e+24         1.71001e+00    0.00000e+00
    4.02938e+24         1.54525e+00    0.00000e+00
    4.02938e+24         1.44436e+00    0.00000e+00
    4.02938e+24         1.32889e+00    0.00000e+00
    4.02938e+24         1.26069e+00    0.00000e+00
    4.02938e+24         1.18490e+00    0.00000e+00
    4.02938e+24         1.09911e+00    0.00000e+00
    4.02938e+24         9.99409e-01    0.00000e+00
    4.02938e+24         9.39115e-01    0.00000e+00
    4.02938e+24         8.70829e-01    0.00000e+00
    4.02938e+24         7.91415e-01    0.00000e+00
    4.02938e+24         7.43339e-01    0.00000e+00
    4.02938e+24         6.88844e-01    0.00000e+00
    4.02938e+24         6.25385e-01    0.00000e+00
    4.02938e+24         5.86890e-01    0.00000e+00
    4.02938e+24         5.43179e-01    0.00000e+00
    4.02938e+24         4.92149e-01    0.00000e+00
    4.02938e+24         4.61069e-01    0.00000e+00
    4.02938e+24         4.25658e-01    0.00000e+00
    4.02938e+24         3.84110e-01    0.00000e+00
    4.02938e+24         3.58598e-01    0.00000e+00
    4.02938e+24         3.29328e-01    0.00000e+00
    4.02938e+24         3.11976e-01    0.00000e+00
    4.02938e+24         2.92639e-01    0.00000e+00
    4.02938e+24         2.70663e-01    0.00000e+00
    4.02938e+24         2.44974e-01    0.00000e+00
    4.02938e+24         2.29294e-01    0.00000e+00
    4.02938e+24         2.11396e-01    0.00000e+00
    4.02938e+24         1.90339e-01    0.00000e+00
    4.02938e+24         1.77352e-01    0.00000e+00
    4.02938e+24         1.62394e-01    0.00000e+00
    4.02938e+24         1.53474e-01    0.00000e+00
    4.02938e+24         1.43486e-01    0.00000e+00
    4.02938e+24         1.32060e-01    0.00000e+00
    4.02938e+24         1.25315e-01    0.00000e+00
    4.02938e+24         1.17825e-01    0.00000e+00
    4.02938e+24         1.09353e-01    0.00000e+00
    4.02938e+24         9.95161e-02    0.00000e+00
    4.02938e+24         9.35776e-02    0.00000e+00
    4.02938e+24         8.68614e-02    0.00000e+00
    4.02938e+24         7.90665e-02    0.00000e+00
    4.02938e+24         7.43627e-02    0.00000e+00
    4.02938e+24         6.90450e-02    0.00000e+00
    4.02938e+24         6.28766e-02    0.00000e+00
    4.02938e+24         5.91576e-02    0.00000e+00
    4.02938e+24         5.49563e-02    0.00000e+00
    4.02938e+24         5.00881e-02    0.00000e+00
    4.02938e+24         4.71579e-02    0.00000e+00
    4.02938e+24         4.38522e-02    0.00000e+00
    4.02938e+24         4.00293e-02    0.00000e+00
    4.02938e+24         3.77353e-02    0.00000e+00
    4.02938e+24         3.51539e-02    0.00000e+00
    4.02938e+24         3.21795e-02    0.00000e+00
    4.02938e+24         3.04047e-02    0.00000e+00
    4.02938e+24         2.84166e-02    0.00000e+00
    4.02938e+24         2.61406e-02    0.00000e+00
    4.02938e+24         2.47958e-02    0.00000e+00
    4.02938e+24         2.33012e-02    0.00000e+00
    4.02938e+24         2.16087e-02    0.00000e+00
    4.02938e+24         1.96407e-02    0.00000e+00
    4.02938e+24         1.84497e-02    0.00000e+00
    4.02938e+24         1.70998e-02    0.00000e+00
    4.02938e+24         1.55285e-02    0.00000e+00
    4.02938e+24         1.45758e-02    0.00000e+00
    4.02938e+24         1.34944e-02    0.00000e+00
    4.02938e+24         1.22328e-02    0.00000e+00
    4.02938e+24         1.14652e-02    0.00000e+00
    4.02938e+24         1.05914e-02    0.00000e+00
    4.02938e+24         9.56744e-03    0.00000e+00
    4.02938e+24         8.94000e-03    0.00000e+00
    4.02938e+24         8.22139e-03    0.00000e+00
    4.02938e+24         7.79653e-03    0.00000e+00
    4.02938e+24         7.32411e-03    0.00000e+00
    4.02938e+24         6.78878e-03    0.00000e+00
    4.02938e+24         6.16568e-03    0.00000e+00
    4.02938e+24         5.78799e-03    0.00000e+00
    4.02938e+24         5.35939e-03    0.00000e+00
    4.02938e+24         4.85950e-03    0.00000e+00
    4.02938e+24         4.55549e-03    0.00000e+00
    4.02938e+24         4.20955e-03    0.00000e+00
    4.02938e+24         3.80441e-03    0.00000e+00
    4.02938e+24         3.55640e-03    0.00000e+00
    4.02938e+24         3.27259e-03    0.00000e+00
    4.02938e+24         3.10501e-03    0.00000e+00
    4.02938e+24         2.91884e-03    0.00000e+00
    4.02938e+24         2.70818e-03    0.00000e+00
    4.02938e+24         2.46346e-03    0.00000e+00
    4.02938e+24         2.31559e-03    0.00000e+00
    4.02938e+24         2.14823e-03    0.00000e+00
    4.02938e+24         1.95377e-03    0.00000e+00
    4.02938e+24         1.83622e-03    0.00000e+00
    4.02938e+24         1.70315e-03    0.00000e+00
    4.02938e+24         1.54846e-03    0.00000e+00
    4.02938e+24         1.45489e-03    0.00000e+00
    4.02938e+24         1.34890e-03    0.00000e+00
    4.02938e+24         1.22560e-03    0.00000e+00
    4.02938e+24         1.15092e-03    0.00000e+00
    4.02938e+24         1.06624e-03    0.00000e+00
    4.02938e+24         9.67570e-04    0.00000e+00
    4.02938e+24         9.07660e-04    0.00000e+00
    4.02938e+24         8.39580e-04    0.00000e+00
    4.02938e+24         7.60012e-04    0.00000e+00
    4.02938e+24         7.11461e-04    0.00000e+00
    4.02938e+24         6.56058e-04    0.00000e+00
    4.02938e+24         5.90903e-04    0.00000e+00
    4.02938e+24         5.50745e-04    0.00000e+00
    4.02938e+24         5.04517e-04    0.00000e+00
    4.02938e+24         4.76973e-04    0.00000e+00
    4.02938e+24         4.46156e-04    0.00000e+00
    4.02938e+24         4.10935e-04    0.00000e+00
    4.02938e+24         3.90177e-04    0.00000e+00
    4.02938e+24         3.67150e-04    0.00000e+00
    4.02938e+24         3.41145e-04    0.00000e+00
    4.02938e+24         3.11025e-04    0.00000e+00
    4.02938e+24         2.92906e-04    0.00000e+00
    4.02938e+24         2.72477e-04    0.00000e+00
    4.02938e+24         2.48869e-04    0.00000e+00
    4.02938e+24         2.34719e-04    0.00000e+00
    4.02938e+24         2.18812e-04    0.00000e+00
    4.02938e+24         2.00508e-04    0.00000e+00
    4.02938e+24         1.89609e-04    0.00000e+00
    4.02938e+24         1.77421e-04    0.00000e+00
    4.02938e+24         1.63501e-04    0.00000e+00
    4.02938e+24         1.55305e-04    0.00000e+00
    4.02938e+24         1.46222e-04    0.00000e+00
    4.02938e+24         1.35975e-04    0.00000e+00
    4.02938e+24         1.24125e-04    0.00000e+00
    4.02938e+24         1.17015e-04    0.00000e+00
    4.02938e+24         1.09014e-04    0.00000e+00
    4.02938e+24         9.97964e-05    0.00000e+00
    4.02938e+24         9.42968e-05    0.00000e+00
    4.02938e+24         8.81369e-05    0.00000e+00
    4.02938e+24         8.10860e-05    0.00000e+00
    4.02938e+24         7.69207e-05    0.00000e+00
    4.02938e+24         7.22921e-05    0.00000e+00
    4.02938e+24         6.70518e-05    0.00000e+00
    4.02938e+24         6.09605e-05    0.00000e+00
    4.02938e+24         5.72757e-05    0.00000e+00
    4.02938e+24         5.31016e-05    0.00000e+00
    4.02938e+24         4.82455e-05    0.00000e+00
    4.02938e+24         4.53041e-05    0.00000e+00
    4.02938e+24         4.19683e-05    0.00000e+00
    4.02938e+24         3.80811e-05    0.00000e+00
    4.02938e+24         3.57205e-05    0.00000e+00
    4.02938e+24         3.30376e-05    0.00000e+00
    4.02938e+24         2.99012e-05    0.00000e+00
    4.02938e+24         2.79868e-05    0.00000e+00
    4.02938e+24         2.58015e-05    0.00000e+00


