              t                   M              a
    1.23833e-21         1.00000e+17    8.00000e-01
    2.47665e-21         1.00000e+17    8.00000e-01
    4.95331e-21         1.00000e+17    8.00000e-01
    9.90662e-21         1.00000e+17    8.00000e-01
    1.98132e-20         1.00000e+17    8.00000e-01
    3.96265e-20         1.00000e+17    8.00000e-01
    7.92530e-20         1.00000e+17    8.00000e-01
    1.58506e-19         1.00000e+17    8.00000e-01
    3.17012e-19         1.00000e+17    8.00000e-01
    6.34024e-19         1.00000e+17    8.00000e-01
    1.26805e-18         1.00000e+17    8.00000e-01
    2.53609e-18         1.00000e+17    8.00000e-01
    5.07219e-18         1.00000e+17    8.00000e-01
    1.01444e-17         1.00000e+17    8.00000e-01
    2.02888e-17         1.00000e+17    8.00000e-01
    4.05775e-17         1.00000e+17    8.00000e-01
    8.11550e-17         1.00000e+17    8.00000e-01
    1.62310e-16         1.00000e+17    8.00000e-01
    3.24620e-16         1.00000e+17    8.00000e-01
    6.49240e-16         1.00000e+17    8.00000e-01
    1.29848e-15         1.00000e+17    8.00000e-01
    2.59696e-15         1.00000e+17    8.00000e-01
    5.19392e-15         1.00000e+17    8.00000e-01
    1.03878e-14         1.00000e+17    8.00000e-01
    2.07757e-14         1.00000e+17    8.00000e-01
    4.15514e-14         1.00000e+17    8.00000e-01
    8.31027e-14         1.00000e+17    8.00000e-01
    1.66205e-13         1.00000e+17    8.00000e-01
    3.32411e-13         1.00000e+17    8.00000e-01
    6.64822e-13         1.00000e+17    8.00000e-01
    1.32964e-12         1.00000e+17    8.00000e-01
    2.65929e-12         1.00000e+17    8.00000e-01
    5.31858e-12         1.00000e+17    8.00000e-01
    1.06372e-11         1.00000e+17    8.00000e-01
    2.12743e-11         1.00000e+17    8.00000e-01
    4.25486e-11         1.00000e+17    8.00000e-01
    8.50972e-11         1.00000e+17    8.00000e-01
    1.70194e-10         1.00000e+17    8.00000e-01
    3.40389e-10         1.00000e+17    8.00000e-01
    6.80778e-10         1.00000e+17    8.00000e-01
    1.36156e-09         1.00000e+17    8.00000e-01
    2.72311e-09         1.00000e+17    8.00000e-01
    5.44622e-09         1.00000e+17    8.00000e-01
    1.08924e-08         1.00000e+17    8.00000e-01
    2.17849e-08         1.00000e+17    8.00000e-01
    4.35698e-08         1.00000e+17    8.00000e-01
    8.71395e-08         1.00000e+17    8.00000e-01
    1.74279e-07         1.00000e+17    8.00000e-01
    3.48558e-07         1.00000e+17    8.00000e-01
    6.97116e-07         1.00000e+17    8.00000e-01
    1.39423e-06         1.00000e+17    8.00000e-01
    2.78847e-06         1.00000e+17    8.00000e-01
    5.57693e-06         1.00000e+17    8.00000e-01
    1.11539e-05         1.00000e+17    8.00000e-01
    2.23077e-05         1.00000e+17    8.00000e-01
    4.46154e-05         1.00000e+17    8.00000e-01
    8.92309e-05         1.00000e+17    8.00000e-01
    1.78462e-04         1.00000e+17    8.00000e-01
    3.56924e-04         1.00000e+17    8.00000e-01
    7.13847e-04         1.00000e+17    8.00000e-01
    1.42769e-03         1.00000e+17    8.00000e-01
    2.85539e-03         1.00000e+17    8.00000e-01
    5.71078e-03         1.00000e+17    8.00000e-01
    1.14216e-02         1.00000e+17    8.00000e-01
    2.28431e-02         1.00000e+17    8.00000e-01
    4.56862e-02         1.00000e+17    8.00000e-01
    9.13724e-02         1.00000e+17    8.00000e-01
    1.82745e-01         1.00000e+17    8.00000e-01
    3.65490e-01         1.00000e+17    8.00000e-01
    7.30979e-01         1.00000e+17    8.00000e-01
    1.46196e+00         1.00000e+17    8.00000e-01
    2.92392e+00         1.00000e+17    8.00000e-01
    5.84784e+00         1.00000e+17    8.00000e-01
    1.16957e+01         1.00000e+17    8.00000e-01
    2.33913e+01         1.00000e+17    8.00000e-01
    4.67827e+01         1.00000e+17    8.00000e-01
    9.35654e+01         1.00000e+17    8.00000e-01
    1.87131e+02         1.00000e+17    8.00000e-01
    3.74261e+02         1.00000e+17    8.00000e-01
    7.48523e+02         1.00000e+17    8.00000e-01
    1.49705e+03         1.00000e+17    8.00000e-01
    2.99409e+03         1.00000e+17    8.00000e-01
    5.98818e+03         1.00000e+17    8.00000e-01
    1.19764e+04         1.00000e+17    8.00000e-01
    2.39527e+04         1.00000e+17    8.00000e-01
    4.79055e+04         1.00000e+17    8.00000e-01
    9.58109e+04         1.00000e+17    8.00000e-01
    1.91622e+05         1.00000e+17    8.00000e-01
    3.83244e+05         1.00000e+17    8.00000e-01
    7.66488e+05         1.00000e+17    8.00000e-01
    1.53298e+06         1.00000e+17    8.00000e-01
    3.06595e+06         1.00000e+17    8.00000e-01
    6.13190e+06         1.00000e+17    8.00000e-01
    1.22638e+07         1.00000e+17    8.00000e-01
    2.45276e+07         1.00000e+17    8.00000e-01
    4.90552e+07         1.00000e+17    8.00000e-01
    9.81104e+07         1.00000e+17    8.00000e-01
    1.96221e+08         1.00000e+17    8.00000e-01
    3.92442e+08         1.00000e+17    8.00000e-01
    7.84883e+08         1.00000e+17    8.00000e-01
    1.56977e+09         1.00000e+17    8.00000e-01
    3.13953e+09         1.00000e+17    8.00000e-01
    6.27907e+09         1.00000e+17    8.00000e-01
    1.25581e+10         1.00000e+17    8.00000e-01
    2.51163e+10         1.00000e+17    8.00000e-01
    5.02325e+10         1.00000e+17    8.00000e-01
    1.00465e+11         1.00000e+17    8.00000e-01
    2.00930e+11         1.00000e+17    8.00000e-01
    4.01860e+11         1.00000e+17    8.00000e-01
    8.03720e+11         1.00000e+17    8.00000e-01
    1.60744e+12         1.00000e+17    8.00000e-01
    3.21488e+12         1.00000e+17    8.00000e-01
    6.42976e+12         1.00000e+17    8.00000e-01
    1.28595e+13         1.00000e+17    8.00000e-01
    2.57191e+13         1.00000e+17    8.00000e-01
    5.14381e+13         1.00000e+17    8.00000e-01
    1.02876e+14         1.00000e+17    8.00000e-01
    2.05752e+14         1.00000e+17    8.00000e-01
    4.11505e+14         1.00000e+17    8.00000e-01
    8.23010e+14         1.00000e+17    8.00000e-01
    1.64602e+15         1.00000e+17    8.00000e-01
    3.29204e+15         1.00000e+17    8.00000e-01
    6.58408e+15         1.00000e+17    8.00000e-01
    1.31682e+16         1.00000e+17    8.00000e-01
    2.63363e+16         1.00000e+17    8.00000e-01
    5.26726e+16         1.00000e+17    8.00000e-01
    1.05345e+17         1.00000e+17    8.00000e-01
    2.10690e+17         1.00000e+17    8.00000e-01
    4.21381e+17         1.00000e+17    8.00000e-01
    8.42762e+17         1.00000e+17    8.00000e-01
    1.68552e+18         9.99999e+16    7.99999e-01
    3.37105e+18         9.99999e+16    7.99998e-01
    6.74210e+18         9.99998e+16    7.99997e-01
    1.34842e+19         9.99995e+16    7.99993e-01
    2.69684e+19         9.99990e+16    7.99987e-01
    5.39368e+19         9.99981e+16    7.99974e-01
    1.07874e+20         9.99961e+16    7.99948e-01
    2.15747e+20         9.99922e+16    7.99895e-01
    4.31494e+20         9.99844e+16    7.99790e-01
    8.62988e+20         9.99688e+16    7.99581e-01
    1.72598e+21         9.99377e+16    7.99162e-01
    3.45195e+21         9.98755e+16    7.98324e-01
    6.90391e+21         9.97515e+16    7.96649e-01
    1.38078e+22         9.95046e+16    7.93301e-01
    2.76156e+22         9.90158e+16    7.86621e-01
    5.52312e+22         9.80552e+16    7.73302e-01
    8.28469e+22         9.71360e+16    7.60103e-01
    1.10462e+23         9.62603e+16    7.47044e-01
    1.38078e+23         9.54146e+16    7.34057e-01
    1.65694e+23         9.45862e+16    7.21061e-01
    1.93309e+23         9.37818e+16    7.08124e-01
    2.20925e+23         9.29961e+16    6.95284e-01
    2.48541e+23         9.22282e+16    6.82524e-01
    2.76156e+23         9.14789e+16    6.69854e-01
    3.03772e+23         9.07411e+16    6.57197e-01
    3.31387e+23         9.00169e+16    6.44576e-01
    3.59003e+23         8.93058e+16    6.31992e-01
    3.86619e+23         8.86052e+16    6.19473e-01
    4.14234e+23         8.79158e+16    6.07027e-01
    4.41850e+23         8.72371e+16    5.94629e-01
    4.69466e+23         8.65646e+16    5.82116e-01
    4.97081e+23         8.59020e+16    5.69538e-01
    5.24697e+23         8.52508e+16    5.56975e-01
    5.52312e+23         8.46066e+16    5.44460e-01
    5.79928e+23         8.39697e+16    5.31999e-01
    6.07544e+23         8.33384e+16    5.19589e-01
    6.35159e+23         8.27124e+16    5.07254e-01
    6.62775e+23         8.20917e+16    4.95001e-01
    6.90391e+23         8.14752e+16    4.82808e-01
    7.18006e+23         8.08633e+16    4.70684e-01
    7.45622e+23         8.02563e+16    4.58635e-01
    7.73237e+23         7.96500e+16    4.46591e-01
    8.00853e+23         7.90471e+16    4.34628e-01
    8.28469e+23         7.84479e+16    4.22751e-01
    8.56084e+23         7.78529e+16    4.11001e-01
    8.83700e+23         7.72588e+16    3.99316e-01
    9.11316e+23         7.66654e+16    3.87701e-01
    9.38931e+23         7.60713e+16    3.76138e-01
    9.66547e+23         7.54777e+16    3.64675e-01
    9.94162e+23         7.48847e+16    3.53317e-01
    1.02178e+24         7.42923e+16    3.42074e-01
    1.04939e+24         7.36979e+16    3.30911e-01
    1.07701e+24         7.31003e+16    3.19816e-01
    1.10462e+24         7.25018e+16    3.08837e-01
    1.13224e+24         7.19021e+16    2.98004e-01
    1.15986e+24         7.12989e+16    2.87275e-01
    1.18747e+24         7.06922e+16    2.76655e-01
    1.21509e+24         7.00812e+16    2.66153e-01
    1.24270e+24         6.94657e+16    2.55782e-01
    1.27032e+24         6.88454e+16    2.45548e-01
    1.29793e+24         6.82200e+16    2.35453e-01
    1.32555e+24         6.75879e+16    2.25502e-01
    1.35317e+24         6.69496e+16    2.15713e-01
    1.38078e+24         6.63037e+16    2.06066e-01
    1.40840e+24         6.56495e+16    1.96570e-01
    1.43601e+24         6.49862e+16    1.87239e-01
    1.46363e+24         6.43132e+16    1.78075e-01
    1.49124e+24         6.36299e+16    1.69083e-01
    1.51886e+24         6.29353e+16    1.60268e-01
    1.54647e+24         6.22280e+16    1.51634e-01
    1.57409e+24         6.15068e+16    1.43178e-01
    1.60171e+24         6.07715e+16    1.34912e-01
    1.62932e+24         6.00209e+16    1.26838e-01
    1.65694e+24         5.92530e+16    1.18972e-01
    1.68455e+24         5.84667e+16    1.11314e-01
    1.71217e+24         5.76607e+16    1.03866e-01
    1.73978e+24         5.68334e+16    9.66285e-02
    1.76740e+24         5.59830e+16    8.95924e-02
    1.79502e+24         5.51064e+16    8.27418e-02
    1.82263e+24         5.42014e+16    7.60834e-02
    1.85025e+24         5.32656e+16    6.96242e-02
    1.87786e+24         5.22962e+16    6.33717e-02
    1.90548e+24         5.12890e+16    5.73271e-02
    1.91929e+24         5.07648e+16    5.44134e-02
    1.93309e+24         5.02295e+16    5.15535e-02
    1.94690e+24         4.96822e+16    4.87483e-02
    1.96071e+24         4.91221e+16    4.59990e-02
    1.97452e+24         4.85485e+16    4.33072e-02
    1.98832e+24         4.79605e+16    4.06740e-02
    2.00213e+24         4.73569e+16    3.80994e-02
    2.01594e+24         4.67364e+16    3.55833e-02
    2.02975e+24         4.60978e+16    3.31274e-02
    2.04356e+24         4.54397e+16    3.07334e-02
    2.05736e+24         4.47607e+16    2.84035e-02
    2.07117e+24         4.40590e+16    2.61396e-02
    2.08498e+24         4.33327e+16    2.39441e-02
    2.09879e+24         4.25794e+16    2.18205e-02
    2.11260e+24         4.17967e+16    1.97708e-02
    2.12640e+24         4.09816e+16    1.77977e-02
    2.13331e+24         4.05561e+16    1.68507e-02
    2.14021e+24         4.01208e+16    1.59230e-02
    2.14711e+24         3.96745e+16    1.50143e-02
    2.15402e+24         3.92165e+16    1.41249e-02
    2.16092e+24         3.87460e+16    1.32552e-02
    2.16783e+24         3.82623e+16    1.24057e-02
    2.17473e+24         3.77644e+16    1.15768e-02
    2.18163e+24         3.72513e+16    1.07690e-02
    2.18854e+24         3.67219e+16    9.98287e-03
    2.19544e+24         3.61736e+16    9.21764e-03
    2.20235e+24         3.56048e+16    8.47397e-03
    2.20925e+24         3.50136e+16    7.75254e-03
    2.21615e+24         3.43980e+16    7.05406e-03
    2.22306e+24         3.37555e+16    6.37930e-03
    2.22651e+24         3.34184e+16    6.05345e-03
    2.22996e+24         3.30724e+16    5.73308e-03
    2.23341e+24         3.27169e+16    5.41833e-03
    2.23687e+24         3.23513e+16    5.10932e-03
    2.24032e+24         3.19750e+16    4.80622e-03
    2.24377e+24         3.15872e+16    4.50919e-03
    2.24722e+24         3.11871e+16    4.21838e-03
    2.25067e+24         3.07738e+16    3.93390e-03
    2.25413e+24         3.03460e+16    3.65585e-03
    2.25758e+24         2.99026e+16    3.38444e-03
    2.26103e+24         2.94422e+16    3.11991e-03
    2.26448e+24         2.89634e+16    2.86251e-03
    2.26793e+24         2.84643e+16    2.61249e-03
    2.27139e+24         2.79405e+16    2.36906e-03
    2.27311e+24         2.76642e+16    2.25056e-03
    2.27484e+24         2.73800e+16    2.13364e-03
    2.27656e+24         2.70873e+16    2.01838e-03
    2.27829e+24         2.67856e+16    1.90483e-03
    2.28001e+24         2.64743e+16    1.79305e-03
    2.28174e+24         2.61526e+16    1.68310e-03
    2.28347e+24         2.58191e+16    1.57477e-03
    2.28519e+24         2.54726e+16    1.46809e-03
    2.28692e+24         2.51120e+16    1.36317e-03
    2.28864e+24         2.47362e+16    1.26014e-03
    2.29037e+24         2.43436e+16    1.15911e-03
    2.29210e+24         2.39326e+16    1.06024e-03
    2.29382e+24         2.35017e+16    0.00000e+00
    2.29555e+24         2.30488e+16    0.00000e+00
    2.29727e+24         2.25714e+16    0.00000e+00
    2.29900e+24         2.20664e+16    0.00000e+00
    2.30073e+24         2.15289e+16    0.00000e+00
    2.30245e+24         2.09521e+16    0.00000e+00
    2.30418e+24         2.03292e+16    0.00000e+00
    2.30590e+24         1.96517e+16    0.00000e+00
    2.30763e+24         1.89074e+16    0.00000e+00
    2.30936e+24         1.80805e+16    0.00000e+00
    2.31108e+24         1.71481e+16    0.00000e+00
    2.31281e+24         1.60768e+16    0.00000e+00
    2.31453e+24         1.48213e+16    0.00000e+00
    2.31540e+24         1.40477e+16    0.00000e+00
    2.31626e+24         1.31579e+16    0.00000e+00
    2.31712e+24         1.21024e+16    0.00000e+00
    2.31755e+24         1.14459e+16    0.00000e+00
    2.31799e+24         1.06923e+16    0.00000e+00
    2.31842e+24         9.79543e+15    0.00000e+00
    2.31863e+24         9.23537e+15    0.00000e+00
    2.31885e+24         8.58928e+15    0.00000e+00
    2.31907e+24         7.82498e+15    0.00000e+00
    2.31917e+24         7.35047e+15    0.00000e+00
    2.31928e+24         6.80417e+15    0.00000e+00
    2.31939e+24         6.15704e+15    0.00000e+00
    2.31944e+24         5.75724e+15    0.00000e+00
    2.31950e+24         5.29667e+15    0.00000e+00
    2.31952e+24         5.02269e+15    0.00000e+00
    2.31955e+24         4.71698e+15    0.00000e+00
    2.31958e+24         4.36926e+15    0.00000e+00
    2.31960e+24         3.96301e+15    0.00000e+00
    2.31962e+24         3.71539e+15    0.00000e+00
    2.31963e+24         3.43326e+15    0.00000e+00
    2.31964e+24         3.10251e+15    0.00000e+00
    2.31965e+24         2.89975e+15    0.00000e+00
    2.31966e+24         2.66750e+15    0.00000e+00
    2.31966e+24         2.53020e+15    0.00000e+00
    2.31967e+24         2.37756e+15    0.00000e+00
    2.31967e+24         2.20465e+15    0.00000e+00
    2.31967e+24         2.00350e+15    0.00000e+00
    2.31967e+24         1.88169e+15    0.00000e+00
    2.31968e+24         1.74359e+15    0.00000e+00
    2.31968e+24         1.58272e+15    0.00000e+00
    2.31968e+24         1.48508e+15    0.00000e+00
    2.31968e+24         1.37415e+15    0.00000e+00
    2.31968e+24         1.24452e+15    0.00000e+00
    2.31968e+24         1.16538e+15    0.00000e+00
    2.31968e+24         1.07496e+15    0.00000e+00
    2.31968e+24         9.68269e+14    0.00000e+00
    2.31968e+24         9.02063e+14    0.00000e+00
    2.31968e+24         8.25258e+14    0.00000e+00
    2.31968e+24         7.78765e+14    0.00000e+00
    2.31968e+24         7.25981e+14    0.00000e+00
    2.31968e+24         6.64185e+14    0.00000e+00
    2.31968e+24         6.26383e+14    0.00000e+00
    2.31968e+24         5.82838e+14    0.00000e+00
    2.31968e+24         5.30866e+14    0.00000e+00
    2.31968e+24         4.98256e+14    0.00000e+00
    2.31968e+24         4.60223e+14    0.00000e+00
    2.31968e+24         4.37073e+14    0.00000e+00
    2.31968e+24         4.10781e+14    0.00000e+00
    2.31968e+24         3.80200e+14    0.00000e+00
    2.31968e+24         3.43450e+14    0.00000e+00
    2.31968e+24         3.20090e+14    0.00000e+00
    2.31968e+24         2.92521e+14    0.00000e+00
    2.31968e+24         2.75591e+14    0.00000e+00
    2.31968e+24         2.56274e+14    0.00000e+00
    2.31968e+24         2.33667e+14    0.00000e+00
    2.31968e+24         2.19893e+14    0.00000e+00
    2.31968e+24         2.04246e+14    0.00000e+00
    2.31968e+24         1.86024e+14    0.00000e+00
    2.31968e+24         1.74984e+14    0.00000e+00
    2.31968e+24         1.62478e+14    0.00000e+00
    2.31968e+24         1.47938e+14    0.00000e+00
    2.31968e+24         1.39154e+14    0.00000e+00
    2.31968e+24         1.29217e+14    0.00000e+00
    2.31968e+24         1.17682e+14    0.00000e+00
    2.31968e+24         1.10722e+14    0.00000e+00
    2.31968e+24         1.02857e+14    0.00000e+00
    2.31968e+24         9.37382e+13    0.00000e+00
    2.31968e+24         8.82421e+13    0.00000e+00
    2.31968e+24         8.20324e+13    0.00000e+00
    2.31968e+24         7.48345e+13    0.00000e+00
    2.31968e+24         7.04964e+13    0.00000e+00
    2.31968e+24         6.55937e+13    0.00000e+00
    2.31968e+24         5.99032e+13    0.00000e+00
    2.31968e+24         5.64692e+13    0.00000e+00
    2.31968e+24         5.25740e+13    0.00000e+00
    2.31968e+24         4.80281e+13    0.00000e+00
    2.31968e+24         4.52534e+13    0.00000e+00
    2.31968e+24         4.20872e+13    0.00000e+00
    2.31968e+24         3.83702e+13    0.00000e+00
    2.31968e+24         3.60779e+13    0.00000e+00
    2.31968e+24         3.34413e+13    0.00000e+00
    2.31968e+24         3.03214e+13    0.00000e+00
    2.31968e+24         2.83808e+13    0.00000e+00
    2.31968e+24         2.61375e+13    0.00000e+00
    2.31968e+24         2.47953e+13    0.00000e+00
    2.31968e+24         2.32914e+13    0.00000e+00
    2.31968e+24         2.15725e+13    0.00000e+00
    2.31968e+24         1.95506e+13    0.00000e+00
    2.31968e+24         1.83043e+13    0.00000e+00
    2.31968e+24         1.68701e+13    0.00000e+00
    2.31968e+24         1.60163e+13    0.00000e+00
    2.31968e+24         1.50622e+13    0.00000e+00
    2.31968e+24         1.39744e+13    0.00000e+00
    2.31968e+24         1.26926e+13    0.00000e+00
    2.31968e+24         1.19007e+13    0.00000e+00
    2.31968e+24         1.09908e+13    0.00000e+00
    2.31968e+24         9.90828e+12    0.00000e+00
    2.31968e+24         9.23083e+12    0.00000e+00
    2.31968e+24         8.44309e+12    0.00000e+00
    2.31968e+24         7.96866e+12    0.00000e+00
    2.31968e+24         7.43360e+12    0.00000e+00
    2.31968e+24         6.81575e+12    0.00000e+00
    2.31968e+24         6.44668e+12    0.00000e+00
    2.31968e+24         6.03339e+12    0.00000e+00
    2.31968e+24         5.56050e+12    0.00000e+00
    2.31968e+24         5.28152e+12    0.00000e+00
    2.31968e+24         4.97197e+12    0.00000e+00
    2.31968e+24         4.62232e+12    0.00000e+00
    2.31968e+24         4.21748e+12    0.00000e+00
    2.31968e+24         3.97412e+12    0.00000e+00
    2.31968e+24         3.69993e+12    0.00000e+00
    2.31968e+24         3.38345e+12    0.00000e+00
    2.31968e+24         3.19417e+12    0.00000e+00
    2.31968e+24         2.98175e+12    0.00000e+00
    2.31968e+24         2.73794e+12    0.00000e+00
    2.31968e+24         2.59334e+12    0.00000e+00
    2.31968e+24         2.43215e+12    0.00000e+00
    2.31968e+24         2.24887e+12    0.00000e+00
    2.31968e+24         2.03448e+12    0.00000e+00
    2.31968e+24         1.90350e+12    0.00000e+00
    2.31968e+24         1.75386e+12    0.00000e+00
    2.31968e+24         1.66573e+12    0.00000e+00
    2.31968e+24         1.56800e+12    0.00000e+00
    2.31968e+24         1.45771e+12    0.00000e+00
    2.31968e+24         1.33005e+12    0.00000e+00
    2.31968e+24         1.25334e+12    0.00000e+00
    2.31968e+24         1.16690e+12    0.00000e+00
    2.31968e+24         1.06706e+12    0.00000e+00
    2.31968e+24         1.00726e+12    0.00000e+00
    2.31968e+24         9.40001e+11    0.00000e+00
    2.31968e+24         8.62522e+11    0.00000e+00
    2.31968e+24         8.16280e+11    0.00000e+00
    2.31968e+24         7.64465e+11    0.00000e+00
    2.31968e+24         7.05153e+11    0.00000e+00
    2.31968e+24         6.35084e+11    0.00000e+00
    2.31968e+24         5.91608e+11    0.00000e+00
    2.31968e+24         5.41310e+11    0.00000e+00
    2.31968e+24         5.11109e+11    0.00000e+00
    2.31968e+24         4.77111e+11    0.00000e+00
    2.31968e+24         4.37928e+11    0.00000e+00
    2.31968e+24         4.14532e+11    0.00000e+00
    2.31968e+24         3.88290e+11    0.00000e+00
    2.31968e+24         3.58142e+11    0.00000e+00
    2.31968e+24         3.22369e+11    0.00000e+00
    2.31968e+24         2.99940e+11    0.00000e+00
    2.31968e+24         2.73699e+11    0.00000e+00
    2.31968e+24         2.57692e+11    0.00000e+00
    2.31968e+24         2.39493e+11    0.00000e+00
    2.31968e+24         2.18233e+11    0.00000e+00
    2.31968e+24         2.05289e+11    0.00000e+00
    2.31968e+24         1.90578e+11    0.00000e+00
    2.31968e+24         1.73427e+11    0.00000e+00
    2.31968e+24         1.63013e+11    0.00000e+00
    2.31968e+24         1.51190e+11    0.00000e+00
    2.31968e+24         1.37408e+11    0.00000e+00
    2.31968e+24         1.29045e+11    0.00000e+00
    2.31968e+24         1.19551e+11    0.00000e+00
    2.31968e+24         1.08475e+11    0.00000e+00
    2.31968e+24         1.01740e+11    0.00000e+00
    2.31968e+24         9.40791e+10    0.00000e+00
    2.31968e+24         8.51156e+10    0.00000e+00
    2.31968e+24         7.96371e+10    0.00000e+00
    2.31968e+24         7.33771e+10    0.00000e+00
    2.31968e+24         6.96894e+10    0.00000e+00
    2.31968e+24         6.56006e+10    0.00000e+00
    2.31968e+24         6.09857e+10    0.00000e+00
    2.31968e+24         5.56452e+10    0.00000e+00
    2.31968e+24         5.24374e+10    0.00000e+00
    2.31968e+24         4.88251e+10    0.00000e+00
    2.31968e+24         4.46581e+10    0.00000e+00
    2.31968e+24         4.21676e+10    0.00000e+00
    2.31968e+24         3.93741e+10    0.00000e+00
    2.31968e+24         3.61701e+10    0.00000e+00
    2.31968e+24         3.42717e+10    0.00000e+00
    2.31968e+24         3.21571e+10    0.00000e+00
    2.31968e+24         2.97552e+10    0.00000e+00
    2.31968e+24         2.69499e+10    0.00000e+00
    2.31968e+24         2.52400e+10    0.00000e+00
    2.31968e+24         2.32906e+10    0.00000e+00
    2.31968e+24         2.10011e+10    0.00000e+00
    2.31968e+24         1.95932e+10    0.00000e+00
    2.31968e+24         1.79757e+10    0.00000e+00
    2.31968e+24         1.70148e+10    0.00000e+00
    2.31968e+24         1.59424e+10    0.00000e+00
    2.31968e+24         1.47208e+10    0.00000e+00
    2.31968e+24         1.32881e+10    0.00000e+00
    2.31968e+24         1.24089e+10    0.00000e+00
    2.31968e+24         1.14007e+10    0.00000e+00
    2.31968e+24         1.08035e+10    0.00000e+00
    2.31968e+24         1.01385e+10    0.00000e+00
    2.31968e+24         9.38333e+09    0.00000e+00
    2.31968e+24         8.50176e+09    0.00000e+00
    2.31968e+24         7.96482e+09    0.00000e+00
    2.31968e+24         7.35304e+09    0.00000e+00
    2.31968e+24         6.63523e+09    0.00000e+00
    2.31968e+24         6.19447e+09    0.00000e+00
    2.31968e+24         5.68875e+09    0.00000e+00
    2.31968e+24         5.38894e+09    0.00000e+00
    2.31968e+24         5.05484e+09    0.00000e+00
    2.31968e+24         4.67511e+09    0.00000e+00
    2.31968e+24         4.23120e+09    0.00000e+00
    2.31968e+24         3.96022e+09    0.00000e+00
    2.31968e+24         3.65090e+09    0.00000e+00
    2.31968e+24         3.28693e+09    0.00000e+00
    2.31968e+24         3.06242e+09    0.00000e+00
    2.31968e+24         2.80378e+09    0.00000e+00
    2.31968e+24         2.64950e+09    0.00000e+00
    2.31968e+24         2.47673e+09    0.00000e+00
    2.31968e+24         2.27902e+09    0.00000e+00
    2.31968e+24         2.16227e+09    0.00000e+00
    2.31968e+24         2.03257e+09    0.00000e+00
    2.31968e+24         1.88578e+09    0.00000e+00
    2.31968e+24         1.71526e+09    0.00000e+00
    2.31968e+24         1.61221e+09    0.00000e+00
    2.31968e+24         1.49555e+09    0.00000e+00
    2.31968e+24         1.35999e+09    0.00000e+00
    2.31968e+24         1.27803e+09    0.00000e+00
    2.31968e+24         1.18521e+09    0.00000e+00
    2.31968e+24         1.07729e+09    0.00000e+00
    2.31968e+24         1.01197e+09    0.00000e+00
    2.31968e+24         9.37957e+08    0.00000e+00
    2.31968e+24         8.51796e+08    0.00000e+00
    2.31968e+24         7.99560e+08    0.00000e+00
    2.31968e+24         7.40275e+08    0.00000e+00
    2.31968e+24         6.71114e+08    0.00000e+00
    2.31968e+24         6.29040e+08    0.00000e+00
    2.31968e+24         5.81148e+08    0.00000e+00
    2.31968e+24         5.25038e+08    0.00000e+00
    2.31968e+24         4.90666e+08    0.00000e+00
    2.31968e+24         4.51310e+08    0.00000e+00
    2.31968e+24         4.28051e+08    0.00000e+00
    2.31968e+24         4.02194e+08    0.00000e+00
    2.31968e+24         3.72907e+08    0.00000e+00
    2.31968e+24         3.38838e+08    0.00000e+00
    2.31968e+24         3.18206e+08    0.00000e+00
    2.31968e+24         2.94812e+08    0.00000e+00
    2.31968e+24         2.67558e+08    0.00000e+00
    2.31968e+24         2.51014e+08    0.00000e+00
    2.31968e+24         2.32216e+08    0.00000e+00
    2.31968e+24         2.10252e+08    0.00000e+00
    2.31968e+24         1.96856e+08    0.00000e+00
    2.31968e+24         1.81574e+08    0.00000e+00
    2.31968e+24         1.63612e+08    0.00000e+00
    2.31968e+24         1.52551e+08    0.00000e+00
    2.31968e+24         1.39828e+08    0.00000e+00
    2.31968e+24         1.32256e+08    0.00000e+00
    2.31968e+24         1.23792e+08    0.00000e+00
    2.31968e+24         1.14131e+08    0.00000e+00
    2.31968e+24         1.02765e+08    0.00000e+00
    2.31968e+24         9.57553e+07    0.00000e+00
    2.31968e+24         8.76820e+07    0.00000e+00
    2.31968e+24         8.28678e+07    0.00000e+00
    2.31968e+24         7.74780e+07    0.00000e+00
    2.31968e+24         7.13122e+07    0.00000e+00
    2.31968e+24         6.76732e+07    0.00000e+00
    2.31968e+24         6.36323e+07    0.00000e+00
    2.31968e+24         5.90618e+07    0.00000e+00
    2.31968e+24         5.37566e+07    0.00000e+00
    2.31968e+24         5.05546e+07    0.00000e+00
    2.31968e+24         4.69342e+07    0.00000e+00
    2.31968e+24         4.27336e+07    0.00000e+00
    2.31968e+24         4.02002e+07    0.00000e+00
    2.31968e+24         3.73373e+07    0.00000e+00
    2.31968e+24         3.40186e+07    0.00000e+00
    2.31968e+24         3.20197e+07    0.00000e+00
    2.31968e+24         2.97634e+07    0.00000e+00
    2.31968e+24         2.71521e+07    0.00000e+00
    2.31968e+24         2.55832e+07    0.00000e+00
    2.31968e+24         2.38161e+07    0.00000e+00
    2.31968e+24         2.17769e+07    0.00000e+00
    2.31968e+24         2.05574e+07    0.00000e+00
    2.31968e+24         1.91890e+07    0.00000e+00
    2.31968e+24         1.76184e+07    0.00000e+00
    2.31968e+24         1.66868e+07    0.00000e+00
    2.31968e+24         1.56484e+07    0.00000e+00
    2.31968e+24         1.44675e+07    0.00000e+00
    2.31968e+24         1.30860e+07    0.00000e+00
    2.31968e+24         1.22417e+07    0.00000e+00
    2.31968e+24         1.12770e+07    0.00000e+00
    2.31968e+24         1.07086e+07    0.00000e+00
    2.31968e+24         1.00782e+07    0.00000e+00
    2.31968e+24         9.36643e+06    0.00000e+00
    2.31968e+24         8.54243e+06    0.00000e+00
    2.31968e+24         8.04712e+06    0.00000e+00
    2.31968e+24         7.48895e+06    0.00000e+00
    2.31968e+24         6.84448e+06    0.00000e+00
    2.31968e+24         6.45870e+06    0.00000e+00
    2.31968e+24         6.02547e+06    0.00000e+00
    2.31968e+24         5.52770e+06    0.00000e+00
    2.31968e+24         5.23196e+06    0.00000e+00
    2.31968e+24         4.90186e+06    0.00000e+00
    2.31968e+24         4.52579e+06    0.00000e+00
    2.31968e+24         4.08463e+06    0.00000e+00
    2.31968e+24         3.81383e+06    0.00000e+00
    2.31968e+24         3.50321e+06    0.00000e+00
    2.31968e+24         3.31914e+06    0.00000e+00
    2.31968e+24         3.11408e+06    0.00000e+00
    2.31968e+24         2.88113e+06    0.00000e+00
    2.31968e+24         2.60899e+06    0.00000e+00
    2.31968e+24         2.44305e+06    0.00000e+00
    2.31968e+24         2.25380e+06    0.00000e+00
    2.31968e+24         2.03144e+06    0.00000e+00
    2.31968e+24         1.89458e+06    0.00000e+00
    2.31968e+24         1.73724e+06    0.00000e+00
    2.31968e+24         1.64368e+06    0.00000e+00
    2.31968e+24         1.53916e+06    0.00000e+00
    2.31968e+24         1.41996e+06    0.00000e+00
    2.31968e+24         1.27991e+06    0.00000e+00
    2.31968e+24         1.19372e+06    0.00000e+00
    2.31968e+24         1.09464e+06    0.00000e+00
    2.31968e+24         1.03573e+06    0.00000e+00
    2.31968e+24         9.69917e+05    0.00000e+00
    2.31968e+24         8.94875e+05    0.00000e+00
    2.31968e+24         8.06719e+05    0.00000e+00
    2.31968e+24         7.52481e+05    0.00000e+00
    2.31968e+24         6.90143e+05    0.00000e+00
    2.31968e+24         6.53089e+05    0.00000e+00
    2.31968e+24         6.11711e+05    0.00000e+00
    2.31968e+24         5.64546e+05    0.00000e+00
    2.31968e+24         5.09171e+05    0.00000e+00
    2.31968e+24         4.75134e+05    0.00000e+00
    2.31968e+24         4.36045e+05    0.00000e+00
    2.31968e+24         4.12839e+05    0.00000e+00
    2.31968e+24         3.86951e+05    0.00000e+00
    2.31968e+24         3.57484e+05    0.00000e+00
    2.31968e+24         3.22958e+05    0.00000e+00
    2.31968e+24         3.01807e+05    0.00000e+00
    2.31968e+24         2.77588e+05    0.00000e+00
    2.31968e+24         2.63273e+05    0.00000e+00
    2.31968e+24         2.47359e+05    0.00000e+00
    2.31968e+24         2.29331e+05    0.00000e+00
    2.31968e+24         2.08358e+05    0.00000e+00
    2.31968e+24         1.95653e+05    0.00000e+00
    2.31968e+24         1.81246e+05    0.00000e+00
    2.31968e+24         1.64457e+05    0.00000e+00
    2.31968e+24         1.54261e+05    0.00000e+00
    2.31968e+24         1.42672e+05    0.00000e+00
    2.31968e+24         1.29125e+05    0.00000e+00
    2.31968e+24         1.20855e+05    0.00000e+00
    2.31968e+24         1.11415e+05    0.00000e+00
    2.31968e+24         1.00308e+05    0.00000e+00
    2.31968e+24         9.34561e+04    0.00000e+00
    2.31968e+24         8.55628e+04    0.00000e+00
    2.31968e+24         8.08544e+04    0.00000e+00
    2.31968e+24         7.55817e+04    0.00000e+00
    2.31968e+24         6.95476e+04    0.00000e+00
    2.31968e+24         6.59843e+04    0.00000e+00
    2.31968e+24         6.20258e+04    0.00000e+00
    2.31968e+24         5.75459e+04    0.00000e+00
    2.31968e+24         5.23413e+04    0.00000e+00
    2.31968e+24         4.91958e+04    0.00000e+00
    2.31968e+24         4.56351e+04    0.00000e+00
    2.31968e+24         4.14972e+04    0.00000e+00
    2.31968e+24         3.89950e+04    0.00000e+00
    2.31968e+24         3.61614e+04    0.00000e+00
    2.31968e+24         3.28663e+04    0.00000e+00
    2.31968e+24         3.08719e+04    0.00000e+00
    2.31968e+24         2.86114e+04    0.00000e+00
    2.31968e+24         2.59797e+04    0.00000e+00
    2.31968e+24         2.43837e+04    0.00000e+00
    2.31968e+24         2.25720e+04    0.00000e+00
    2.31968e+24         2.04577e+04    0.00000e+00
    2.31968e+24         1.91708e+04    0.00000e+00
    2.31968e+24         1.77053e+04    0.00000e+00
    2.31968e+24         1.59872e+04    0.00000e+00
    2.31968e+24         1.49335e+04    0.00000e+00
    2.31968e+24         1.37259e+04    0.00000e+00
    2.31968e+24         1.30113e+04    0.00000e+00
    2.31968e+24         1.22159e+04    0.00000e+00
    2.31968e+24         1.13136e+04    0.00000e+00
    2.31968e+24         1.02616e+04    0.00000e+00
    2.31968e+24         9.62226e+03    0.00000e+00
    2.31968e+24         8.89511e+03    0.00000e+00
    2.31968e+24         8.04422e+03    0.00000e+00
    2.31968e+24         7.52402e+03    0.00000e+00
    2.31968e+24         6.92939e+03    0.00000e+00
    2.31968e+24         6.57886e+03    0.00000e+00
    2.31968e+24         6.18998e+03    0.00000e+00
    2.31968e+24         5.75071e+03    0.00000e+00
    2.31968e+24         5.24176e+03    0.00000e+00
    2.31968e+24         4.93547e+03    0.00000e+00
    2.31968e+24         4.58999e+03    0.00000e+00
    2.31968e+24         4.19054e+03    0.00000e+00
    2.31968e+24         3.95093e+03    0.00000e+00
    2.31968e+24         3.68137e+03    0.00000e+00
    2.31968e+24         3.37088e+03    0.00000e+00
    2.31968e+24         3.18573e+03    0.00000e+00
    2.31968e+24         2.97842e+03    0.00000e+00
    2.31968e+24         2.74126e+03    0.00000e+00
    2.31968e+24         2.60127e+03    0.00000e+00
    2.31968e+24         2.44581e+03    0.00000e+00
    2.31968e+24         2.26996e+03    0.00000e+00
    2.31968e+24         2.06580e+03    0.00000e+00
    2.31968e+24         1.94255e+03    0.00000e+00
    2.31968e+24         1.80316e+03    0.00000e+00
    2.31968e+24         1.64140e+03    0.00000e+00
    2.31968e+24         1.54378e+03    0.00000e+00
    2.31968e+24         1.43344e+03    0.00000e+00
    2.31968e+24         1.30544e+03    0.00000e+00
    2.31968e+24         1.22829e+03    0.00000e+00
    2.31968e+24         1.14113e+03    0.00000e+00
    2.31968e+24         1.04015e+03    0.00000e+00
    2.31968e+24         9.79378e+02    0.00000e+00
    2.31968e+24         9.10833e+02    0.00000e+00
    2.31968e+24         8.31583e+02    0.00000e+00
    2.31968e+24         7.84046e+02    0.00000e+00
    2.31968e+24         7.30570e+02    0.00000e+00
    2.31968e+24         6.68978e+02    0.00000e+00
    2.31968e+24         6.32251e+02    0.00000e+00
    2.31968e+24         5.91132e+02    0.00000e+00
    2.31968e+24         5.44095e+02    0.00000e+00
    2.31968e+24         5.16334e+02    0.00000e+00
    2.31968e+24         4.85507e+02    0.00000e+00
    2.31968e+24         4.50642e+02    0.00000e+00
    2.31968e+24         4.10173e+02    0.00000e+00
    2.31968e+24         3.85749e+02    0.00000e+00
    2.31968e+24         3.58134e+02    0.00000e+00
    2.31968e+24         3.26096e+02    0.00000e+00
    2.31968e+24         3.06775e+02    0.00000e+00
    2.31968e+24         2.84943e+02    0.00000e+00
    2.31968e+24         2.59638e+02    0.00000e+00
    2.31968e+24         2.44399e+02    0.00000e+00
    2.31968e+24         2.27200e+02    0.00000e+00
    2.31968e+24         2.07299e+02    0.00000e+00
    2.31968e+24         1.95346e+02    0.00000e+00
    2.31968e+24         1.81886e+02    0.00000e+00
    2.31968e+24         1.66360e+02    0.00000e+00
    2.31968e+24         1.57080e+02    0.00000e+00
    2.31968e+24         1.46671e+02    0.00000e+00
    2.31968e+24         1.34733e+02    0.00000e+00
    2.31968e+24         1.27659e+02    0.00000e+00
    2.31968e+24         1.19779e+02    0.00000e+00
    2.31968e+24         1.10829e+02    0.00000e+00
    2.31968e+24         1.00375e+02    0.00000e+00
    2.31968e+24         9.40019e+01    0.00000e+00
    2.31968e+24         8.67358e+01    0.00000e+00
    2.31968e+24         7.82013e+01    0.00000e+00
    2.31968e+24         7.29519e+01    0.00000e+00
    2.31968e+24         6.69197e+01    0.00000e+00
    2.31968e+24         6.33354e+01    0.00000e+00
    2.31968e+24         5.93339e+01    0.00000e+00
    2.31968e+24         5.47745e+01    0.00000e+00
    2.31968e+24         4.94245e+01    0.00000e+00
    2.31968e+24         4.61390e+01    0.00000e+00
    2.31968e+24         4.23689e+01    0.00000e+00
    2.31968e+24         4.01335e+01    0.00000e+00
    2.31968e+24         3.76421e+01    0.00000e+00
    2.31968e+24         3.48100e+01    0.00000e+00
    2.31968e+24         3.14983e+01    0.00000e+00
    2.31968e+24         2.94760e+01    0.00000e+00
    2.31968e+24         2.71667e+01    0.00000e+00
    2.31968e+24         2.58073e+01    0.00000e+00
    2.31968e+24         2.43011e+01    0.00000e+00
    2.31968e+24         2.26023e+01    0.00000e+00
    2.31968e+24         2.06385e+01    0.00000e+00
    2.31968e+24         1.94609e+01    0.00000e+00
    2.31968e+24         1.81364e+01    0.00000e+00
    2.31968e+24         1.66114e+01    0.00000e+00
    2.31968e+24         1.57025e+01    0.00000e+00
    2.31968e+24         1.46853e+01    0.00000e+00
    2.31968e+24         1.35223e+01    0.00000e+00
    2.31968e+24         1.28365e+01    0.00000e+00
    2.31968e+24         1.20755e+01    0.00000e+00
    2.31968e+24         1.12155e+01    0.00000e+00
    2.31968e+24         1.02186e+01    0.00000e+00
    2.31968e+24         9.61810e+00    0.00000e+00
    2.31968e+24         8.94031e+00    0.00000e+00
    2.31968e+24         8.15585e+00    0.00000e+00
    2.31968e+24         7.68454e+00    0.00000e+00
    2.31968e+24         7.15365e+00    0.00000e+00
    2.31968e+24         6.54103e+00    0.00000e+00
    2.31968e+24         6.17466e+00    0.00000e+00
    2.31968e+24         5.76352e+00    0.00000e+00
    2.31968e+24         5.29163e+00    0.00000e+00
    2.31968e+24         5.01173e+00    0.00000e+00
    2.31968e+24         4.69969e+00    0.00000e+00
    2.31968e+24         4.34484e+00    0.00000e+00
    2.31968e+24         3.92966e+00    0.00000e+00
    2.31968e+24         3.67589e+00    0.00000e+00
    2.31968e+24         3.38587e+00    0.00000e+00
    2.31968e+24         3.21495e+00    0.00000e+00
    2.31968e+24         3.02538e+00    0.00000e+00
    2.31968e+24         2.81131e+00    0.00000e+00
    2.31968e+24         2.56339e+00    0.00000e+00
    2.31968e+24         2.41429e+00    0.00000e+00
    2.31968e+24         2.24621e+00    0.00000e+00
    2.31968e+24         2.05204e+00    0.00000e+00
    2.31968e+24         1.93571e+00    0.00000e+00
    2.31968e+24         1.80498e+00    0.00000e+00
    2.31968e+24         1.65462e+00    0.00000e+00
    2.31968e+24         1.56516e+00    0.00000e+00
    2.31968e+24         1.46518e+00    0.00000e+00
    2.31968e+24         1.35108e+00    0.00000e+00
    2.31968e+24         1.21691e+00    0.00000e+00
    2.31968e+24         1.13421e+00    0.00000e+00
    2.31968e+24         1.03902e+00    0.00000e+00
    2.31968e+24         9.82299e-01    0.00000e+00
    2.31968e+24         9.18841e-01    0.00000e+00
    2.31968e+24         8.46315e-01    0.00000e+00
    2.31968e+24         8.03570e-01    0.00000e+00
    2.31968e+24         7.56157e-01    0.00000e+00
    2.31968e+24         7.02612e-01    0.00000e+00
    2.31968e+24         6.40595e-01    0.00000e+00
    2.31968e+24         6.03292e-01    0.00000e+00
    2.31968e+24         5.61232e-01    0.00000e+00
    2.31968e+24         5.12633e-01    0.00000e+00
    2.31968e+24         4.83508e-01    0.00000e+00
    2.31968e+24         4.50768e-01    0.00000e+00
    2.31968e+24         4.13099e-01    0.00000e+00
    2.31968e+24         3.90674e-01    0.00000e+00
    2.31968e+24         3.65600e-01    0.00000e+00
    2.31968e+24         3.36968e-01    0.00000e+00
    2.31968e+24         3.20116e-01    0.00000e+00
    2.31968e+24         3.01444e-01    0.00000e+00
    2.31968e+24         2.80386e-01    0.00000e+00
    2.31968e+24         2.56046e-01    0.00000e+00
    2.31968e+24         2.41453e-01    0.00000e+00
    2.31968e+24         2.25042e-01    0.00000e+00
    2.31968e+24         2.06150e-01    0.00000e+00
    2.31968e+24         1.94894e-01    0.00000e+00
    2.31968e+24         1.82300e-01    0.00000e+00
    2.31968e+24         1.67905e-01    0.00000e+00
    2.31968e+24         1.59421e-01    0.00000e+00
    2.31968e+24         1.50010e-01    0.00000e+00
    2.31968e+24         1.39381e-01    0.00000e+00
    2.31968e+24         1.27069e-01    0.00000e+00
    2.31968e+24         1.19663e-01    0.00000e+00
    2.31968e+24         1.11311e-01    0.00000e+00
    2.31968e+24         1.01658e-01    0.00000e+00
    2.31968e+24         9.58722e-02    0.00000e+00
    2.31968e+24         8.93666e-02    0.00000e+00
    2.31968e+24         8.18793e-02    0.00000e+00
    2.31968e+24         7.74197e-02    0.00000e+00
    2.31968e+24         7.24315e-02    0.00000e+00
    2.31968e+24         6.67327e-02    0.00000e+00
    2.31968e+24         6.33758e-02    0.00000e+00
    2.31968e+24         5.96538e-02    0.00000e+00
    2.31968e+24         5.54530e-02    0.00000e+00
    2.31968e+24         5.05916e-02    0.00000e+00
    2.31968e+24         4.76712e-02    0.00000e+00
    2.31968e+24         4.43822e-02    0.00000e+00
    2.31968e+24         4.05876e-02    0.00000e+00
    2.31968e+24         3.83189e-02    0.00000e+00
    2.31968e+24         3.57737e-02    0.00000e+00
    2.31968e+24         3.28534e-02    0.00000e+00
    2.31968e+24         3.11221e-02    0.00000e+00
    2.31968e+24         2.91929e-02    0.00000e+00
    2.31968e+24         2.70002e-02    0.00000e+00
    2.31968e+24         2.44370e-02    0.00000e+00
    2.31968e+24         2.28724e-02    0.00000e+00
    2.31968e+24         2.10864e-02    0.00000e+00
    2.31968e+24         1.89851e-02    0.00000e+00
    2.31968e+24         1.76890e-02    0.00000e+00
    2.31968e+24         1.61960e-02    0.00000e+00
    2.31968e+24         1.53055e-02    0.00000e+00
    2.31968e+24         1.43084e-02    0.00000e+00
    2.31968e+24         1.31675e-02    0.00000e+00
    2.31968e+24         1.24939e-02    0.00000e+00
    2.31968e+24         1.17458e-02    0.00000e+00
    2.31968e+24         1.08992e-02    0.00000e+00
    2.31968e+24         9.91608e-03    0.00000e+00
    2.31968e+24         9.32221e-03    0.00000e+00
    2.31968e+24         8.65026e-03    0.00000e+00
    2.31968e+24         7.86986e-03    0.00000e+00
    2.31968e+24         7.39844e-03    0.00000e+00
    2.31968e+24         6.86503e-03    0.00000e+00
    2.31968e+24         6.24550e-03    0.00000e+00
    2.31968e+24         5.87123e-03    0.00000e+00
    2.31968e+24         5.44773e-03    0.00000e+00
    2.31968e+24         4.95582e-03    0.00000e+00
    2.31968e+24         4.65862e-03    0.00000e+00
    2.31968e+24         4.32228e-03    0.00000e+00
    2.31968e+24         3.93157e-03    0.00000e+00
    2.31968e+24         3.69545e-03    0.00000e+00
    2.31968e+24         3.42820e-03    0.00000e+00
    2.31968e+24         3.11766e-03    0.00000e+00
    2.31968e+24         2.92992e-03    0.00000e+00
    2.31968e+24         2.71734e-03    0.00000e+00
    2.31968e+24         2.47020e-03    0.00000e+00
    2.31968e+24         2.32067e-03    0.00000e+00
    2.31968e+24         2.15125e-03    0.00000e+00
    2.31968e+24         1.95410e-03    0.00000e+00
    2.31968e+24         1.83462e-03    0.00000e+00
    2.31968e+24         1.69908e-03    0.00000e+00
    2.31968e+24         1.54105e-03    0.00000e+00
    2.31968e+24         1.44500e-03    0.00000e+00
    2.31968e+24         1.33576e-03    0.00000e+00
    2.31968e+24         1.20791e-03    0.00000e+00
    2.31968e+24         1.12974e-03    0.00000e+00
    2.31968e+24         1.04038e-03    0.00000e+00
    2.31968e+24         9.87700e-04    0.00000e+00
    2.31968e+24         9.29244e-04    0.00000e+00
    2.31968e+24         8.63203e-04    0.00000e+00
    2.31968e+24         7.86670e-04    0.00000e+00
    2.31968e+24         7.40596e-04    0.00000e+00
    2.31968e+24         6.88610e-04    0.00000e+00
    2.31968e+24         6.28479e-04    0.00000e+00
    2.31968e+24         5.92385e-04    0.00000e+00
    2.31968e+24         5.51759e-04    0.00000e+00
    2.31968e+24         5.04930e-04    0.00000e+00
    2.31968e+24         4.76971e-04    0.00000e+00
    2.31968e+24         4.45638e-04    0.00000e+00
    2.31968e+24         4.09744e-04    0.00000e+00
    2.31968e+24         3.88515e-04    0.00000e+00
    2.31968e+24         3.64903e-04    0.00000e+00
    2.31968e+24         3.38136e-04    0.00000e+00
    2.31968e+24         3.06963e-04    0.00000e+00
    2.31968e+24         2.88051e-04    0.00000e+00
    2.31968e+24         2.66573e-04    0.00000e+00
    2.31968e+24         2.41495e-04    0.00000e+00
    2.31968e+24         2.26217e-04    0.00000e+00
    2.31968e+24         2.08805e-04    0.00000e+00
    2.31968e+24         1.88368e-04    0.00000e+00
    2.31968e+24         1.75812e-04    0.00000e+00
    2.31968e+24         1.61399e-04    0.00000e+00
    2.31968e+24         1.52847e-04    0.00000e+00
    2.31968e+24         1.43312e-04    0.00000e+00
    2.31968e+24         1.32466e-04    0.00000e+00
    2.31968e+24         1.19771e-04    0.00000e+00
    2.31968e+24         1.12007e-04    0.00000e+00
    2.31968e+24         1.03129e-04    0.00000e+00
    2.31968e+24         9.78932e-05    0.00000e+00
    2.31968e+24         9.20819e-05    0.00000e+00
    2.31968e+24         8.55140e-05    0.00000e+00
    2.31968e+24         7.78985e-05    0.00000e+00
    2.31968e+24         7.33098e-05    0.00000e+00
    2.31968e+24         6.81287e-05    0.00000e+00
    2.31968e+24         6.21297e-05    0.00000e+00
    2.31968e+24         5.85229e-05    0.00000e+00
    2.31968e+24         5.44579e-05    0.00000e+00
    2.31968e+24         4.97634e-05    0.00000e+00
    2.31968e+24         4.69523e-05    0.00000e+00
    2.31968e+24         4.37946e-05    0.00000e+00
    2.31968e+24         4.01651e-05    0.00000e+00
    2.31968e+24         3.80076e-05    0.00000e+00
    2.31968e+24         3.55982e-05    0.00000e+00
    2.31968e+24         3.28516e-05    0.00000e+00
    2.31968e+24         2.96265e-05    0.00000e+00
    2.31968e+24         2.76437e-05    0.00000e+00
    2.31968e+24         2.53664e-05    0.00000e+00
    2.31968e+24         2.40141e-05    0.00000e+00


