              t                   M              a
    1.23833e-21         1.00000e+17    8.00000e-01
    1.23833e-21         9.58408e+16    7.52261e-01
    1.23833e-21         9.19016e+16    7.14126e-01
    1.23833e-21         8.78850e+16    6.81675e-01
    1.23833e-21         8.36535e+16    6.53431e-01
    1.23833e-21         7.90551e+16    6.28327e-01
    1.23833e-21         7.39782e+16    6.05186e-01
    1.23833e-21         6.82398e+16    5.83533e-01
    1.23833e-21         6.14927e+16    5.63482e-01
    1.23833e-21         5.73451e+16    5.53810e-01
    1.23833e-21         5.25834e+16    5.43900e-01
    1.23833e-21         4.97567e+16    5.38767e-01
    1.23833e-21         4.66026e+16    5.33472e-01
    1.23833e-21         4.30078e+16    5.27961e-01
    1.23833e-21         3.87840e+16    5.22159e-01
    1.23833e-21         3.61857e+16    5.19038e-01
    1.23833e-21         3.32000e+16    5.15747e-01
    1.23833e-21         3.14259e+16    5.13987e-01
    1.23833e-21         2.94456e+16    5.12141e-01
    1.23833e-21         2.71895e+16    5.10189e-01
    1.23833e-21         2.45431e+16    5.08097e-01
    1.23833e-21         2.29188e+16    5.06956e-01
    1.23833e-21         2.10561e+16    5.05739e-01
    1.23833e-21         1.99525e+16    5.05082e-01
    1.23833e-21         1.87234e+16    5.04390e-01
    1.23833e-21         1.73275e+16    5.03655e-01
    1.23833e-21         1.56976e+16    5.02864e-01
    1.23833e-21         1.47046e+16    5.02430e-01
    1.23833e-21         1.35729e+16    5.01968e-01
    1.23833e-21         1.22446e+16    5.01467e-01
    1.23833e-21         1.14285e+16    5.01191e-01
    1.23833e-21         1.04917e+16    5.00896e-01
    1.23833e-21         9.93586e+15    5.00735e-01
    1.23833e-21         9.31612e+15    5.00565e-01
    1.23833e-21         8.61118e+15    5.00383e-01
    1.23833e-21         7.78609e+15    5.00187e-01
    1.23833e-21         7.28148e+15    5.00079e-01
    1.23833e-21         6.70449e+15    4.99963e-01
    1.23833e-21         6.36420e+15    4.99899e-01
    1.23833e-21         5.98655e+15    4.99832e-01
    1.23833e-21         5.55974e+15    4.99759e-01
    1.23833e-21         5.06488e+15    4.99679e-01
    1.23833e-21         4.76674e+15    4.99634e-01
    1.23833e-21         4.43013e+15    4.99586e-01
    1.23833e-21         4.04043e+15    4.99533e-01
    1.23833e-21         3.80618e+15    4.99504e-01
    1.23833e-21         3.54221e+15    4.99472e-01
    1.23833e-21         3.23742e+15    4.99437e-01
    1.23833e-21         3.05498e+15    4.99418e-01
    1.23833e-21         2.85010e+15    4.99397e-01
    1.23833e-21         2.61471e+15    4.99374e-01
    1.23833e-21         2.47487e+15    4.99361e-01
    1.23833e-21         2.31878e+15    4.99347e-01
    1.23833e-21         2.14096e+15    4.99333e-01
    1.23833e-21         1.93238e+15    4.99316e-01
    1.23833e-21         1.80437e+15    4.99307e-01
    1.23833e-21         1.65754e+15    4.99297e-01
    1.23833e-21         1.57054e+15    4.99291e-01
    1.23833e-21         1.47364e+15    4.99285e-01
    1.23833e-21         1.36357e+15    4.99279e-01
    1.23833e-21         1.23502e+15    4.99272e-01
    1.23833e-21         1.15667e+15    4.99268e-01
    1.23833e-21         1.06735e+15    4.99263e-01
    1.23833e-21         9.62442e+14    4.99258e-01
    1.23833e-21         8.97933e+14    4.99256e-01
    1.23833e-21         8.23822e+14    4.99253e-01
    1.23833e-21         7.79799e+14    4.99251e-01
    1.23833e-21         7.30666e+14    4.99249e-01
    1.23833e-21         6.74703e+14    4.99247e-01
    1.23833e-21         6.09071e+14    4.99245e-01
    1.23833e-21         5.68801e+14    4.99244e-01
    1.23833e-21         5.22628e+14    4.99243e-01
    1.23833e-21         4.95282e+14    4.99242e-01
    1.23833e-21         4.64833e+14    4.99241e-01
    1.23833e-21         4.30263e+14    4.99240e-01
    1.23833e-21         3.89916e+14    4.99239e-01
    1.23833e-21         3.65352e+14    4.99239e-01
    1.23833e-21         3.37373e+14    4.99238e-01
    1.23833e-21         3.04561e+14    4.99238e-01
    1.23833e-21         2.84430e+14    4.99237e-01
    1.23833e-21         2.61348e+14    4.99237e-01
    1.23833e-21         2.47678e+14    4.99237e-01
    1.23833e-21         2.32458e+14    4.99236e-01
    1.23833e-21         2.15180e+14    4.99236e-01
    1.23833e-21         1.95015e+14    4.99236e-01
    1.23833e-21         1.82740e+14    4.99236e-01
    1.23833e-21         1.68761e+14    4.99236e-01
    1.23833e-21         1.52369e+14    4.99235e-01
    1.23833e-21         1.42315e+14    4.99235e-01
    1.23833e-21         1.30791e+14    4.99235e-01
    1.23833e-21         1.23968e+14    4.99235e-01
    1.23833e-21         1.16374e+14    4.99235e-01
    1.23833e-21         1.07756e+14    4.99235e-01
    1.23833e-21         9.77052e+13    4.99235e-01
    1.23833e-21         9.15924e+13    4.99235e-01
    1.23833e-21         8.46365e+13    4.99235e-01
    1.23833e-21         7.64903e+13    4.99235e-01
    1.23833e-21         7.15034e+13    4.99235e-01
    1.23833e-21         6.57967e+13    4.99235e-01
    1.23833e-21         6.24269e+13    4.99235e-01
    1.23833e-21         5.86835e+13    4.99235e-01
    1.23833e-21         5.44472e+13    4.99235e-01
    1.23833e-21         4.95261e+13    4.99234e-01
    1.23833e-21         4.65523e+13    4.99234e-01
    1.23833e-21         4.31864e+13    4.99234e-01
    1.23833e-21         3.92754e+13    4.99234e-01
    1.23833e-21         3.69111e+13    4.99234e-01
    1.23833e-21         3.42342e+13    4.99234e-01
    1.23833e-21         3.11222e+13    4.99234e-01
    1.23833e-21         2.92395e+13    4.99234e-01
    1.23833e-21         2.71066e+13    4.99234e-01
    1.23833e-21         2.46247e+13    4.99234e-01
    1.23833e-21         2.31211e+13    4.99234e-01
    1.23833e-21         2.14155e+13    4.99234e-01
    1.23833e-21         1.94274e+13    4.99234e-01
    1.23833e-21         1.82195e+13    4.99234e-01
    1.23833e-21         1.68461e+13    4.99234e-01
    1.23833e-21         1.52397e+13    4.99234e-01
    1.23833e-21         1.42582e+13    4.99234e-01
    1.23833e-21         1.31369e+13    4.99234e-01
    1.23833e-21         1.24765e+13    4.99234e-01
    1.23833e-21         1.17443e+13    4.99234e-01
    1.23833e-21         1.09180e+13    4.99234e-01
    1.23833e-21         9.96191e+12    4.99234e-01
    1.23833e-21         9.38767e+12    4.99234e-01
    1.23833e-21         8.74104e+12    4.99234e-01
    1.23833e-21         7.99520e+12    4.99234e-01
    1.23833e-21         7.54946e+12    4.99234e-01
    1.23833e-21         7.04953e+12    4.99234e-01
    1.23833e-21         6.47618e+12    4.99234e-01
    1.23833e-21         6.13650e+12    4.99234e-01
    1.23833e-21         5.75817e+12    4.99234e-01
    1.23833e-21         5.32849e+12    4.99234e-01
    1.23833e-21         4.82672e+12    4.99234e-01
    1.23833e-21         4.52096e+12    4.99234e-01
    1.23833e-21         4.17245e+12    4.99234e-01
    1.23833e-21         3.76328e+12    4.99234e-01
    1.23833e-21         3.51179e+12    4.99234e-01
    1.23833e-21         3.22300e+12    4.99234e-01
    1.23833e-21         3.05156e+12    4.99234e-01
    1.23833e-21         2.86032e+12    4.99234e-01
    1.23833e-21         2.64265e+12    4.99234e-01
    1.23833e-21         2.38765e+12    4.99234e-01
    1.23833e-21         2.23146e+12    4.99234e-01
    1.23833e-21         2.05265e+12    4.99234e-01
    1.23833e-21         1.94698e+12    4.99234e-01
    1.23833e-21         1.82953e+12    4.99234e-01
    1.23833e-21         1.69653e+12    4.99234e-01
    1.23833e-21         1.54184e+12    4.99234e-01
    1.23833e-21         1.44821e+12    4.99234e-01
    1.23833e-21         1.34207e+12    4.99234e-01
    1.23833e-21         1.21848e+12    4.99234e-01
    1.23833e-21         1.14351e+12    4.99234e-01
    1.23833e-21         1.05839e+12    4.99234e-01
    1.23833e-21         9.59033e+11    4.99234e-01
    1.23833e-21         8.98526e+11    4.99234e-01
    1.23833e-21         8.29595e+11    4.99234e-01
    1.23833e-21         7.48734e+11    4.99234e-01
    1.23833e-21         6.99100e+11    4.99234e-01
    1.23833e-21         6.42167e+11    4.99234e-01
    1.23833e-21         6.08429e+11    4.99234e-01
    1.23833e-21         5.70846e+11    4.99234e-01
    1.23833e-21         5.28151e+11    4.99234e-01
    1.23833e-21         4.78275e+11    4.99234e-01
    1.23833e-21         4.47864e+11    4.99234e-01
    1.23833e-21         4.13183e+11    4.99234e-01
    1.23833e-21         3.72436e+11    4.99234e-01
    1.23833e-21         3.47360e+11    4.99234e-01
    1.23833e-21         3.18534e+11    4.99234e-01
    1.23833e-21         3.01394e+11    4.99234e-01
    1.23833e-21         2.82249e+11    4.99234e-01
    1.23833e-21         2.60419e+11    4.99234e-01
    1.23833e-21         2.34775e+11    4.99234e-01
    1.23833e-21         2.19000e+11    4.99234e-01
    1.23833e-21         2.00869e+11    4.99234e-01
    1.23833e-21         1.90094e+11    4.99234e-01
    1.23833e-21         1.78062e+11    4.99234e-01
    1.23833e-21         1.64350e+11    4.99234e-01
    1.23833e-21         1.48254e+11    4.99234e-01
    1.23833e-21         1.38363e+11    4.99234e-01
    1.23833e-21         1.27008e+11    4.99234e-01
    1.23833e-21         1.20270e+11    4.99234e-01
    1.23833e-21         1.12756e+11    4.99234e-01
    1.23833e-21         1.04206e+11    4.99234e-01
    1.23833e-21         9.41969e+10    4.99234e-01
    1.23833e-21         8.80720e+10    4.99234e-01
    1.23833e-21         8.10655e+10    4.99234e-01
    1.23833e-21         7.69306e+10    4.99234e-01
    1.23833e-21         7.23392e+10    4.99234e-01
    1.23833e-21         6.71465e+10    4.99234e-01
    1.23833e-21         6.11196e+10    4.99234e-01
    1.23833e-21         5.74825e+10    4.99234e-01
    1.23833e-21         5.33706e+10    4.99234e-01
    1.23833e-21         4.86007e+10    4.99234e-01
    1.23833e-21         4.57247e+10    4.99234e-01
    1.23833e-21         4.24754e+10    4.99234e-01
    1.23833e-21         3.87101e+10    4.99234e-01
    1.23833e-21         3.64433e+10    4.99234e-01
    1.23833e-21         3.38858e+10    4.99234e-01
    1.23833e-21         3.09277e+10    4.99234e-01
    1.23833e-21         2.91522e+10    4.99234e-01
    1.23833e-21         2.71538e+10    4.99234e-01
    1.23833e-21         2.48504e+10    4.99234e-01
    1.23833e-21         2.34754e+10    4.99234e-01
    1.23833e-21         2.19345e+10    4.99234e-01
    1.23833e-21         2.01695e+10    4.99234e-01
    1.23833e-21         1.91258e+10    4.99234e-01
    1.23833e-21         1.79651e+10    4.99234e-01
    1.23833e-21         1.66496e+10    4.99234e-01
    1.23833e-21         1.51179e+10    4.99234e-01
    1.23833e-21         1.41891e+10    4.99234e-01
    1.23833e-21         1.31347e+10    4.99234e-01
    1.23833e-21         1.19041e+10    4.99234e-01
    1.23833e-21         1.11551e+10    4.99234e-01
    1.23833e-21         1.03021e+10    4.99234e-01
    1.23833e-21         9.30193e+09    4.99234e-01
    1.23833e-21         8.68855e+09    4.99234e-01
    1.23833e-21         7.98552e+09    4.99234e-01
    1.23833e-21         7.56938e+09    4.99234e-01
    1.23833e-21         7.10623e+09    4.99234e-01
    1.23833e-21         6.58074e+09    4.99234e-01
    1.23833e-21         5.96798e+09    4.99234e-01
    1.23833e-21         5.59545e+09    4.99234e-01
    1.23833e-21         5.17167e+09    4.99234e-01
    1.23833e-21         4.67560e+09    4.99234e-01
    1.23833e-21         4.37213e+09    4.99234e-01
    1.23833e-21         4.02508e+09    4.99234e-01
    1.23833e-21         3.82034e+09    4.99234e-01
    1.23833e-21         3.59306e+09    4.99234e-01
    1.23833e-21         3.33613e+09    4.99234e-01
    1.23833e-21         3.03810e+09    4.99234e-01
    1.23833e-21         2.85841e+09    4.99234e-01
    1.23833e-21         2.65542e+09    4.99234e-01
    1.23833e-21         2.42021e+09    4.99234e-01
    1.23833e-21         2.27863e+09    4.99234e-01
    1.23833e-21         2.11892e+09    4.99234e-01
    1.23833e-21         1.93422e+09    4.99234e-01
    1.23833e-21         1.82339e+09    4.99234e-01
    1.23833e-21         1.69868e+09    4.99234e-01
    1.23833e-21         1.55499e+09    4.99234e-01
    1.23833e-21         1.46925e+09    4.99234e-01
    1.23833e-21         1.37321e+09    4.99234e-01
    1.23833e-21         1.26327e+09    4.99234e-01
    1.23833e-21         1.19832e+09    4.99234e-01
    1.23833e-21         1.12613e+09    4.99234e-01
    1.23833e-21         1.04439e+09    4.99234e-01
    1.23833e-21         9.49357e+08    4.99234e-01
    1.23833e-21         8.91851e+08    4.99234e-01
    1.23833e-21         8.26690e+08    4.99234e-01
    1.23833e-21         7.50852e+08    4.99234e-01
    1.23833e-21         7.04886e+08    4.99234e-01
    1.23833e-21         6.52730e+08    4.99234e-01
    1.23833e-21         5.91906e+08    4.99234e-01
    1.23833e-21         5.54923e+08    4.99234e-01
    1.23833e-21         5.12846e+08    4.99234e-01
    1.23833e-21         4.63581e+08    4.99234e-01
    1.23833e-21         4.33435e+08    4.99234e-01
    1.23833e-21         3.98949e+08    4.99234e-01
    1.23833e-21         3.78597e+08    4.99234e-01
    1.23833e-21         3.55997e+08    4.99234e-01
    1.23833e-21         3.30438e+08    4.99234e-01
    1.23833e-21         3.00771e+08    4.99234e-01
    1.23833e-21         2.82867e+08    4.99234e-01
    1.23833e-21         2.62624e+08    4.99234e-01
    1.23833e-21         2.39141e+08    4.99234e-01
    1.23833e-21         2.24981e+08    4.99234e-01
    1.23833e-21         2.08981e+08    4.99234e-01
    1.23833e-21         1.90439e+08    4.99234e-01
    1.23833e-21         1.79274e+08    4.99234e-01
    1.23833e-21         1.66675e+08    4.99234e-01
    1.23833e-21         1.52100e+08    4.99234e-01
    1.23833e-21         1.43348e+08    4.99234e-01
    1.23833e-21         1.33496e+08    4.99234e-01
    1.23833e-21         1.22135e+08    4.99234e-01
    1.23833e-21         1.15349e+08    4.99234e-01
    1.23833e-21         1.07741e+08    4.99234e-01
    1.23833e-21         9.90204e+07    4.99234e-01
    1.23833e-21         9.38583e+07    4.99234e-01
    1.23833e-21         8.81129e+07    4.99234e-01
    1.23833e-21         8.15937e+07    4.99234e-01
    1.23833e-21         7.39911e+07    4.99234e-01
    1.23833e-21         6.93686e+07    4.99234e-01
    1.23833e-21         6.41094e+07    4.99234e-01
    1.23833e-21         5.79520e+07    4.99234e-01
    1.23833e-21         5.41843e+07    4.99234e-01
    1.23833e-21         4.98744e+07    4.99234e-01
    1.23833e-21         4.73309e+07    4.99234e-01
    1.23833e-21         4.45068e+07    4.99234e-01
    1.23833e-21         4.13128e+07    4.99234e-01
    1.23833e-21         3.76059e+07    4.99234e-01
    1.23833e-21         3.53690e+07    4.99234e-01
    1.23833e-21         3.28403e+07    4.99234e-01
    1.23833e-21         2.99071e+07    4.99234e-01
    1.23833e-21         2.81387e+07    4.99234e-01
    1.23833e-21         2.61411e+07    4.99234e-01
    1.23833e-21         2.38265e+07    4.99234e-01
    1.23833e-21         2.24334e+07    4.99234e-01
    1.23833e-21         2.08620e+07    4.99234e-01
    1.23833e-21         1.90449e+07    4.99234e-01
    1.23833e-21         1.79547e+07    4.99234e-01
    1.23833e-21         1.67281e+07    4.99234e-01
    1.23833e-21         1.53150e+07    4.99234e-01
    1.23833e-21         1.44720e+07    4.99234e-01
    1.23833e-21         1.35280e+07    4.99234e-01
    1.23833e-21         1.24477e+07    4.99234e-01
    1.23833e-21         1.18097e+07    4.99234e-01
    1.23833e-21         1.11009e+07    4.99234e-01
    1.23833e-21         1.02987e+07    4.99234e-01
    1.23833e-21         9.36662e+06    4.99234e-01
    1.23833e-21         8.80323e+06    4.99234e-01
    1.23833e-21         8.16543e+06    4.99234e-01
    1.23833e-21         7.42409e+06    4.99234e-01
    1.23833e-21         6.97570e+06    4.99234e-01
    1.23833e-21         6.46782e+06    4.99234e-01
    1.23833e-21         5.87703e+06    4.99234e-01
    1.23833e-21         5.51927e+06    4.99234e-01
    1.23833e-21         5.11362e+06    4.99234e-01
    1.23833e-21         4.64107e+06    4.99234e-01
    1.23833e-21         4.35422e+06    4.99234e-01
    1.23833e-21         4.02834e+06    4.99234e-01
    1.23833e-21         3.64760e+06    4.99234e-01
    1.23833e-21         3.41541e+06    4.99234e-01
    1.23833e-21         3.15058e+06    4.99234e-01
    1.23833e-21         2.83936e+06    4.99234e-01
    1.23833e-21         2.64776e+06    4.99234e-01
    1.23833e-21         2.42744e+06    4.99234e-01
    1.23833e-21         2.29637e+06    4.99234e-01
    1.23833e-21         2.14992e+06    4.99234e-01
    1.23833e-21         1.98283e+06    4.99234e-01
    1.23833e-21         1.78639e+06    4.99234e-01
    1.23833e-21         1.66538e+06    4.99234e-01
    1.23833e-21         1.52615e+06    4.99234e-01
    1.23833e-21         1.44326e+06    4.99234e-01
    1.23833e-21         1.35056e+06    4.99234e-01
    1.23833e-21         1.24471e+06    4.99234e-01
    1.23833e-21         1.18240e+06    4.99234e-01
    1.23833e-21         1.11335e+06    4.99234e-01
    1.23833e-21         1.03547e+06    4.99234e-01
    1.23833e-21         9.45426e+05    4.99234e-01
    1.23833e-21         8.91423e+05    4.99234e-01
    1.23833e-21         8.30679e+05    4.99234e-01
    1.23833e-21         7.60726e+05    4.99234e-01
    1.23833e-21         7.19022e+05    4.99234e-01
    1.23833e-21         6.72339e+05    4.99234e-01
    1.23833e-21         6.18948e+05    4.99234e-01
    1.23833e-21         5.87448e+05    4.99234e-01
    1.23833e-21         5.52480e+05    4.99234e-01
    1.23833e-21         5.12946e+05    4.99234e-01
    1.23833e-21         4.67082e+05    4.99234e-01
    1.23833e-21         4.39425e+05    4.99234e-01
    1.23833e-21         4.08178e+05    4.99234e-01
    1.23833e-21         3.71963e+05    4.99234e-01
    1.23833e-21         3.50159e+05    4.99234e-01
    1.23833e-21         3.25554e+05    4.99234e-01
    1.23833e-21         2.97089e+05    4.99234e-01
    1.23833e-21         2.79999e+05    4.99234e-01
    1.23833e-21         2.60759e+05    4.99234e-01
    1.23833e-21         2.38574e+05    4.99234e-01
    1.23833e-21         2.25323e+05    4.99234e-01
    1.23833e-21         2.10468e+05    4.99234e-01
    1.23833e-21         1.93442e+05    4.99234e-01
    1.23833e-21         1.83364e+05    4.99234e-01
    1.23833e-21         1.72148e+05    4.99234e-01
    1.23833e-21         1.59423e+05    4.99234e-01
    1.23833e-21         1.44586e+05    4.99234e-01
    1.23833e-21         1.35566e+05    4.99234e-01
    1.23833e-21         1.25307e+05    4.99234e-01
    1.23833e-21         1.13299e+05    4.99234e-01
    1.23833e-21         1.05954e+05    4.99234e-01
    1.23833e-21         9.75565e+04    4.99234e-01
    1.23833e-21         9.26036e+04    4.99234e-01
    1.23833e-21         8.71067e+04    4.99234e-01
    1.23833e-21         8.08942e+04    4.99234e-01
    1.23833e-21         7.36908e+04    4.99234e-01
    1.23833e-21         6.93505e+04    4.99234e-01
    1.23833e-21         6.44500e+04    4.99234e-01
    1.23833e-21         5.87759e+04    4.99234e-01
    1.23833e-21         5.53647e+04    4.99234e-01
    1.23833e-21         5.15201e+04    4.99234e-01
    1.23833e-21         4.70804e+04    4.99234e-01
    1.23833e-21         4.44221e+04    4.99234e-01
    1.23833e-21         4.14361e+04    4.99234e-01
    1.23833e-21         3.80043e+04    4.99234e-01
    1.23833e-21         3.59645e+04    4.99234e-01
    1.23833e-21         3.36868e+04    4.99234e-01
    1.23833e-21         3.10906e+04    4.99234e-01
    1.23833e-21         2.80428e+04    4.99234e-01
    1.23833e-21         2.61696e+04    4.99234e-01
    1.23833e-21         2.40186e+04    4.99234e-01
    1.23833e-21         2.27419e+04    4.99234e-01
    1.23833e-21         2.13178e+04    4.99234e-01
    1.23833e-21         1.96971e+04    4.99234e-01
    1.23833e-21         1.77987e+04    4.99234e-01
    1.23833e-21         1.66362e+04    4.99234e-01
    1.23833e-21         1.53056e+04    4.99234e-01
    1.23833e-21         1.45196e+04    4.99234e-01
    1.23833e-21         1.36462e+04    4.99234e-01
    1.23833e-21         1.26574e+04    4.99234e-01
    1.23833e-21         1.15081e+04    4.99234e-01
    1.23833e-21         1.08129e+04    4.99234e-01
    1.23833e-21         1.00254e+04    4.99234e-01
    1.23833e-21         9.10944e+03    4.99234e-01
    1.23833e-21         8.55470e+03    4.99234e-01
    1.23833e-21         7.92568e+03    4.99234e-01
    1.23833e-21         7.19286e+03    4.99234e-01
    1.23833e-21         6.74798e+03    4.99234e-01
    1.23833e-21         6.24251e+03    4.99234e-01
    1.23833e-21         5.65187e+03    4.99234e-01
    1.23833e-21         5.29160e+03    4.99234e-01
    1.23833e-21         4.88060e+03    4.99234e-01
    1.23833e-21         4.39747e+03    4.99234e-01
    1.23833e-21         4.09991e+03    4.99234e-01
    1.23833e-21         3.75759e+03    4.99234e-01
    1.23833e-21         3.55382e+03    4.99234e-01
    1.23833e-21         3.32602e+03    4.99234e-01
    1.23833e-21         3.06594e+03    4.99234e-01
    1.23833e-21         2.75986e+03    4.99234e-01
    1.23833e-21         2.57100e+03    4.99234e-01
    1.23833e-21         2.35337e+03    4.99234e-01
    1.23833e-21         2.22350e+03    4.99234e-01
    1.23833e-21         2.07802e+03    4.99234e-01
    1.23833e-21         1.91145e+03    4.99234e-01
    1.23833e-21         1.81302e+03    4.99234e-01
    1.23833e-21         1.70360e+03    4.99234e-01
    1.23833e-21         1.57969e+03    4.99234e-01
    1.23833e-21         1.43557e+03    4.99234e-01
    1.23833e-21         1.34832e+03    4.99234e-01
    1.23833e-21         1.24941e+03    4.99234e-01
    1.23833e-21         1.13421e+03    4.99234e-01
    1.23833e-21         1.06432e+03    4.99234e-01
    1.23833e-21         9.84955e+02    4.99234e-01
    1.23833e-21         8.92278e+02    4.99234e-01
    1.23833e-21         8.35814e+02    4.99234e-01
    1.23833e-21         7.71463e+02    4.99234e-01
    1.23833e-21         6.95929e+02    4.99234e-01
    1.23833e-21         6.49519e+02    4.99234e-01
    1.23833e-21         5.96240e+02    4.99234e-01
    1.23833e-21         5.64627e+02    4.99234e-01
    1.23833e-21         5.29374e+02    4.99234e-01
    1.23833e-21         4.89271e+02    4.99234e-01
    1.23833e-21         4.42323e+02    4.99234e-01
    1.23833e-21         4.13602e+02    4.99234e-01
    1.23833e-21         3.80753e+02    4.99234e-01
    1.23833e-21         3.61372e+02    4.99234e-01
    1.23833e-21         3.39857e+02    4.99234e-01
    1.23833e-21         3.15532e+02    4.99234e-01
    1.23833e-21         2.87311e+02    4.99234e-01
    1.23833e-21         2.70293e+02    4.99234e-01
    1.23833e-21         2.51064e+02    4.99234e-01
    1.23833e-21         2.28777e+02    4.99234e-01
    1.23833e-21         2.15357e+02    4.99234e-01
    1.23833e-21         2.00211e+02    4.99234e-01
    1.23833e-21         1.82688e+02    4.99234e-01
    1.23833e-21         1.72165e+02    4.99234e-01
    1.23833e-21         1.60316e+02    4.99234e-01
    1.23833e-21         1.46651e+02    4.99234e-01
    1.23833e-21         1.38486e+02    4.99234e-01
    1.23833e-21         1.29330e+02    4.99234e-01
    1.23833e-21         1.18831e+02    4.99234e-01
    1.23833e-21         1.12613e+02    4.99234e-01
    1.23833e-21         1.05690e+02    4.99234e-01
    1.23833e-21         9.78299e+01    4.99234e-01
    1.23833e-21         8.86558e+01    4.99234e-01
    1.23833e-21         8.30704e+01    4.99234e-01
    1.23833e-21         7.67086e+01    4.99234e-01
    1.23833e-21         6.92478e+01    4.99234e-01
    1.23833e-21         6.46703e+01    4.99234e-01
    1.23833e-21         5.94218e+01    4.99234e-01
    1.23833e-21         5.63136e+01    4.99234e-01
    1.23833e-21         5.28527e+01    4.99234e-01
    1.23833e-21         4.89237e+01    4.99234e-01
    1.23833e-21         4.43383e+01    4.99234e-01
    1.23833e-21         4.15469e+01    4.99234e-01
    1.23833e-21         3.83678e+01    4.99234e-01
    1.23833e-21         3.46401e+01    4.99234e-01
    1.23833e-21         3.23534e+01    4.99234e-01
    1.23833e-21         2.97322e+01    4.99234e-01
    1.23833e-21         2.81803e+01    4.99234e-01
    1.23833e-21         2.64527e+01    4.99234e-01
    1.23833e-21         2.44921e+01    4.99234e-01
    1.23833e-21         2.22051e+01    4.99234e-01
    1.23833e-21         2.08139e+01    4.99234e-01
    1.23833e-21         1.92305e+01    4.99234e-01
    1.23833e-21         1.73757e+01    4.99234e-01
    1.23833e-21         1.62397e+01    4.99234e-01
    1.23833e-21         1.49392e+01    4.99234e-01
    1.23833e-21         1.41708e+01    4.99234e-01
    1.23833e-21         1.33169e+01    4.99234e-01
    1.23833e-21         1.23499e+01    4.99234e-01
    1.23833e-21         1.12255e+01    4.99234e-01
    1.23833e-21         1.05450e+01    4.99234e-01
    1.23833e-21         9.77395e+00    4.99234e-01
    1.23833e-21         8.87639e+00    4.99234e-01
    1.23833e-21         8.33226e+00    4.99234e-01
    1.23833e-21         7.71475e+00    4.99234e-01
    1.23833e-21         6.99443e+00    4.99234e-01
    1.23833e-21         6.55626e+00    4.99234e-01
    1.23833e-21         6.05757e+00    4.99234e-01
    1.23833e-21         5.47339e+00    4.99234e-01
    1.23833e-21         5.11563e+00    4.99234e-01
    1.23833e-21         4.70607e+00    4.99234e-01
    1.23833e-21         4.46410e+00    4.99234e-01
    1.23833e-21         4.19518e+00    4.99234e-01
    1.23833e-21         3.89069e+00    4.99234e-01
    1.23833e-21         3.53667e+00    4.99234e-01
    1.23833e-21         3.32244e+00    4.99234e-01
    1.23833e-21         3.07971e+00    4.99234e-01
    1.23833e-21         2.79720e+00    4.99234e-01
    1.23833e-21         2.62597e+00    4.99234e-01
    1.23833e-21         2.43168e+00    4.99234e-01
    1.23833e-21         2.20511e+00    4.99234e-01
    1.23833e-21         2.06734e+00    4.99234e-01
    1.23833e-21         1.91061e+00    4.99234e-01
    1.23833e-21         1.72710e+00    4.99234e-01
    1.23833e-21         1.61481e+00    4.99234e-01
    1.23833e-21         1.48637e+00    4.99234e-01
    1.23833e-21         1.41057e+00    4.99234e-01
    1.23833e-21         1.32640e+00    4.99234e-01
    1.23833e-21         1.23121e+00    4.99234e-01
    1.23833e-21         1.12074e+00    4.99234e-01
    1.23833e-21         1.05407e+00    4.99234e-01
    1.23833e-21         9.78707e-01    4.99234e-01
    1.23833e-21         8.91290e-01    4.99234e-01
    1.23833e-21         8.38587e-01    4.99234e-01
    1.23833e-21         7.79051e-01    4.99234e-01
    1.23833e-21         7.10068e-01    4.99234e-01
    1.23833e-21         6.68550e-01    4.99234e-01
    1.23833e-21         6.21714e-01    4.99234e-01
    1.23833e-21         5.67557e-01    4.99234e-01
    1.23833e-21         5.35063e-01    4.99234e-01
    1.23833e-21         4.98504e-01    4.99234e-01
    1.23833e-21         4.56385e-01    4.99234e-01
    1.23833e-21         4.31259e-01    4.99234e-01
    1.23833e-21         4.03120e-01    4.99234e-01
    1.23833e-21         3.70916e-01    4.99234e-01
    1.23833e-21         3.51896e-01    4.99234e-01
    1.23833e-21         3.30765e-01    4.99234e-01
    1.23833e-21         3.06848e-01    4.99234e-01
    1.23833e-21         2.79056e-01    4.99234e-01
    1.23833e-21         2.62255e-01    4.99234e-01
    1.23833e-21         2.43232e-01    4.99234e-01
    1.23833e-21         2.21118e-01    4.99234e-01
    1.23833e-21         2.07738e-01    4.99234e-01
    1.23833e-21         1.92580e-01    4.99234e-01
    1.23833e-21         1.74941e-01    4.99234e-01
    1.23833e-21         1.64253e-01    4.99234e-01
    1.23833e-21         1.52129e-01    4.99234e-01
    1.23833e-21         1.37996e-01    4.99234e-01
    1.23833e-21         1.29408e-01    4.99234e-01
    1.23833e-21         1.19642e-01    4.99234e-01
    1.23833e-21         1.08217e-01    4.99234e-01
    1.23833e-21         1.01235e-01    4.99234e-01
    1.23833e-21         9.32558e-02    4.99234e-01
    1.23833e-21         8.85545e-02    4.99234e-01
    1.23833e-21         8.33407e-02    4.99234e-01
    1.23833e-21         7.74542e-02    4.99234e-01
    1.23833e-21         7.06390e-02    4.99234e-01
    1.23833e-21         6.65421e-02    4.99234e-01
    1.23833e-21         6.19252e-02    4.99234e-01
    1.23833e-21         5.65942e-02    4.99234e-01
    1.23833e-21         5.34029e-02    4.99234e-01
    1.23833e-21         4.98188e-02    4.99234e-01
    1.23833e-21         4.57004e-02    4.99234e-01
    1.23833e-21         4.32534e-02    4.99234e-01
    1.23833e-21         4.05216e-02    4.99234e-01
    1.23833e-21         3.74091e-02    4.99234e-01
    1.23833e-21         3.37571e-02    4.99234e-01
    1.23833e-21         3.15147e-02    4.99234e-01
    1.23833e-21         2.89418e-02    4.99234e-01
    1.23833e-21         2.74164e-02    4.99234e-01
    1.23833e-21         2.57166e-02    4.99234e-01
    1.23833e-21         2.37846e-02    4.99234e-01
    1.23833e-21         2.15261e-02    4.99234e-01
    1.23833e-21         2.01474e-02    4.99234e-01
    1.23833e-21         1.85736e-02    4.99234e-01
    1.23833e-21         1.67218e-02    4.99234e-01
    1.23833e-21         1.55794e-02    4.99234e-01
    1.23833e-21         1.42634e-02    4.99234e-01
    1.23833e-21         1.34784e-02    4.99234e-01
    1.23833e-21         1.25993e-02    4.99234e-01
    1.23833e-21         1.15932e-02    4.99234e-01
    1.23833e-21         1.09990e-02    4.99234e-01
    1.23833e-21         1.03389e-02    4.99234e-01
    1.23833e-21         9.59189e-03    4.99234e-01
    1.23833e-21         8.72394e-03    4.99234e-01
    1.23833e-21         8.19932e-03    4.99234e-01
    1.23833e-21         7.60541e-03    4.99234e-01
    1.23833e-21         6.91513e-03    4.99234e-01
    1.23833e-21         6.49764e-03    4.99234e-01
    1.23833e-21         6.02478e-03    4.99234e-01
    1.23833e-21         5.47479e-03    4.99234e-01
    1.23833e-21         5.14176e-03    4.99234e-01
    1.23833e-21         4.76420e-03    4.99234e-01
    1.23833e-21         4.32442e-03    4.99234e-01
    1.23833e-21         4.05754e-03    4.99234e-01
    1.23833e-21         3.75439e-03    4.99234e-01
    1.23833e-21         3.40030e-03    4.99234e-01
    1.23833e-21         3.18447e-03    4.99234e-01
    1.23833e-21         2.93839e-03    4.99234e-01
    1.23833e-21         2.64937e-03    4.99234e-01
    1.23833e-21         2.47160e-03    4.99234e-01
    1.23833e-21         2.26735e-03    4.99234e-01
    1.23833e-21         2.14600e-03    4.99234e-01
    1.23833e-21         2.01053e-03    4.99234e-01
    1.23833e-21         1.85619e-03    4.99234e-01
    1.23833e-21         1.67512e-03    4.99234e-01
    1.23833e-21         1.56396e-03    4.99234e-01
    1.23833e-21         1.43643e-03    4.99234e-01
    1.23833e-21         1.36084e-03    4.99234e-01
    1.23833e-21         1.27662e-03    4.99234e-01
    1.23833e-21         1.18092e-03    4.99234e-01
    1.23833e-21         1.06908e-03    4.99234e-01
    1.23833e-21         1.00085e-03    4.99234e-01
    1.23833e-21         9.22997e-04    4.99234e-01
    1.23833e-21         8.31458e-04    4.99234e-01
    1.23833e-21         7.75057e-04    4.99234e-01
    1.23833e-21         7.10148e-04    4.99234e-01
    1.23833e-21         6.71489e-04    4.99234e-01
    1.23833e-21         6.28251e-04    4.99234e-01
    1.23833e-21         5.78857e-04    4.99234e-01
    1.23833e-21         5.49765e-04    4.99234e-01
    1.23833e-21         5.17513e-04    4.99234e-01
    1.23833e-21         4.81116e-04    4.99234e-01
    1.23833e-21         4.39003e-04    4.99234e-01
    1.23833e-21         4.13713e-04    4.99234e-01
    1.23833e-21         3.85236e-04    4.99234e-01
    1.23833e-21         3.52395e-04    4.99234e-01
    1.23833e-21         3.32770e-04    4.99234e-01
    1.23833e-21         3.10763e-04    4.99234e-01
    1.23833e-21         2.85529e-04    4.99234e-01
    1.23833e-21         2.70583e-04    4.99234e-01
    1.23833e-21         2.53940e-04    4.99234e-01
    1.23833e-21         2.35045e-04    4.99234e-01
    1.23833e-21         2.12989e-04    4.99234e-01
    1.23833e-21         1.99559e-04    4.99234e-01
    1.23833e-21         1.84260e-04    4.99234e-01
    1.23833e-21         1.66316e-04    4.99234e-01
    1.23833e-21         1.55303e-04    4.99234e-01
    1.23833e-21         1.42673e-04    4.99234e-01
    1.23833e-21         1.35191e-04    4.99234e-01
    1.23833e-21         1.26857e-04    4.99234e-01
    1.23833e-21         1.17392e-04    4.99234e-01
    1.23833e-21         1.06340e-04    4.99234e-01
    1.23833e-21         9.96052e-05    4.99234e-01
    1.23833e-21         9.19292e-05    4.99234e-01
    1.23833e-21         8.29177e-05    4.99234e-01
    1.23833e-21         7.73794e-05    4.99234e-01
    1.23833e-21         7.10199e-05    4.99234e-01
    1.23833e-21         6.72452e-05    4.99234e-01
    1.23833e-21         6.30348e-05    4.99234e-01
    1.23833e-21         5.82432e-05    4.99234e-01
    1.23833e-21         5.26308e-05    4.99234e-01
    1.23833e-21         4.91942e-05    4.99234e-01
    1.23833e-21         4.52606e-05    4.99234e-01
    1.23833e-21         4.29371e-05    4.99234e-01
    1.23833e-21         4.03554e-05    4.99234e-01
    1.23833e-21         3.74327e-05    4.99234e-01
    1.23833e-21         3.40358e-05    4.99234e-01
    1.23833e-21         3.19814e-05    4.99234e-01
    1.23833e-21         2.96546e-05    4.99234e-01
    1.23833e-21         2.69484e-05    4.99234e-01
    1.23833e-21         2.53098e-05    4.99234e-01


