              t                   M              a
    1.23833e-21         1.00000e+17    8.00000e-01
    2.47665e-21         1.00000e+17    8.00000e-01
    4.95331e-21         1.00000e+17    8.00000e-01
    9.90662e-21         1.00000e+17    8.00000e-01
    1.98132e-20         1.00000e+17    8.00000e-01
    3.96265e-20         1.00000e+17    8.00000e-01
    7.92530e-20         1.00000e+17    8.00000e-01
    1.58506e-19         1.00000e+17    8.00000e-01
    3.17012e-19         1.00000e+17    8.00000e-01
    6.34024e-19         1.00000e+17    8.00000e-01
    1.26805e-18         1.00000e+17    8.00000e-01
    2.53609e-18         1.00000e+17    8.00000e-01
    5.07219e-18         1.00000e+17    8.00000e-01
    1.01444e-17         1.00000e+17    8.00000e-01
    2.02888e-17         1.00000e+17    8.00000e-01
    4.05775e-17         1.00000e+17    8.00000e-01
    8.11550e-17         1.00000e+17    8.00000e-01
    1.62310e-16         1.00000e+17    8.00000e-01
    3.24620e-16         1.00000e+17    8.00000e-01
    6.49240e-16         1.00000e+17    8.00000e-01
    1.29848e-15         1.00000e+17    8.00000e-01
    2.59696e-15         1.00000e+17    8.00000e-01
    5.19392e-15         1.00000e+17    8.00000e-01
    1.03878e-14         1.00000e+17    8.00000e-01
    2.07757e-14         1.00000e+17    8.00000e-01
    4.15514e-14         1.00000e+17    8.00000e-01
    8.31027e-14         1.00000e+17    8.00000e-01
    1.66205e-13         1.00000e+17    8.00000e-01
    3.32411e-13         1.00000e+17    8.00000e-01
    6.64822e-13         1.00000e+17    8.00000e-01
    1.32964e-12         1.00000e+17    8.00000e-01
    2.65929e-12         1.00000e+17    8.00000e-01
    5.31858e-12         1.00000e+17    8.00000e-01
    1.06372e-11         1.00000e+17    8.00000e-01
    2.12743e-11         1.00000e+17    8.00000e-01
    4.25486e-11         1.00000e+17    8.00000e-01
    8.50972e-11         1.00000e+17    8.00000e-01
    1.70194e-10         1.00000e+17    8.00000e-01
    3.40389e-10         1.00000e+17    8.00000e-01
    6.80778e-10         1.00000e+17    8.00000e-01
    1.36156e-09         1.00000e+17    8.00000e-01
    2.72311e-09         1.00000e+17    8.00000e-01
    5.44622e-09         1.00000e+17    8.00000e-01
    1.08924e-08         1.00000e+17    8.00000e-01
    2.17849e-08         1.00000e+17    8.00000e-01
    4.35698e-08         1.00000e+17    8.00000e-01
    8.71395e-08         1.00000e+17    8.00000e-01
    1.74279e-07         1.00000e+17    8.00000e-01
    3.48558e-07         1.00000e+17    8.00000e-01
    6.97116e-07         1.00000e+17    8.00000e-01
    1.39423e-06         1.00000e+17    8.00000e-01
    2.78847e-06         1.00000e+17    8.00000e-01
    5.57693e-06         1.00000e+17    8.00000e-01
    1.11539e-05         1.00000e+17    8.00000e-01
    2.23077e-05         1.00000e+17    8.00000e-01
    4.46154e-05         1.00000e+17    8.00000e-01
    8.92309e-05         1.00000e+17    8.00000e-01
    1.78462e-04         1.00000e+17    8.00000e-01
    3.56924e-04         1.00000e+17    8.00000e-01
    7.13847e-04         1.00000e+17    8.00000e-01
    1.42769e-03         1.00000e+17    8.00000e-01
    2.85539e-03         1.00000e+17    8.00000e-01
    5.71078e-03         1.00000e+17    8.00000e-01
    1.14216e-02         1.00000e+17    8.00000e-01
    2.28431e-02         1.00000e+17    8.00000e-01
    4.56862e-02         1.00000e+17    8.00000e-01
    9.13724e-02         1.00000e+17    8.00000e-01
    1.82745e-01         1.00000e+17    8.00000e-01
    3.65490e-01         1.00000e+17    8.00000e-01
    7.30979e-01         1.00000e+17    8.00000e-01
    1.46196e+00         1.00000e+17    8.00000e-01
    2.92392e+00         1.00000e+17    8.00000e-01
    5.84784e+00         1.00000e+17    8.00000e-01
    1.16957e+01         1.00000e+17    8.00000e-01
    2.33913e+01         1.00000e+17    8.00000e-01
    4.67827e+01         1.00000e+17    8.00000e-01
    9.35654e+01         1.00000e+17    8.00000e-01
    1.87131e+02         1.00000e+17    8.00000e-01
    3.74261e+02         1.00000e+17    8.00000e-01
    7.48523e+02         1.00000e+17    8.00000e-01
    1.49705e+03         1.00000e+17    8.00000e-01
    2.99409e+03         1.00000e+17    8.00000e-01
    5.98818e+03         1.00000e+17    8.00000e-01
    1.19764e+04         1.00000e+17    8.00000e-01
    2.39527e+04         1.00000e+17    8.00000e-01
    4.79055e+04         1.00000e+17    8.00000e-01
    9.58109e+04         1.00000e+17    8.00000e-01
    1.91622e+05         1.00000e+17    8.00000e-01
    3.83244e+05         1.00000e+17    8.00000e-01
    7.66488e+05         1.00000e+17    8.00000e-01
    1.53298e+06         1.00000e+17    8.00000e-01
    3.06595e+06         1.00000e+17    8.00000e-01
    6.13190e+06         1.00000e+17    8.00000e-01
    1.22638e+07         1.00000e+17    8.00000e-01
    2.45276e+07         1.00000e+17    8.00000e-01
    4.90552e+07         1.00000e+17    8.00000e-01
    9.81104e+07         1.00000e+17    8.00000e-01
    1.96221e+08         1.00000e+17    8.00000e-01
    3.92442e+08         1.00000e+17    8.00000e-01
    7.84883e+08         1.00000e+17    8.00000e-01
    1.56977e+09         1.00000e+17    8.00000e-01
    3.13953e+09         1.00000e+17    8.00000e-01
    6.27907e+09         1.00000e+17    8.00000e-01
    1.25581e+10         1.00000e+17    8.00000e-01
    2.51163e+10         1.00000e+17    8.00000e-01
    5.02325e+10         1.00000e+17    8.00000e-01
    1.00465e+11         1.00000e+17    8.00000e-01
    2.00930e+11         1.00000e+17    8.00000e-01
    4.01860e+11         1.00000e+17    8.00000e-01
    8.03720e+11         1.00000e+17    8.00000e-01
    1.60744e+12         1.00000e+17    8.00000e-01
    3.21488e+12         1.00000e+17    8.00000e-01
    6.42976e+12         1.00000e+17    8.00000e-01
    1.28595e+13         1.00000e+17    8.00000e-01
    2.57191e+13         1.00000e+17    8.00000e-01
    5.14381e+13         1.00000e+17    8.00000e-01
    1.02876e+14         1.00000e+17    8.00000e-01
    2.05752e+14         1.00000e+17    8.00000e-01
    4.11505e+14         1.00000e+17    8.00000e-01
    8.23010e+14         1.00000e+17    8.00000e-01
    1.64602e+15         1.00000e+17    8.00000e-01
    3.29204e+15         1.00000e+17    8.00000e-01
    6.58408e+15         1.00000e+17    8.00000e-01
    1.31682e+16         1.00000e+17    8.00000e-01
    2.63363e+16         1.00000e+17    8.00000e-01
    5.26726e+16         1.00000e+17    8.00000e-01
    1.05345e+17         1.00000e+17    8.00000e-01
    2.10690e+17         1.00000e+17    8.00000e-01
    4.21381e+17         1.00000e+17    8.00000e-01
    8.42762e+17         1.00000e+17    8.00000e-01
    1.68552e+18         9.99999e+16    7.99999e-01
    3.37105e+18         9.99999e+16    7.99998e-01
    6.74210e+18         9.99998e+16    7.99997e-01
    1.34842e+19         9.99995e+16    7.99993e-01
    2.69684e+19         9.99990e+16    7.99987e-01
    5.39368e+19         9.99981e+16    7.99974e-01
    1.07874e+20         9.99961e+16    7.99947e-01
    2.15747e+20         9.99922e+16    7.99895e-01
    4.31494e+20         9.99844e+16    7.99790e-01
    8.62988e+20         9.99689e+16    7.99580e-01
    1.72598e+21         9.99378e+16    7.99160e-01
    3.45195e+21         9.98758e+16    7.98320e-01
    6.90391e+21         9.97519e+16    7.96642e-01
    1.38078e+22         9.95056e+16    7.93288e-01
    2.76156e+22         9.90178e+16    7.86595e-01
    5.52312e+22         9.80594e+16    7.73249e-01
    8.28469e+22         9.71427e+16    7.60025e-01
    1.10462e+23         9.62698e+16    7.46940e-01
    1.38078e+23         9.54269e+16    7.33929e-01
    1.65694e+23         9.46015e+16    7.20910e-01
    1.93309e+23         9.38005e+16    7.07951e-01
    2.20925e+23         9.30182e+16    6.95090e-01
    2.48541e+23         9.22539e+16    6.82311e-01
    2.76156e+23         9.15084e+16    6.69624e-01
    3.03772e+23         9.07744e+16    6.56951e-01
    3.31387e+23         9.00541e+16    6.44315e-01
    3.59003e+23         8.93471e+16    6.31718e-01
    3.86619e+23         8.86508e+16    6.19190e-01
    4.14234e+23         8.79656e+16    6.06736e-01
    4.41850e+23         8.72913e+16    5.94328e-01
    4.69466e+23         8.66235e+16    5.81806e-01
    4.97081e+23         8.59658e+16    5.69221e-01
    5.24697e+23         8.53194e+16    5.56658e-01
    5.52312e+23         8.46801e+16    5.44146e-01
    5.79928e+23         8.40482e+16    5.31691e-01
    6.07544e+23         8.34219e+16    5.19291e-01
    6.35159e+23         8.28010e+16    5.06968e-01
    6.62775e+23         8.21856e+16    4.94728e-01
    6.90391e+23         8.15745e+16    4.82549e-01
    7.18006e+23         8.09681e+16    4.70442e-01
    7.45622e+23         8.03666e+16    4.58413e-01
    7.73237e+23         7.97658e+16    4.46392e-01
    8.00853e+23         7.91687e+16    4.34454e-01
    8.28469e+23         7.85753e+16    4.22605e-01
    8.56084e+23         7.79862e+16    4.10885e-01
    8.83700e+23         7.73979e+16    3.99235e-01
    9.11316e+23         7.68106e+16    3.87658e-01
    9.38931e+23         7.62224e+16    3.76133e-01
    9.66547e+23         7.56349e+16    3.64711e-01
    9.94162e+23         7.50481e+16    3.53395e-01
    1.02178e+24         7.44621e+16    3.42199e-01
    1.04939e+24         7.38741e+16    3.31085e-01
    1.07701e+24         7.32831e+16    3.20038e-01
    1.10462e+24         7.26912e+16    3.09109e-01
    1.13224e+24         7.20982e+16    2.98331e-01
    1.15986e+24         7.15019e+16    2.87658e-01
    1.18747e+24         7.09022e+16    2.77095e-01
    1.21509e+24         7.02985e+16    2.66650e-01
    1.24270e+24         6.96904e+16    2.56338e-01
    1.27032e+24         6.90776e+16    2.46162e-01
    1.29793e+24         6.84600e+16    2.36127e-01
    1.32555e+24         6.78360e+16    2.26236e-01
    1.35317e+24         6.72058e+16    2.16507e-01
    1.38078e+24         6.65682e+16    2.06922e-01
    1.40840e+24         6.59228e+16    1.97485e-01
    1.43601e+24         6.52684e+16    1.88213e-01
    1.46363e+24         6.46046e+16    1.79109e-01
    1.49124e+24         6.39308e+16    1.70175e-01
    1.51886e+24         6.32462e+16    1.61417e-01
    1.54647e+24         6.25492e+16    1.52839e-01
    1.57409e+24         6.18390e+16    1.44443e-01
    1.60171e+24         6.11148e+16    1.36229e-01
    1.62932e+24         6.03759e+16    1.28203e-01
    1.65694e+24         5.96205e+16    1.20382e-01
    1.68455e+24         5.88473e+16    1.12767e-01
    1.71217e+24         5.80551e+16    1.05359e-01
    1.73978e+24         5.72424e+16    9.81588e-02
    1.76740e+24         5.64075e+16    9.11610e-02
    1.79502e+24         5.55477e+16    8.43490e-02
    1.82263e+24         5.46606e+16    7.77248e-02
    1.85025e+24         5.37442e+16    7.12950e-02
    1.87786e+24         5.27956e+16    6.50664e-02
    1.90548e+24         5.18119e+16    5.90464e-02
    1.93309e+24         5.07887e+16    5.32339e-02
    1.94690e+24         5.02555e+16    5.04374e-02
    1.96071e+24         4.97104e+16    4.76947e-02
    1.97452e+24         4.91525e+16    4.50072e-02
    1.98832e+24         4.85812e+16    4.23762e-02
    2.00213e+24         4.79955e+16    3.98029e-02
    2.01594e+24         4.73943e+16    3.72875e-02
    2.02975e+24         4.67763e+16    3.48295e-02
    2.04356e+24         4.61403e+16    3.24305e-02
    2.05736e+24         4.54850e+16    3.00923e-02
    2.07117e+24         4.48088e+16    2.78169e-02
    2.08498e+24         4.41102e+16    2.56061e-02
    2.09879e+24         4.33870e+16    2.34622e-02
    2.11260e+24         4.26371e+16    2.13885e-02
    2.12640e+24         4.18580e+16    1.93871e-02
    2.14021e+24         4.10468e+16    1.74604e-02
    2.14711e+24         4.06234e+16    1.65356e-02
    2.15402e+24         4.01904e+16    1.56297e-02
    2.16092e+24         3.97464e+16    1.47424e-02
    2.16783e+24         3.92910e+16    1.38739e-02
    2.17473e+24         3.88232e+16    1.30246e-02
    2.18163e+24         3.83423e+16    1.21950e-02
    2.18854e+24         3.78474e+16    1.13855e-02
    2.19544e+24         3.73374e+16    1.05965e-02
    2.20235e+24         3.68114e+16    9.82845e-03
    2.20925e+24         3.62669e+16    9.08098e-03
    2.21615e+24         3.57022e+16    8.35446e-03
    2.22306e+24         3.51154e+16    7.64951e-03
    2.22996e+24         3.45047e+16    6.96682e-03
    2.23687e+24         3.38674e+16    6.30711e-03
    2.24032e+24         3.35335e+16    5.98861e-03
    2.24377e+24         3.31908e+16    5.67540e-03
    2.24722e+24         3.28389e+16    5.36762e-03
    2.25067e+24         3.24770e+16    5.06540e-03
    2.25413e+24         3.21047e+16    4.76889e-03
    2.25758e+24         3.17212e+16    4.47823e-03
    2.26103e+24         3.13256e+16    4.19358e-03
    2.26448e+24         3.09172e+16    3.91509e-03
    2.26793e+24         3.04947e+16    3.64279e-03
    2.27139e+24         3.00571e+16    3.37690e-03
    2.27484e+24         2.96029e+16    3.11762e-03
    2.27829e+24         2.91309e+16    2.86518e-03
    2.28174e+24         2.86392e+16    2.61985e-03
    2.28519e+24         2.81249e+16    2.38137e-03
    2.28864e+24         2.75829e+16    2.14900e-03
    2.29037e+24         2.72964e+16    2.03609e-03
    2.29210e+24         2.70012e+16    1.92480e-03
    2.29382e+24         2.66969e+16    1.81519e-03
    2.29555e+24         2.63828e+16    1.70731e-03
    2.29727e+24         2.60580e+16    1.60119e-03
    2.29900e+24         2.57209e+16    1.49660e-03
    2.30073e+24         2.53706e+16    1.39365e-03
    2.30245e+24         2.50059e+16    1.29245e-03
    2.30418e+24         2.46255e+16    1.19312e-03
    2.30590e+24         2.42279e+16    1.09577e-03
    2.30763e+24         2.38114e+16    1.00055e-03
    2.30936e+24         2.33746e+16    0.00000e+00
    2.31108e+24         2.29151e+16    0.00000e+00
    2.31281e+24         2.24302e+16    0.00000e+00
    2.31453e+24         2.19168e+16    0.00000e+00
    2.31626e+24         2.13687e+16    0.00000e+00
    2.31799e+24         2.07796e+16    0.00000e+00
    2.31971e+24         2.01423e+16    0.00000e+00
    2.32144e+24         1.94471e+16    0.00000e+00
    2.32316e+24         1.86812e+16    0.00000e+00
    2.32489e+24         1.78271e+16    0.00000e+00
    2.32662e+24         1.68592e+16    0.00000e+00
    2.32834e+24         1.57419e+16    0.00000e+00
    2.33007e+24         1.44195e+16    0.00000e+00
    2.33093e+24         1.35890e+16    0.00000e+00
    2.33179e+24         1.26187e+16    0.00000e+00
    2.33266e+24         1.14399e+16    0.00000e+00
    2.33309e+24         1.06853e+16    0.00000e+00
    2.33352e+24         9.78703e+15    0.00000e+00
    2.33374e+24         9.22577e+15    0.00000e+00
    2.33395e+24         8.57812e+15    0.00000e+00
    2.33417e+24         7.81149e+15    0.00000e+00
    2.33428e+24         7.33512e+15    0.00000e+00
    2.33438e+24         6.78625e+15    0.00000e+00
    2.33449e+24         6.13540e+15    0.00000e+00
    2.33455e+24         5.73262e+15    0.00000e+00
    2.33460e+24         5.26788e+15    0.00000e+00
    2.33463e+24         4.99079e+15    0.00000e+00
    2.33465e+24         4.68105e+15    0.00000e+00
    2.33468e+24         4.32788e+15    0.00000e+00
    2.33471e+24         3.91370e+15    0.00000e+00
    2.33472e+24         3.65973e+15    0.00000e+00
    2.33473e+24         3.36887e+15    0.00000e+00
    2.33474e+24         3.19708e+15    0.00000e+00
    2.33475e+24         3.00620e+15    0.00000e+00
    2.33475e+24         2.79017e+15    0.00000e+00
    2.33476e+24         2.53926e+15    0.00000e+00
    2.33476e+24         2.38770e+15    0.00000e+00
    2.33477e+24         2.21626e+15    0.00000e+00
    2.33477e+24         2.01722e+15    0.00000e+00
    2.33477e+24         1.89707e+15    0.00000e+00
    2.33477e+24         1.76119e+15    0.00000e+00
    2.33478e+24         1.60353e+15    0.00000e+00
    2.33478e+24         1.50841e+15    0.00000e+00
    2.33478e+24         1.40089e+15    0.00000e+00
    2.33478e+24         1.27617e+15    0.00000e+00
    2.33478e+24         1.20095e+15    0.00000e+00
    2.33478e+24         1.11591e+15    0.00000e+00
    2.33478e+24         1.01712e+15    0.00000e+00
    2.33478e+24         9.57337e+14    0.00000e+00
    2.33478e+24         8.89557e+14    0.00000e+00
    2.33478e+24         8.10438e+14    0.00000e+00
    2.33478e+24         7.62070e+14    0.00000e+00
    2.33478e+24         7.06645e+14    0.00000e+00
    2.33478e+24         6.40948e+14    0.00000e+00
    2.33478e+24         5.99757e+14    0.00000e+00
    2.33478e+24         5.51362e+14    0.00000e+00
    2.33478e+24         5.21581e+14    0.00000e+00
    2.33478e+24         4.87573e+14    0.00000e+00
    2.33478e+24         4.47434e+14    0.00000e+00
    2.33478e+24         4.22612e+14    0.00000e+00
    2.33478e+24         3.94068e+14    0.00000e+00
    2.33478e+24         3.60277e+14    0.00000e+00
    2.33478e+24         3.39442e+14    0.00000e+00
    2.33478e+24         3.15421e+14    0.00000e+00
    2.33478e+24         2.86893e+14    0.00000e+00
    2.33478e+24         2.69213e+14    0.00000e+00
    2.33478e+24         2.48890e+14    0.00000e+00
    2.33478e+24         2.24816e+14    0.00000e+00
    2.33478e+24         2.09879e+14    0.00000e+00
    2.33478e+24         1.92648e+14    0.00000e+00
    2.33478e+24         1.82374e+14    0.00000e+00
    2.33478e+24         1.70877e+14    0.00000e+00
    2.33478e+24         1.57751e+14    0.00000e+00
    2.33478e+24         1.42316e+14    0.00000e+00
    2.33478e+24         1.32819e+14    0.00000e+00
    2.33478e+24         1.21905e+14    0.00000e+00
    2.33478e+24         1.15421e+14    0.00000e+00
    2.33478e+24         1.08185e+14    0.00000e+00
    2.33478e+24         9.99458e+13    0.00000e+00
    2.33478e+24         9.02851e+13    0.00000e+00
    2.33478e+24         8.43564e+13    0.00000e+00
    2.33478e+24         7.75547e+13    0.00000e+00
    2.33478e+24         7.35223e+13    0.00000e+00
    2.33478e+24         6.90244e+13    0.00000e+00
    2.33478e+24         6.39029e+13    0.00000e+00
    2.33478e+24         5.78957e+13    0.00000e+00
    2.33478e+24         5.42023e+13    0.00000e+00
    2.33478e+24         4.99489e+13    0.00000e+00
    2.33478e+24         4.74067e+13    0.00000e+00
    2.33478e+24         4.45505e+13    0.00000e+00
    2.33478e+24         4.12730e+13    0.00000e+00
    2.33478e+24         3.73871e+13    0.00000e+00
    2.33478e+24         3.49552e+13    0.00000e+00
    2.33478e+24         3.21260e+13    0.00000e+00
    2.33478e+24         3.04204e+13    0.00000e+00
    2.33478e+24         2.84939e+13    0.00000e+00
    2.33478e+24         2.62699e+13    0.00000e+00
    2.33478e+24         2.49425e+13    0.00000e+00
    2.33478e+24         2.34575e+13    0.00000e+00
    2.33478e+24         2.17644e+13    0.00000e+00
    2.33478e+24         1.97799e+13    0.00000e+00
    2.33478e+24         1.85642e+13    0.00000e+00
    2.33478e+24         1.71724e+13    0.00000e+00
    2.33478e+24         1.55284e+13    0.00000e+00
    2.33478e+24         1.45094e+13    0.00000e+00
    2.33478e+24         1.33286e+13    0.00000e+00
    2.33478e+24         1.26172e+13    0.00000e+00
    2.33478e+24         1.18150e+13    0.00000e+00
    2.33478e+24         1.08908e+13    0.00000e+00
    2.33478e+24         1.03386e+13    0.00000e+00
    2.33478e+24         9.72053e+12    0.00000e+00
    2.33478e+24         9.01484e+12    0.00000e+00
    2.33478e+24         8.18672e+12    0.00000e+00
    2.33478e+24         7.68088e+12    0.00000e+00
    2.33478e+24         7.10334e+12    0.00000e+00
    2.33478e+24         6.42492e+12    0.00000e+00
    2.33478e+24         6.00878e+12    0.00000e+00
    2.33478e+24         5.53194e+12    0.00000e+00
    2.33478e+24         5.25004e+12    0.00000e+00
    2.33478e+24         4.93674e+12    0.00000e+00
    2.33478e+24         4.58205e+12    0.00000e+00
    2.33478e+24         4.17003e+12    0.00000e+00
    2.33478e+24         3.92108e+12    0.00000e+00
    2.33478e+24         3.63939e+12    0.00000e+00
    2.33478e+24         3.31228e+12    0.00000e+00
    2.33478e+24         3.11476e+12    0.00000e+00
    2.33478e+24         2.89135e+12    0.00000e+00
    2.33478e+24         2.63205e+12    0.00000e+00
    2.33478e+24         2.47557e+12    0.00000e+00
    2.33478e+24         2.29867e+12    0.00000e+00
    2.33478e+24         2.09347e+12    0.00000e+00
    2.33478e+24         1.96977e+12    0.00000e+00
    2.33478e+24         1.83003e+12    0.00000e+00
    2.33478e+24         1.66814e+12    0.00000e+00
    2.33478e+24         1.57070e+12    0.00000e+00
    2.33478e+24         1.46078e+12    0.00000e+00
    2.33478e+24         1.33366e+12    0.00000e+00
    2.33478e+24         1.25736e+12    0.00000e+00
    2.33478e+24         1.17148e+12    0.00000e+00
    2.33478e+24         1.07243e+12    0.00000e+00
    2.33478e+24         1.01323e+12    0.00000e+00
    2.33478e+24         9.46776e+11    0.00000e+00
    2.33478e+24         8.70432e+11    0.00000e+00
    2.33478e+24         8.25053e+11    0.00000e+00
    2.33478e+24         7.74369e+11    0.00000e+00
    2.33478e+24         7.16609e+11    0.00000e+00
    2.33478e+24         6.48831e+11    0.00000e+00
    2.33478e+24         6.07231e+11    0.00000e+00
    2.33478e+24         5.59556e+11    0.00000e+00
    2.33478e+24         5.31349e+11    0.00000e+00
    2.33478e+24         4.99970e+11    0.00000e+00
    2.33478e+24         4.64390e+11    0.00000e+00
    2.33478e+24         4.22965e+11    0.00000e+00
    2.33478e+24         3.97804e+11    0.00000e+00
    2.33478e+24         3.69164e+11    0.00000e+00
    2.33478e+24         3.35612e+11    0.00000e+00
    2.33478e+24         3.15052e+11    0.00000e+00
    2.33478e+24         2.91475e+11    0.00000e+00
    2.33478e+24         2.63549e+11    0.00000e+00
    2.33478e+24         2.46195e+11    0.00000e+00
    2.33478e+24         2.26152e+11    0.00000e+00
    2.33478e+24         2.14144e+11    0.00000e+00
    2.33478e+24         2.00675e+11    0.00000e+00
    2.33478e+24         1.85257e+11    0.00000e+00
    2.33478e+24         1.67074e+11    0.00000e+00
    2.33478e+24         1.55832e+11    0.00000e+00
    2.33478e+24         1.42871e+11    0.00000e+00
    2.33478e+24         1.35142e+11    0.00000e+00
    2.33478e+24         1.26494e+11    0.00000e+00
    2.33478e+24         1.16609e+11    0.00000e+00
    2.33478e+24         1.04963e+11    0.00000e+00
    2.33478e+24         9.77673e+10    0.00000e+00
    2.33478e+24         8.94694e+10    0.00000e+00
    2.33478e+24         8.45123e+10    0.00000e+00
    2.33478e+24         7.89550e+10    0.00000e+00
    2.33478e+24         7.25863e+10    0.00000e+00
    2.33478e+24         6.88177e+10    0.00000e+00
    2.33478e+24         6.46246e+10    0.00000e+00
    2.33478e+24         5.98691e+10    0.00000e+00
    2.33478e+24         5.43273e+10    0.00000e+00
    2.33478e+24         5.09620e+10    0.00000e+00
    2.33478e+24         4.71374e+10    0.00000e+00
    2.33478e+24         4.26666e+10    0.00000e+00
    2.33478e+24         3.99381e+10    0.00000e+00
    2.33478e+24         3.68240e+10    0.00000e+00
    2.33478e+24         3.31608e+10    0.00000e+00
    2.33478e+24         3.09021e+10    0.00000e+00
    2.33478e+24         2.83011e+10    0.00000e+00
    2.33478e+24         2.67506e+10    0.00000e+00
    2.33478e+24         2.50152e+10    0.00000e+00
    2.33478e+24         2.30305e+10    0.00000e+00
    2.33478e+24         2.18598e+10    0.00000e+00
    2.33478e+24         2.05604e+10    0.00000e+00
    2.33478e+24         1.90914e+10    0.00000e+00
    2.33478e+24         1.73878e+10    0.00000e+00
    2.33478e+24         1.63608e+10    0.00000e+00
    2.33478e+24         1.52009e+10    0.00000e+00
    2.33478e+24         1.38573e+10    0.00000e+00
    2.33478e+24         1.30488e+10    0.00000e+00
    2.33478e+24         1.21371e+10    0.00000e+00
    2.33478e+24         1.10833e+10    0.00000e+00
    2.33478e+24         1.04514e+10    0.00000e+00
    2.33478e+24         9.74080e+09    0.00000e+00
    2.33478e+24         8.92274e+09    0.00000e+00
    2.33478e+24         8.43527e+09    0.00000e+00
    2.33478e+24         7.88983e+09    0.00000e+00
    2.33478e+24         7.26637e+09    0.00000e+00
    2.33478e+24         6.89885e+09    0.00000e+00
    2.33478e+24         6.49113e+09    0.00000e+00
    2.33478e+24         6.03058e+09    0.00000e+00
    2.33478e+24         5.49701e+09    0.00000e+00
    2.33478e+24         5.17591e+09    0.00000e+00
    2.33478e+24         4.81374e+09    0.00000e+00
    2.33478e+24         4.39503e+09    0.00000e+00
    2.33478e+24         4.14388e+09    0.00000e+00
    2.33478e+24         3.86137e+09    0.00000e+00
    2.33478e+24         3.53600e+09    0.00000e+00
    2.33478e+24         3.34200e+09    0.00000e+00
    2.33478e+24         3.12483e+09    0.00000e+00
    2.33478e+24         2.87641e+09    0.00000e+00
    2.33478e+24         2.72983e+09    0.00000e+00
    2.33478e+24         2.56708e+09    0.00000e+00
    2.33478e+24         2.38304e+09    0.00000e+00
    2.33478e+24         2.16947e+09    0.00000e+00
    2.33478e+24         2.04063e+09    0.00000e+00
    2.33478e+24         1.89500e+09    0.00000e+00
    2.33478e+24         1.72613e+09    0.00000e+00
    2.33478e+24         1.62437e+09    0.00000e+00
    2.33478e+24         1.50946e+09    0.00000e+00
    2.33478e+24         1.37639e+09    0.00000e+00
    2.33478e+24         1.29636e+09    0.00000e+00
    2.33478e+24         1.20615e+09    0.00000e+00
    2.33478e+24         1.10195e+09    0.00000e+00
    2.33478e+24         1.03952e+09    0.00000e+00
    2.33478e+24         9.69376e+08    0.00000e+00
    2.33478e+24         8.88710e+08    0.00000e+00
    2.33478e+24         8.40723e+08    0.00000e+00
    2.33478e+24         7.87101e+08    0.00000e+00
    2.33478e+24         7.25925e+08    0.00000e+00
    2.33478e+24         6.54003e+08    0.00000e+00
    2.33478e+24         6.09698e+08    0.00000e+00
    2.33478e+24         5.58719e+08    0.00000e+00
    2.33478e+24         5.28367e+08    0.00000e+00
    2.33478e+24         4.94427e+08    0.00000e+00
    2.33478e+24         4.55667e+08    0.00000e+00
    2.33478e+24         4.32850e+08    0.00000e+00
    2.33478e+24         4.07564e+08    0.00000e+00
    2.33478e+24         3.79043e+08    0.00000e+00
    2.33478e+24         3.46069e+08    0.00000e+00
    2.33478e+24         3.26290e+08    0.00000e+00
    2.33478e+24         3.04041e+08    0.00000e+00
    2.33478e+24         2.78416e+08    0.00000e+00
    2.33478e+24         2.63136e+08    0.00000e+00
    2.33478e+24         2.46031e+08    0.00000e+00
    2.33478e+24         2.26464e+08    0.00000e+00
    2.33478e+24         2.14917e+08    0.00000e+00
    2.33478e+24         2.02096e+08    0.00000e+00
    2.33478e+24         1.87597e+08    0.00000e+00
    2.33478e+24         1.70770e+08    0.00000e+00
    2.33478e+24         1.60616e+08    0.00000e+00
    2.33478e+24         1.49139e+08    0.00000e+00
    2.33478e+24         1.35826e+08    0.00000e+00
    2.33478e+24         1.27802e+08    0.00000e+00
    2.33478e+24         1.18737e+08    0.00000e+00
    2.33478e+24         1.08236e+08    0.00000e+00
    2.33478e+24         1.01918e+08    0.00000e+00
    2.33478e+24         9.47913e+07    0.00000e+00
    2.33478e+24         8.65529e+07    0.00000e+00
    2.33478e+24         8.16123e+07    0.00000e+00
    2.33478e+24         7.60554e+07    0.00000e+00
    2.33478e+24         6.96569e+07    0.00000e+00
    2.33478e+24         6.58428e+07    0.00000e+00
    2.33478e+24         6.15741e+07    0.00000e+00
    2.33478e+24         5.66930e+07    0.00000e+00
    2.33478e+24         5.38141e+07    0.00000e+00
    2.33478e+24         5.06189e+07    0.00000e+00
    2.33478e+24         4.70076e+07    0.00000e+00
    2.33478e+24         4.28202e+07    0.00000e+00
    2.33478e+24         4.02970e+07    0.00000e+00
    2.33478e+24         3.74479e+07    0.00000e+00
    2.33478e+24         3.41487e+07    0.00000e+00
    2.33478e+24         3.21651e+07    0.00000e+00
    2.33478e+24         2.99291e+07    0.00000e+00
    2.33478e+24         2.73467e+07    0.00000e+00
    2.33478e+24         2.58000e+07    0.00000e+00
    2.33478e+24         2.40624e+07    0.00000e+00
    2.33478e+24         2.20648e+07    0.00000e+00
    2.33478e+24         2.08769e+07    0.00000e+00
    2.33478e+24         1.95500e+07    0.00000e+00
    2.33478e+24         1.80369e+07    0.00000e+00
    2.33478e+24         1.62593e+07    0.00000e+00
    2.33478e+24         1.51655e+07    0.00000e+00
    2.33478e+24         1.39083e+07    0.00000e+00
    2.33478e+24         1.31609e+07    0.00000e+00
    2.33478e+24         1.23262e+07    0.00000e+00
    2.33478e+24         1.13746e+07    0.00000e+00
    2.33478e+24         1.02571e+07    0.00000e+00
    2.33478e+24         9.57003e+06    0.00000e+00
    2.33478e+24         8.78072e+06    0.00000e+00
    2.33478e+24         8.31192e+06    0.00000e+00
    2.33478e+24         7.78875e+06    0.00000e+00
    2.33478e+24         7.19294e+06    0.00000e+00
    2.33478e+24         6.49434e+06    0.00000e+00
    2.33478e+24         6.06585e+06    0.00000e+00
    2.33478e+24         5.57468e+06    0.00000e+00
    2.33478e+24         5.28391e+06    0.00000e+00
    2.33478e+24         4.96026e+06    0.00000e+00
    2.33478e+24         4.59300e+06    0.00000e+00
    2.33478e+24         4.16466e+06    0.00000e+00
    2.33478e+24         3.90416e+06    0.00000e+00
    2.33478e+24         3.60775e+06    0.00000e+00
    2.33478e+24         3.26063e+06    0.00000e+00
    2.33478e+24         3.04814e+06    0.00000e+00
    2.33478e+24         2.80501e+06    0.00000e+00
    2.33478e+24         2.66145e+06    0.00000e+00
    2.33478e+24         2.50198e+06    0.00000e+00
    2.33478e+24         2.32155e+06    0.00000e+00
    2.33478e+24         2.11197e+06    0.00000e+00
    2.33478e+24         1.98536e+06    0.00000e+00
    2.33478e+24         1.84208e+06    0.00000e+00
    2.33478e+24         1.67564e+06    0.00000e+00
    2.33478e+24         1.57507e+06    0.00000e+00
    2.33478e+24         1.46124e+06    0.00000e+00
    2.33478e+24         1.32900e+06    0.00000e+00
    2.33478e+24         1.24906e+06    0.00000e+00
    2.33478e+24         1.15856e+06    0.00000e+00
    2.33478e+24         1.05337e+06    0.00000e+00
    2.33478e+24         9.89750e+05    0.00000e+00
    2.33478e+24         9.17685e+05    0.00000e+00
    2.33478e+24         8.33857e+05    0.00000e+00
    2.33478e+24         7.83093e+05    0.00000e+00
    2.33478e+24         7.25533e+05    0.00000e+00
    2.33478e+24         6.58479e+05    0.00000e+00
    2.33478e+24         6.17775e+05    0.00000e+00
    2.33478e+24         5.71531e+05    0.00000e+00
    2.33478e+24         5.17501e+05    0.00000e+00
    2.33478e+24         4.84551e+05    0.00000e+00
    2.33478e+24         4.46967e+05    0.00000e+00
    2.33478e+24         4.02796e+05    0.00000e+00
    2.33478e+24         3.75601e+05    0.00000e+00
    2.33478e+24         3.44326e+05    0.00000e+00
    2.33478e+24         3.25718e+05    0.00000e+00
    2.33478e+24         3.04924e+05    0.00000e+00
    2.33478e+24         2.81198e+05    0.00000e+00
    2.33478e+24         2.53298e+05    0.00000e+00
    2.33478e+24         2.36106e+05    0.00000e+00
    2.33478e+24         2.16318e+05    0.00000e+00
    2.33478e+24         2.04532e+05    0.00000e+00
    2.33478e+24         1.91348e+05    0.00000e+00
    2.33478e+24         1.76285e+05    0.00000e+00
    2.33478e+24         1.67411e+05    0.00000e+00
    2.33478e+24         1.57572e+05    0.00000e+00
    2.33478e+24         1.46466e+05    0.00000e+00
    2.33478e+24         1.33611e+05    0.00000e+00
    2.33478e+24         1.25887e+05    0.00000e+00
    2.33478e+24         1.17187e+05    0.00000e+00
    2.33478e+24         1.07147e+05    0.00000e+00
    2.33478e+24         1.01142e+05    0.00000e+00
    2.33478e+24         9.44024e+04    0.00000e+00
    2.33478e+24         8.66666e+04    0.00000e+00
    2.33478e+24         8.20773e+04    0.00000e+00
    2.33478e+24         7.69605e+04    0.00000e+00
    2.33478e+24         7.11407e+04    0.00000e+00
    2.33478e+24         6.43298e+04    0.00000e+00
    2.33478e+24         6.01650e+04    0.00000e+00
    2.33478e+24         5.54037e+04    0.00000e+00
    2.33478e+24         5.25963e+04    0.00000e+00
    2.33478e+24         4.94811e+04    0.00000e+00
    2.33478e+24         4.59614e+04    0.00000e+00
    2.33478e+24         4.18820e+04    0.00000e+00
    2.33478e+24         3.94256e+04    0.00000e+00
    2.33478e+24         3.66536e+04    0.00000e+00
    2.33478e+24         3.34464e+04    0.00000e+00
    2.33478e+24         3.15206e+04    0.00000e+00
    2.33478e+24         2.93522e+04    0.00000e+00
    2.33478e+24         2.68516e+04    0.00000e+00
    2.33478e+24         2.53576e+04    0.00000e+00
    2.33478e+24         2.36823e+04    0.00000e+00
    2.33478e+24         2.17617e+04    0.00000e+00
    2.33478e+24         2.06244e+04    0.00000e+00
    2.33478e+24         1.93582e+04    0.00000e+00
    2.33478e+24         1.79209e+04    0.00000e+00
    2.33478e+24         1.62439e+04    0.00000e+00
    2.33478e+24         1.52233e+04    0.00000e+00
    2.33478e+24         1.40613e+04    0.00000e+00
    2.33478e+24         1.26992e+04    0.00000e+00
    2.33478e+24         1.18643e+04    0.00000e+00
    2.33478e+24         1.09077e+04    0.00000e+00
    2.33478e+24         1.03419e+04    0.00000e+00
    2.33478e+24         9.71242e+03    0.00000e+00
    2.33478e+24         8.99872e+03    0.00000e+00
    2.33478e+24         8.16731e+03    0.00000e+00
    2.33478e+24         7.66266e+03    0.00000e+00
    2.33478e+24         7.08936e+03    0.00000e+00
    2.33478e+24         6.41958e+03    0.00000e+00
    2.33478e+24         6.01117e+03    0.00000e+00
    2.33478e+24         5.54537e+03    0.00000e+00
    2.33478e+24         4.99804e+03    0.00000e+00
    2.33478e+24         4.66115e+03    0.00000e+00
    2.33478e+24         4.27380e+03    0.00000e+00
    2.33478e+24         4.04343e+03    0.00000e+00
    2.33478e+24         3.78606e+03    0.00000e+00
    2.33478e+24         3.49252e+03    0.00000e+00
    2.33478e+24         3.14755e+03    0.00000e+00
    2.33478e+24         2.93519e+03    0.00000e+00
    2.33478e+24         2.69098e+03    0.00000e+00
    2.33478e+24         2.54571e+03    0.00000e+00
    2.33478e+24         2.38339e+03    0.00000e+00
    2.33478e+24         2.19821e+03    0.00000e+00
    2.33478e+24         1.98051e+03    0.00000e+00
    2.33478e+24         1.84641e+03    0.00000e+00
    2.33478e+24         1.69213e+03    0.00000e+00
    2.33478e+24         1.60029e+03    0.00000e+00
    2.33478e+24         1.49759e+03    0.00000e+00
    2.33478e+24         1.38033e+03    0.00000e+00
    2.33478e+24         1.24231e+03    0.00000e+00
    2.33478e+24         1.15710e+03    0.00000e+00
    2.33478e+24         1.05889e+03    0.00000e+00
    2.33478e+24         1.00026e+03    0.00000e+00
    2.33478e+24         9.34543e+02    0.00000e+00
    2.33478e+24         8.59264e+02    0.00000e+00
    2.33478e+24         8.14740e+02    0.00000e+00
    2.33478e+24         7.65217e+02    0.00000e+00
    2.33478e+24         7.09077e+02    0.00000e+00
    2.33478e+24         6.43695e+02    0.00000e+00
    2.33478e+24         6.04026e+02    0.00000e+00
    2.33478e+24         5.58975e+02    0.00000e+00
    2.33478e+24         5.06369e+02    0.00000e+00
    2.33478e+24         4.74318e+02    0.00000e+00
    2.33478e+24         4.37788e+02    0.00000e+00
    2.33478e+24         3.94908e+02    0.00000e+00
    2.33478e+24         3.68559e+02    0.00000e+00
    2.33478e+24         3.38307e+02    0.00000e+00
    2.33478e+24         3.20356e+02    0.00000e+00
    2.33478e+24         3.00336e+02    0.00000e+00
    2.33478e+24         2.77558e+02    0.00000e+00
    2.33478e+24         2.50889e+02    0.00000e+00
    2.33478e+24         2.34569e+02    0.00000e+00
    2.33478e+24         2.15898e+02    0.00000e+00
    2.33478e+24         2.04878e+02    0.00000e+00
    2.33478e+24         1.92641e+02    0.00000e+00
    2.33478e+24         1.78801e+02    0.00000e+00
    2.33478e+24         1.62734e+02    0.00000e+00
    2.33478e+24         1.53036e+02    0.00000e+00
    2.33478e+24         1.42070e+02    0.00000e+00
    2.33478e+24         1.29346e+02    0.00000e+00
    2.33478e+24         1.21670e+02    0.00000e+00
    2.33478e+24         1.12996e+02    0.00000e+00
    2.33478e+24         1.02939e+02    0.00000e+00
    2.33478e+24         9.68796e+01    0.00000e+00
    2.33478e+24         9.00387e+01    0.00000e+00
    2.33478e+24         8.21189e+01    0.00000e+00
    2.33478e+24         7.73583e+01    0.00000e+00
    2.33478e+24         7.19938e+01    0.00000e+00
    2.33478e+24         6.58000e+01    0.00000e+00
    2.33478e+24         6.20927e+01    0.00000e+00
    2.33478e+24         5.79294e+01    0.00000e+00
    2.33478e+24         5.31463e+01    0.00000e+00
    2.33478e+24         5.03048e+01    0.00000e+00
    2.33478e+24         4.71333e+01    0.00000e+00
    2.33478e+24         4.35207e+01    0.00000e+00
    2.33478e+24         3.92833e+01    0.00000e+00
    2.33478e+24         3.66829e+01    0.00000e+00
    2.33478e+24         3.37008e+01    0.00000e+00
    2.33478e+24         3.19342e+01    0.00000e+00
    2.33478e+24         2.99667e+01    0.00000e+00
    2.33478e+24         2.77324e+01    0.00000e+00
    2.33478e+24         2.51235e+01    0.00000e+00
    2.33478e+24         2.35341e+01    0.00000e+00
    2.33478e+24         2.17227e+01    0.00000e+00
    2.33478e+24         1.95967e+01    0.00000e+00
    2.33478e+24         1.82906e+01    0.00000e+00
    2.33478e+24         1.67912e+01    0.00000e+00
    2.33478e+24         1.59016e+01    0.00000e+00
    2.33478e+24         1.49098e+01    0.00000e+00
    2.33478e+24         1.37816e+01    0.00000e+00
    2.33478e+24         1.24611e+01    0.00000e+00
    2.33478e+24         1.16535e+01    0.00000e+00
    2.33478e+24         1.07301e+01    0.00000e+00
    2.33478e+24         1.01855e+01    0.00000e+00
    2.33478e+24         9.58110e+00    0.00000e+00
    2.33478e+24         8.89806e+00    0.00000e+00
    2.33478e+24         8.10614e+00    0.00000e+00
    2.33478e+24         7.62903e+00    0.00000e+00
    2.33478e+24         7.09038e+00    0.00000e+00
    2.33478e+24         6.46678e+00    0.00000e+00
    2.33478e+24         6.09194e+00    0.00000e+00
    2.33478e+24         5.66956e+00    0.00000e+00
    2.33478e+24         5.18191e+00    0.00000e+00
    2.33478e+24         4.89003e+00    0.00000e+00
    2.33478e+24         4.56226e+00    0.00000e+00
    2.33478e+24         4.18571e+00    0.00000e+00
    2.33478e+24         3.96203e+00    0.00000e+00
    2.33478e+24         3.71239e+00    0.00000e+00
    2.33478e+24         3.42805e+00    0.00000e+00
    2.33478e+24         3.09457e+00    0.00000e+00
    2.33478e+24         2.88996e+00    0.00000e+00
    2.33478e+24         2.65536e+00    0.00000e+00
    2.33478e+24         2.51641e+00    0.00000e+00
    2.33478e+24         2.36170e+00    0.00000e+00
    2.33478e+24         2.18605e+00    0.00000e+00
    2.33478e+24         1.98104e+00    0.00000e+00
    2.33478e+24         1.85622e+00    0.00000e+00
    2.33478e+24         1.71405e+00    0.00000e+00
    2.33478e+24         1.54731e+00    0.00000e+00
    2.33478e+24         1.44501e+00    0.00000e+00
    2.33478e+24         1.32772e+00    0.00000e+00
    2.33478e+24         1.25825e+00    0.00000e+00
    2.33478e+24         1.18089e+00    0.00000e+00
    2.33478e+24         1.09308e+00    0.00000e+00
    2.33478e+24         9.90581e-01    0.00000e+00
    2.33478e+24         9.28180e-01    0.00000e+00
    2.33478e+24         8.57106e-01    0.00000e+00
    2.33478e+24         7.73756e-01    0.00000e+00
    2.33478e+24         7.22618e-01    0.00000e+00
    2.33478e+24         6.63987e-01    0.00000e+00
    2.33478e+24         6.29266e-01    0.00000e+00
    2.33478e+24         5.90608e-01    0.00000e+00
    2.33478e+24         5.46723e-01    0.00000e+00
    2.33478e+24         4.95510e-01    0.00000e+00
    2.33478e+24         4.64336e-01    0.00000e+00
    2.33478e+24         4.28837e-01    0.00000e+00
    2.33478e+24         3.87217e-01    0.00000e+00
    2.33478e+24         3.61694e-01    0.00000e+00
    2.33478e+24         3.32440e-01    0.00000e+00
    2.33478e+24         3.15126e-01    0.00000e+00
    2.33478e+24         2.95858e-01    0.00000e+00
    2.33478e+24         2.73997e-01    0.00000e+00
    2.33478e+24         2.48509e-01    0.00000e+00
    2.33478e+24         2.33017e-01    0.00000e+00
    2.33478e+24         2.15397e-01    0.00000e+00
    2.33478e+24         1.94775e-01    0.00000e+00
    2.33478e+24         1.82166e-01    0.00000e+00
    2.33478e+24         1.67751e-01    0.00000e+00
    2.33478e+24         1.59251e-01    0.00000e+00
    2.33478e+24         1.49819e-01    0.00000e+00
    2.33478e+24         1.39163e-01    0.00000e+00
    2.33478e+24         1.26813e-01    0.00000e+00
    2.33478e+24         1.19376e-01    0.00000e+00
    2.33478e+24         1.10984e-01    0.00000e+00
    2.33478e+24         1.01275e-01    0.00000e+00
    2.33478e+24         9.54449e-02    0.00000e+00
    2.33478e+24         8.88809e-02    0.00000e+00
    2.33478e+24         8.13115e-02    0.00000e+00
    2.33478e+24         7.67894e-02    0.00000e+00
    2.33478e+24         7.17190e-02    0.00000e+00
    2.33478e+24         6.59063e-02    0.00000e+00
    2.33478e+24         6.24647e-02    0.00000e+00
    2.33478e+24         5.86334e-02    0.00000e+00
    2.33478e+24         5.42851e-02    0.00000e+00
    2.33478e+24         4.92122e-02    0.00000e+00
    2.33478e+24         4.61259e-02    0.00000e+00
    2.33478e+24         4.26128e-02    0.00000e+00
    2.33478e+24         3.84965e-02    0.00000e+00
    2.33478e+24         3.59747e-02    0.00000e+00
    2.33478e+24         3.30869e-02    0.00000e+00
    2.33478e+24         3.13800e-02    0.00000e+00
    2.33478e+24         2.94824e-02    0.00000e+00
    2.33478e+24         2.73326e-02    0.00000e+00
    2.33478e+24         2.48313e-02    0.00000e+00
    2.33478e+24         2.33160e-02    0.00000e+00
    2.33478e+24         2.15973e-02    0.00000e+00
    2.33478e+24         1.95943e-02    0.00000e+00
    2.33478e+24         1.83775e-02    0.00000e+00
    2.33478e+24         1.69943e-02    0.00000e+00
    2.33478e+24         1.53767e-02    0.00000e+00
    2.33478e+24         1.43889e-02    0.00000e+00
    2.33478e+24         1.32607e-02    0.00000e+00
    2.33478e+24         1.25965e-02    0.00000e+00
    2.33478e+24         1.18605e-02    0.00000e+00
    2.33478e+24         1.10302e-02    0.00000e+00
    2.33478e+24         1.00703e-02    0.00000e+00
    2.33478e+24         9.49446e-03    0.00000e+00
    2.33478e+24         8.84667e-03    0.00000e+00
    2.33478e+24         8.10054e-03    0.00000e+00
    2.33478e+24         7.65559e-03    0.00000e+00
    2.33478e+24         7.15741e-03    0.00000e+00
    2.33478e+24         6.58746e-03    0.00000e+00
    2.33478e+24         6.25104e-03    0.00000e+00
    2.33478e+24         5.87744e-03    0.00000e+00
    2.33478e+24         5.45483e-03    0.00000e+00
    2.33478e+24         4.96420e-03    0.00000e+00
    2.33478e+24         4.66800e-03    0.00000e+00
    2.33478e+24         4.33302e-03    0.00000e+00
    2.33478e+24         3.94424e-03    0.00000e+00
    2.33478e+24         3.70964e-03    0.00000e+00
    2.33478e+24         3.44443e-03    0.00000e+00
    2.33478e+24         3.13681e-03    0.00000e+00
    2.33478e+24         2.95135e-03    0.00000e+00
    2.33478e+24         2.74185e-03    0.00000e+00
    2.33478e+24         2.49911e-03    0.00000e+00
    2.33478e+24         2.35302e-03    0.00000e+00
    2.33478e+24         2.18823e-03    0.00000e+00
    2.33478e+24         1.99767e-03    0.00000e+00
    2.33478e+24         1.88336e-03    0.00000e+00
    2.33478e+24         1.75474e-03    0.00000e+00
    2.33478e+24         1.60658e-03    0.00000e+00
    2.33478e+24         1.51820e-03    0.00000e+00
    2.33478e+24         1.41924e-03    0.00000e+00
    2.33478e+24         1.30599e-03    0.00000e+00
    2.33478e+24         1.23912e-03    0.00000e+00
    2.33478e+24         1.16484e-03    0.00000e+00
    2.33478e+24         1.08078e-03    0.00000e+00
    2.33478e+24         9.83142e-04    0.00000e+00
    2.33478e+24         9.24143e-04    0.00000e+00
    2.33478e+24         8.57371e-04    0.00000e+00
    2.33478e+24         7.79793e-04    0.00000e+00
    2.33478e+24         7.32903e-04    0.00000e+00
    2.33478e+24         6.79820e-04    0.00000e+00
    2.33478e+24         6.18124e-04    0.00000e+00
    2.33478e+24         5.80811e-04    0.00000e+00
    2.33478e+24         5.38550e-04    0.00000e+00
    2.33478e+24         4.89395e-04    0.00000e+00
    2.33478e+24         4.59633e-04    0.00000e+00
    2.33478e+24         4.25892e-04    0.00000e+00
    2.33478e+24         3.86592e-04    0.00000e+00
    2.33478e+24         3.62744e-04    0.00000e+00
    2.33478e+24         3.35658e-04    0.00000e+00
    2.33478e+24         3.04023e-04    0.00000e+00
    2.33478e+24         2.84743e-04    0.00000e+00
    2.33478e+24         2.62763e-04    0.00000e+00
    2.33478e+24         2.36953e-04    0.00000e+00
    2.33478e+24         2.21083e-04    0.00000e+00
    2.33478e+24         2.02853e-04    0.00000e+00
    2.33478e+24         1.92026e-04    0.00000e+00
    2.33478e+24         1.79944e-04    0.00000e+00
    2.33478e+24         1.66185e-04    0.00000e+00
    2.33478e+24         1.50053e-04    0.00000e+00
    2.33478e+24         1.40160e-04    0.00000e+00
    2.33478e+24         1.28821e-04    0.00000e+00
    2.33478e+24         1.22109e-04    0.00000e+00
    2.33478e+24         1.14639e-04    0.00000e+00
    2.33478e+24         1.06164e-04    0.00000e+00
    2.33478e+24         9.62821e-05    0.00000e+00
    2.33478e+24         9.02748e-05    0.00000e+00
    2.33478e+24         8.34413e-05    0.00000e+00
    2.33478e+24         7.54427e-05    0.00000e+00
    2.33478e+24         7.05504e-05    0.00000e+00
    2.33478e+24         6.49561e-05    0.00000e+00
    2.33478e+24         6.16564e-05    0.00000e+00
    2.33478e+24         5.79941e-05    0.00000e+00
    2.33478e+24         5.38546e-05    0.00000e+00
    2.33478e+24         4.90543e-05    0.00000e+00
    2.33478e+24         4.61614e-05    0.00000e+00
    2.33478e+24         4.28946e-05    0.00000e+00
    2.33478e+24         3.91112e-05    0.00000e+00
    2.33478e+24         3.68358e-05    0.00000e+00
    2.33478e+24         3.42706e-05    0.00000e+00
    2.33478e+24         3.13071e-05    0.00000e+00
    2.33478e+24         2.95315e-05    0.00000e+00
    2.33478e+24         2.75360e-05    0.00000e+00
    2.33478e+24         2.52408e-05    0.00000e+00


