              t                   M              a
    1.23833e-21         1.00000e+17    8.00000e-01
    2.47665e-21         1.00000e+17    8.00000e-01
    4.95331e-21         1.00000e+17    8.00000e-01
    9.90662e-21         1.00000e+17    8.00000e-01
    1.98132e-20         1.00000e+17    8.00000e-01
    3.96265e-20         1.00000e+17    8.00000e-01
    7.92530e-20         1.00000e+17    8.00000e-01
    1.58506e-19         1.00000e+17    8.00000e-01
    3.17012e-19         1.00000e+17    8.00000e-01
    6.34024e-19         1.00000e+17    8.00000e-01
    1.26805e-18         1.00000e+17    8.00000e-01
    2.53609e-18         1.00000e+17    8.00000e-01
    5.07219e-18         1.00000e+17    8.00000e-01
    1.01444e-17         1.00000e+17    8.00000e-01
    2.02888e-17         1.00000e+17    8.00000e-01
    4.05775e-17         1.00000e+17    8.00000e-01
    8.11550e-17         1.00000e+17    8.00000e-01
    1.62310e-16         1.00000e+17    8.00000e-01
    3.24620e-16         1.00000e+17    8.00000e-01
    6.49240e-16         1.00000e+17    8.00000e-01
    1.29848e-15         1.00000e+17    8.00000e-01
    2.59696e-15         1.00000e+17    8.00000e-01
    5.19392e-15         1.00000e+17    8.00000e-01
    1.03878e-14         1.00000e+17    8.00000e-01
    2.07757e-14         1.00000e+17    8.00000e-01
    4.15514e-14         1.00000e+17    8.00000e-01
    8.31027e-14         1.00000e+17    8.00000e-01
    1.66205e-13         1.00000e+17    8.00000e-01
    3.32411e-13         1.00000e+17    8.00000e-01
    6.64822e-13         1.00000e+17    8.00000e-01
    1.32964e-12         1.00000e+17    8.00000e-01
    2.65929e-12         1.00000e+17    8.00000e-01
    5.31858e-12         1.00000e+17    8.00000e-01
    1.06372e-11         1.00000e+17    8.00000e-01
    2.12743e-11         1.00000e+17    8.00000e-01
    4.25486e-11         1.00000e+17    8.00000e-01
    8.50972e-11         1.00000e+17    8.00000e-01
    1.70194e-10         1.00000e+17    8.00000e-01
    3.40389e-10         1.00000e+17    8.00000e-01
    6.80778e-10         1.00000e+17    8.00000e-01
    1.36156e-09         1.00000e+17    8.00000e-01
    2.72311e-09         1.00000e+17    8.00000e-01
    5.44622e-09         1.00000e+17    8.00000e-01
    1.08924e-08         1.00000e+17    8.00000e-01
    2.17849e-08         1.00000e+17    8.00000e-01
    4.35698e-08         1.00000e+17    8.00000e-01
    8.71395e-08         1.00000e+17    8.00000e-01
    1.74279e-07         1.00000e+17    8.00000e-01
    3.48558e-07         1.00000e+17    8.00000e-01
    6.97116e-07         1.00000e+17    8.00000e-01
    1.39423e-06         1.00000e+17    8.00000e-01
    2.78847e-06         1.00000e+17    8.00000e-01
    5.57693e-06         1.00000e+17    8.00000e-01
    1.11539e-05         1.00000e+17    8.00000e-01
    2.23077e-05         1.00000e+17    8.00000e-01
    4.46154e-05         1.00000e+17    8.00000e-01
    8.92309e-05         1.00000e+17    8.00000e-01
    1.78462e-04         1.00000e+17    8.00000e-01
    3.56924e-04         1.00000e+17    8.00000e-01
    7.13847e-04         1.00000e+17    8.00000e-01
    1.42769e-03         1.00000e+17    8.00000e-01
    2.85539e-03         1.00000e+17    8.00000e-01
    5.71078e-03         1.00000e+17    8.00000e-01
    1.14216e-02         1.00000e+17    8.00000e-01
    2.28431e-02         1.00000e+17    8.00000e-01
    4.56862e-02         1.00000e+17    8.00000e-01
    9.13724e-02         1.00000e+17    8.00000e-01
    1.82745e-01         1.00000e+17    8.00000e-01
    3.65490e-01         1.00000e+17    8.00000e-01
    7.30979e-01         1.00000e+17    8.00000e-01
    1.46196e+00         1.00000e+17    8.00000e-01
    2.92392e+00         1.00000e+17    8.00000e-01
    5.84784e+00         1.00000e+17    8.00000e-01
    1.16957e+01         1.00000e+17    8.00000e-01
    2.33913e+01         1.00000e+17    8.00000e-01
    4.67827e+01         1.00000e+17    8.00000e-01
    9.35654e+01         1.00000e+17    8.00000e-01
    1.87131e+02         1.00000e+17    8.00000e-01
    3.74261e+02         1.00000e+17    8.00000e-01
    7.48523e+02         1.00000e+17    8.00000e-01
    1.49705e+03         1.00000e+17    8.00000e-01
    2.99409e+03         1.00000e+17    8.00000e-01
    5.98818e+03         1.00000e+17    8.00000e-01
    1.19764e+04         1.00000e+17    8.00000e-01
    2.39527e+04         1.00000e+17    8.00000e-01
    4.79055e+04         1.00000e+17    8.00000e-01
    9.58109e+04         1.00000e+17    8.00000e-01
    1.91622e+05         1.00000e+17    8.00000e-01
    3.83244e+05         1.00000e+17    8.00000e-01
    7.66488e+05         1.00000e+17    8.00000e-01
    1.53298e+06         1.00000e+17    8.00000e-01
    3.06595e+06         1.00000e+17    8.00000e-01
    6.13190e+06         1.00000e+17    8.00000e-01
    1.22638e+07         1.00000e+17    8.00000e-01
    2.45276e+07         1.00000e+17    7.99999e-01
    4.90552e+07         9.99999e+16    7.99999e-01
    9.81104e+07         9.99998e+16    7.99998e-01
    1.96221e+08         9.99996e+16    7.99996e-01
    3.92442e+08         9.99993e+16    7.99992e-01
    7.84883e+08         9.99986e+16    7.99984e-01
    1.56977e+09         9.99972e+16    7.99968e-01
    3.13953e+09         9.99943e+16    7.99935e-01
    6.27907e+09         9.99887e+16    7.99870e-01
    1.25581e+10         9.99774e+16    7.99740e-01
    2.51163e+10         9.99548e+16    7.99481e-01
    5.02325e+10         9.99096e+16    7.98963e-01
    1.00465e+11         9.98193e+16    7.97930e-01
    2.00930e+11         9.96392e+16    7.95874e-01
    4.01860e+11         9.92808e+16    7.91804e-01
    8.03720e+11         9.85709e+16    7.83831e-01
    1.60744e+12         9.71620e+16    7.68412e-01
    2.41116e+12         9.57703e+16    7.54000e-01
    3.21488e+12         9.43929e+16    7.40537e-01
    4.01860e+12         9.30070e+16    7.27761e-01
    4.82232e+12         9.16112e+16    7.15635e-01
    5.62604e+12         9.02016e+16    7.04103e-01
    6.42976e+12         8.87664e+16    6.93065e-01
    7.23348e+12         8.73032e+16    6.82504e-01
    8.03720e+12         8.58089e+16    6.72402e-01
    8.84092e+12         8.42720e+16    6.62664e-01
    9.64465e+12         8.26867e+16    6.53287e-01
    1.04484e+13         8.10480e+16    6.44260e-01
    1.12521e+13         7.93505e+16    6.35552e-01
    1.20558e+13         7.75890e+16    6.26995e-01
    1.28595e+13         7.57549e+16    6.18602e-01
    1.36632e+13         7.38397e+16    6.10369e-01
    1.44670e+13         7.18326e+16    6.02292e-01
    1.52707e+13         6.97131e+16    5.94381e-01
    1.60744e+13         6.74624e+16    5.86636e-01
    1.68781e+13         6.50584e+16    5.79054e-01
    1.76818e+13         6.24734e+16    5.71616e-01
    1.84856e+13         5.96707e+16    5.64282e-01
    1.92893e+13         5.66024e+16    5.56834e-01
    2.00930e+13         5.31968e+16    5.49234e-01
    2.08967e+13         4.93464e+16    5.41429e-01
    2.17005e+13         4.48783e+16    5.33330e-01
    2.21023e+13         4.21790e+16    5.29067e-01
    2.25042e+13         3.91218e+16    5.24620e-01
    2.29060e+13         3.55667e+16    5.19918e-01
    2.31070e+13         3.34151e+16    5.17399e-01
    2.33079e+13         3.09768e+16    5.14750e-01
    2.35088e+13         2.81390e+16    5.11928e-01
    2.36093e+13         2.64190e+16    5.10400e-01
    2.37098e+13         2.44676e+16    5.08785e-01
    2.38102e+13         2.21921e+16    5.07056e-01
    2.38605e+13         2.08089e+16    5.06112e-01
    2.39107e+13         1.92357e+16    5.05110e-01
    2.39609e+13         1.73944e+16    5.04031e-01
    2.39860e+13         1.62684e+16    5.03440e-01
    2.40111e+13         1.49811e+16    5.02809e-01
    2.40237e+13         1.42221e+16    5.02467e-01
    2.40363e+13         1.33799e+16    5.02107e-01
    2.40488e+13         1.24283e+16    5.01725e-01
    2.40614e+13         1.13253e+16    5.01314e-01
    2.40677e+13         1.06612e+16    5.01088e-01
    2.40739e+13         9.91174e+15    5.00849e-01
    2.40802e+13         9.04465e+15    5.00591e-01
    2.40834e+13         8.52399e+15    5.00451e-01
    2.40865e+13         7.93777e+15    5.00301e-01
    2.40896e+13         7.26177e+15    5.00140e-01
    2.40912e+13         6.85790e+15    5.00052e-01
    2.40928e+13         6.40507e+15    4.99959e-01
    2.40943e+13         5.88594e+15    4.99858e-01
    2.40951e+13         5.57856e+15    4.99802e-01
    2.40959e+13         5.23637e+15    4.99743e-01
    2.40967e+13         4.84800e+15    4.99679e-01
    2.40975e+13         4.39492e+15    4.99608e-01
    2.40979e+13         4.11925e+15    4.99568e-01
    2.40983e+13         3.80545e+15    4.99524e-01
    2.40987e+13         3.43777e+15    4.99477e-01
    2.40989e+13         3.21250e+15    4.99450e-01
    2.40991e+13         2.95453e+15    4.99420e-01
    2.40992e+13         2.80203e+15    4.99404e-01
    2.40993e+13         2.63249e+15    4.99386e-01
    2.40993e+13         2.44040e+15    4.99367e-01
    2.40994e+13         2.21688e+15    4.99347e-01
    2.40995e+13         2.08145e+15    4.99335e-01
    2.40995e+13         1.92782e+15    4.99322e-01
    2.40996e+13         1.74873e+15    4.99308e-01
    2.40996e+13         1.63990e+15    4.99301e-01
    2.40996e+13         1.51616e+15    4.99292e-01
    2.40997e+13         1.37138e+15    4.99283e-01
    2.40997e+13         1.28291e+15    4.99277e-01
    2.40997e+13         1.18180e+15    4.99272e-01
    2.40997e+13         1.12223e+15    4.99268e-01
    2.40997e+13         1.05617e+15    4.99265e-01
    2.40997e+13         9.81588e+14    4.99261e-01
    2.40997e+13         8.95239e+14    4.99257e-01
    2.40997e+13         8.43334e+14    4.99255e-01
    2.40997e+13         7.84843e+14    4.99253e-01
    2.40997e+13         7.17309e+14    4.99250e-01
    2.40997e+13         6.76884e+14    4.99248e-01
    2.40997e+13         6.31487e+14    4.99247e-01
    2.40997e+13         5.79327e+14    4.99245e-01
    2.40997e+13         5.48340e+14    4.99244e-01
    2.40997e+13         5.13752e+14    4.99243e-01
    2.40997e+13         4.74350e+14    4.99242e-01
    2.40997e+13         4.28130e+14    4.99241e-01
    2.40997e+13         3.99760e+14    4.99240e-01
    2.40997e+13         3.67222e+14    4.99239e-01
    2.40997e+13         3.47942e+14    4.99239e-01
    2.40997e+13         3.26465e+14    4.99238e-01
    2.40997e+13         3.02071e+14    4.99238e-01
    2.40997e+13         2.73577e+14    4.99237e-01
    2.40997e+13         2.56208e+14    4.99237e-01
    2.40997e+13         2.36404e+14    4.99237e-01
    2.40997e+13         2.13143e+14    4.99236e-01
    2.40997e+13         1.98835e+14    4.99236e-01
    2.40997e+13         1.82394e+14    4.99236e-01
    2.40997e+13         1.72625e+14    4.99236e-01
    2.40997e+13         1.61719e+14    4.99236e-01
    2.40997e+13         1.49292e+14    4.99235e-01
    2.40997e+13         1.34710e+14    4.99235e-01
    2.40997e+13         1.25756e+14    4.99235e-01
    2.40997e+13         1.15481e+14    4.99235e-01
    2.40997e+13         1.09388e+14    4.99235e-01
    2.40997e+13         1.02598e+14    4.99235e-01
    2.40997e+13         9.48791e+13    4.99235e-01
    2.40997e+13         8.58534e+13    4.99235e-01
    2.40997e+13         8.03419e+13    4.99235e-01
    2.40997e+13         7.40482e+13    4.99235e-01
    2.40997e+13         7.03437e+13    4.99235e-01
    2.40997e+13         6.62387e+13    4.99235e-01
    2.40997e+13         6.16092e+13    4.99235e-01
    2.40997e+13         5.62578e+13    4.99235e-01
    2.40997e+13         5.30488e+13    4.99235e-01
    2.40997e+13         4.94399e+13    4.99235e-01
    2.40997e+13         4.52849e+13    4.99234e-01
    2.40997e+13         4.28086e+13    4.99234e-01
    2.40997e+13         4.00376e+13    4.99234e-01
    2.40997e+13         3.68698e+13    4.99234e-01
    2.40997e+13         3.50020e+13    4.99234e-01
    2.40997e+13         3.29295e+13    4.99234e-01
    2.40997e+13         3.05880e+13    4.99234e-01
    2.40997e+13         2.78743e+13    4.99234e-01
    2.40997e+13         2.62404e+13    4.99234e-01
    2.40997e+13         2.43966e+13    4.99234e-01
    2.40997e+13         2.22637e+13    4.99234e-01
    2.40997e+13         2.09831e+13    4.99234e-01
    2.40997e+13         1.95414e+13    4.99234e-01
    2.40997e+13         1.78792e+13    4.99234e-01
    2.40997e+13         1.68863e+13    4.99234e-01
    2.40997e+13         1.57733e+13    4.99234e-01
    2.40997e+13         1.44976e+13    4.99234e-01
    2.40997e+13         1.37426e+13    4.99234e-01
    2.40997e+13         1.29023e+13    4.99234e-01
    2.40997e+13         1.19491e+13    4.99234e-01
    2.40997e+13         1.08377e+13    4.99234e-01
    2.40997e+13         1.01621e+13    4.99234e-01
    2.40997e+13         9.39379e+12    4.99234e-01
    2.40997e+13         8.49462e+12    4.99234e-01
    2.40997e+13         7.94483e+12    4.99234e-01
    2.40997e+13         7.31631e+12    4.99234e-01
    2.40997e+13         6.94573e+12    4.99234e-01
    2.40997e+13         6.53456e+12    4.99234e-01
    2.40997e+13         6.07002e+12    4.99234e-01
    2.40997e+13         5.53165e+12    4.99234e-01
    2.40997e+13         5.20752e+12    4.99234e-01
    2.40997e+13         4.84179e+12    4.99234e-01
    2.40997e+13         4.41871e+12    4.99234e-01
    2.40997e+13         4.16472e+12    4.99234e-01
    2.40997e+13         3.87882e+12    4.99234e-01
    2.40997e+13         3.54921e+12    4.99234e-01
    2.40997e+13         3.35237e+12    4.99234e-01
    2.40997e+13         3.13174e+12    4.99234e-01
    2.40997e+13         2.87893e+12    4.99234e-01
    2.40997e+13         2.72934e+12    4.99234e-01
    2.40997e+13         2.56292e+12    4.99234e-01
    2.40997e+13         2.37417e+12    4.99234e-01
    2.40997e+13         2.15423e+12    4.99234e-01
    2.40997e+13         2.02065e+12    4.99234e-01
    2.40997e+13         1.86884e+12    4.99234e-01
    2.40997e+13         1.69135e+12    4.99234e-01
    2.40997e+13         1.58300e+12    4.99234e-01
    2.40997e+13         1.45932e+12    4.99234e-01
    2.40997e+13         1.31378e+12    4.99234e-01
    2.40997e+13         1.22399e+12    4.99234e-01
    2.40997e+13         1.12055e+12    4.99234e-01
    2.40997e+13         1.05884e+12    4.99234e-01
    2.40997e+13         9.89732e+11    4.99234e-01
    2.40997e+13         9.10630e+11    4.99234e-01
    2.40997e+13         8.63910e+11    4.99234e-01
    2.40997e+13         8.12000e+11    4.99234e-01
    2.40997e+13         7.53240e+11    4.99234e-01
    2.40997e+13         6.84956e+11    4.99234e-01
    2.40997e+13         6.43667e+11    4.99234e-01
    2.40997e+13         5.96911e+11    4.99234e-01
    2.40997e+13         5.42543e+11    4.99234e-01
    2.40997e+13         5.09639e+11    4.99234e-01
    2.40997e+13         4.72347e+11    4.99234e-01
    2.40997e+13         4.28936e+11    4.99234e-01
    2.40997e+13         4.02614e+11    4.99234e-01
    2.40997e+13         3.72738e+11    4.99234e-01
    2.40997e+13         3.37881e+11    4.99234e-01
    2.40997e+13         3.16671e+11    4.99234e-01
    2.40997e+13         2.92525e+11    4.99234e-01
    2.40997e+13         2.64227e+11    4.99234e-01
    2.40997e+13         2.46886e+11    4.99234e-01
    2.40997e+13         2.27023e+11    4.99234e-01
    2.40997e+13         2.15277e+11    4.99234e-01
    2.40997e+13         2.02215e+11    4.99234e-01
    2.40997e+13         1.87411e+11    4.99234e-01
    2.40997e+13         1.70176e+11    4.99234e-01
    2.40997e+13         1.59725e+11    4.99234e-01
    2.40997e+13         1.47860e+11    4.99234e-01
    2.40997e+13         1.34016e+11    4.99234e-01
    2.40997e+13         1.25590e+11    4.99234e-01
    2.40997e+13         1.15995e+11    4.99234e-01
    2.40997e+13         1.04747e+11    4.99234e-01
    2.40997e+13         9.78501e+10    4.99234e-01
    2.40997e+13         8.99470e+10    4.99234e-01
    2.40997e+13         8.52706e+10    4.99234e-01
    2.40997e+13         8.00671e+10    4.99234e-01
    2.40997e+13         7.41654e+10    4.99234e-01
    2.40997e+13         6.72870e+10    4.99234e-01
    2.40997e+13         6.31087e+10    4.99234e-01
    2.40997e+13         5.83589e+10    4.99234e-01
    2.40997e+13         5.28044e+10    4.99234e-01
    2.40997e+13         4.94121e+10    4.99234e-01
    2.40997e+13         4.55381e+10    4.99234e-01
    2.40997e+13         4.32575e+10    4.99234e-01
    2.40997e+13         4.07300e+10    4.99234e-01
    2.40997e+13         3.78792e+10    4.99234e-01
    2.40997e+13         3.45832e+10    4.99234e-01
    2.40997e+13         3.26060e+10    4.99234e-01
    2.40997e+13         3.03818e+10    4.99234e-01
    2.40997e+13         2.78200e+10    4.99234e-01
    2.40997e+13         2.62924e+10    4.99234e-01
    2.40997e+13         2.45820e+10    4.99234e-01
    2.40997e+13         2.26254e+10    4.99234e-01
    2.40997e+13         2.14706e+10    4.99234e-01
    2.40997e+13         2.01882e+10    4.99234e-01
    2.40997e+13         1.87377e+10    4.99234e-01
    2.40997e+13         1.70540e+10    4.99234e-01
    2.40997e+13         1.60377e+10    4.99234e-01
    2.40997e+13         1.48885e+10    4.99234e-01
    2.40997e+13         1.35550e+10    4.99234e-01
    2.40997e+13         1.27507e+10    4.99234e-01
    2.40997e+13         1.18416e+10    4.99234e-01
    2.40997e+13         1.07877e+10    4.99234e-01
    2.40997e+13         1.01527e+10    4.99234e-01
    2.40997e+13         9.43576e+09    4.99234e-01
    2.40997e+13         8.60579e+09    4.99234e-01
    2.40997e+13         8.10689e+09    4.99234e-01
    2.40997e+13         7.54471e+09    4.99234e-01
    2.40997e+13         6.89562e+09    4.99234e-01
    2.40997e+13         6.50710e+09    4.99234e-01
    2.40997e+13         6.07080e+09    4.99234e-01
    2.40997e+13         5.56953e+09    4.99234e-01
    2.40997e+13         5.27175e+09    4.99234e-01
    2.40997e+13         4.93939e+09    4.99234e-01
    2.40997e+13         4.56078e+09    4.99234e-01
    2.40997e+13         4.11672e+09    4.99234e-01
    2.40997e+13         3.84420e+09    4.99234e-01
    2.40997e+13         3.53167e+09    4.99234e-01
    2.40997e+13         3.34652e+09    4.99234e-01
    2.40997e+13         3.14033e+09    4.99234e-01
    2.40997e+13         2.90616e+09    4.99234e-01
    2.40997e+13         2.63274e+09    4.99234e-01
    2.40997e+13         2.46616e+09    4.99234e-01
    2.40997e+13         2.27632e+09    4.99234e-01
    2.40997e+13         2.05349e+09    4.99234e-01
    2.40997e+13         1.91659e+09    4.99234e-01
    2.40997e+13         1.75942e+09    4.99234e-01
    2.40997e+13         1.66617e+09    4.99234e-01
    2.40997e+13         1.56220e+09    4.99234e-01
    2.40997e+13         1.44392e+09    4.99234e-01
    2.40997e+13         1.30547e+09    4.99234e-01
    2.40997e+13         1.22078e+09    4.99234e-01
    2.40997e+13         1.12394e+09    4.99234e-01
    2.40997e+13         1.06681e+09    4.99234e-01
    2.40997e+13         1.00340e+09    4.99234e-01
    2.40997e+13         9.31727e+08    4.99234e-01
    2.40997e+13         8.48600e+08    4.99234e-01
    2.40997e+13         7.98495e+08    4.99234e-01
    2.40997e+13         7.41905e+08    4.99234e-01
    2.40997e+13         6.76351e+08    4.99234e-01
    2.40997e+13         6.36913e+08    4.99234e-01
    2.40997e+13         5.92440e+08    4.99234e-01
    2.40997e+13         5.41039e+08    4.99234e-01
    2.40997e+13         5.10224e+08    4.99234e-01
    2.40997e+13         4.75573e+08    4.99234e-01
    2.40997e+13         4.35690e+08    4.99234e-01
    2.40997e+13         4.11930e+08    4.99234e-01
    2.40997e+13         3.85350e+08    4.99234e-01
    2.40997e+13         3.54977e+08    4.99234e-01
    2.40997e+13         3.37080e+08    4.99234e-01
    2.40997e+13         3.17233e+08    4.99234e-01
    2.40997e+13         2.94825e+08    4.99234e-01
    2.40997e+13         2.68880e+08    4.99234e-01
    2.40997e+13         2.53284e+08    4.99234e-01
    2.40997e+13         2.35708e+08    4.99234e-01
    2.40997e+13         2.15413e+08    4.99234e-01
    2.40997e+13         2.03263e+08    4.99234e-01
    2.40997e+13         1.89618e+08    4.99234e-01
    2.40997e+13         1.73937e+08    4.99234e-01
    2.40997e+13         1.64620e+08    4.99234e-01
    2.40997e+13         1.54218e+08    4.99234e-01
    2.40997e+13         1.42365e+08    4.99234e-01
    2.40997e+13         1.28457e+08    4.99234e-01
    2.40997e+13         1.19916e+08    4.99234e-01
    2.40997e+13         1.10114e+08    4.99234e-01
    2.40997e+13         1.04302e+08    4.99234e-01
    2.40997e+13         9.78242e+07    4.99234e-01
    2.40997e+13         9.04600e+07    4.99234e-01
    2.40997e+13         8.18480e+07    4.99234e-01
    2.40997e+13         7.65881e+07    4.99234e-01
    2.40997e+13         7.05810e+07    4.99234e-01
    2.40997e+13         6.70444e+07    4.99234e-01
    2.40997e+13         6.31249e+07    4.99234e-01
    2.40997e+13         5.87035e+07    4.99234e-01
    2.40997e+13         5.35910e+07    4.99234e-01
    2.40997e+13         5.05238e+07    4.99234e-01
    2.40997e+13         4.70728e+07    4.99234e-01
    2.40997e+13         4.30974e+07    4.99234e-01
    2.40997e+13         4.07260e+07    4.99234e-01
    2.40997e+13         3.80705e+07    4.99234e-01
    2.40997e+13         3.50315e+07    4.99234e-01
    2.40997e+13         3.32370e+07    4.99234e-01
    2.40997e+13         3.12434e+07    4.99234e-01
    2.40997e+13         2.89874e+07    4.99234e-01
    2.40997e+13         2.63664e+07    4.99234e-01
    2.40997e+13         2.47825e+07    4.99234e-01
    2.40997e+13         2.29896e+07    4.99234e-01
    2.40997e+13         2.09062e+07    4.99234e-01
    2.40997e+13         1.96466e+07    4.99234e-01
    2.40997e+13         1.82202e+07    4.99234e-01
    2.40997e+13         1.65617e+07    4.99234e-01
    2.40997e+13         1.55581e+07    4.99234e-01
    2.40997e+13         1.44208e+07    4.99234e-01
    2.40997e+13         1.30971e+07    4.99234e-01
    2.40997e+13         1.22947e+07    4.99234e-01
    2.40997e+13         1.13841e+07    4.99234e-01
    2.40997e+13         1.03220e+07    4.99234e-01
    2.40997e+13         9.67608e+06    4.99234e-01
    2.40997e+13         8.94102e+06    4.99234e-01
    2.40997e+13         8.08014e+06    4.99234e-01
    2.40997e+13         7.55309e+06    4.99234e-01
    2.40997e+13         6.94992e+06    4.99234e-01
    2.40997e+13         6.59371e+06    4.99234e-01
    2.40997e+13         6.19798e+06    4.99234e-01
    2.40997e+13         5.75010e+06    4.99234e-01
    2.40997e+13         5.22974e+06    4.99234e-01
    2.40997e+13         4.91520e+06    4.99234e-01
    2.40997e+13         4.55913e+06    4.99234e-01
    2.40997e+13         4.14525e+06    4.99234e-01
    2.40997e+13         3.89493e+06    4.99234e-01
    2.40997e+13         3.61140e+06    4.99234e-01
    2.40997e+13         3.28160e+06    4.99234e-01
    2.40997e+13         3.08189e+06    4.99234e-01
    2.40997e+13         2.85546e+06    4.99234e-01
    2.40997e+13         2.59170e+06    4.99234e-01
    2.40997e+13         2.43161e+06    4.99234e-01
    2.40997e+13         2.24974e+06    4.99234e-01
    2.40997e+13         2.03728e+06    4.99234e-01
    2.40997e+13         1.90774e+06    4.99234e-01
    2.40997e+13         1.76001e+06    4.99234e-01
    2.40997e+13         1.58644e+06    4.99234e-01
    2.40997e+13         1.47963e+06    4.99234e-01
    2.40997e+13         1.35683e+06    4.99234e-01
    2.40997e+13         1.28382e+06    4.99234e-01
    2.40997e+13         1.20227e+06    4.99234e-01
    2.40997e+13         1.10928e+06    4.99234e-01
    2.40997e+13         1.00004e+06    4.99234e-01
    2.40997e+13         9.32836e+05    4.99234e-01
    2.40997e+13         8.55602e+05    4.99234e-01
    2.40997e+13         8.09698e+05    4.99234e-01
    2.40997e+13         7.58443e+05    4.99234e-01
    2.40997e+13         7.00025e+05    4.99234e-01
    2.40997e+13         6.31451e+05    4.99234e-01
    2.40997e+13         5.89312e+05    4.99234e-01
    2.40997e+13         5.40932e+05    4.99234e-01
    2.40997e+13         5.12221e+05    4.99234e-01
    2.40997e+13         4.80201e+05    4.99234e-01
    2.40997e+13         4.43769e+05    4.99234e-01
    2.40997e+13         4.01110e+05    4.99234e-01
    2.40997e+13         3.75002e+05    4.99234e-01
    2.40997e+13         3.45132e+05    4.99234e-01
    2.40997e+13         3.27500e+05    4.99234e-01
    2.40997e+13         3.07919e+05    4.99234e-01
    2.40997e+13         2.85767e+05    4.99234e-01
    2.40997e+13         2.60049e+05    4.99234e-01
    2.40997e+13         2.44520e+05    4.99234e-01
    2.40997e+13         2.26957e+05    4.99234e-01
    2.40997e+13         2.06570e+05    4.99234e-01
    2.40997e+13         1.94265e+05    4.99234e-01
    2.40997e+13         1.80352e+05    4.99234e-01
    2.40997e+13         1.64210e+05    4.99234e-01
    2.40997e+13         1.54474e+05    4.99234e-01
    2.40997e+13         1.43472e+05    4.99234e-01
    2.40997e+13         1.30718e+05    4.99234e-01
    2.40997e+13         1.23036e+05    4.99234e-01
    2.40997e+13         1.14365e+05    4.99234e-01
    2.40997e+13         1.04329e+05    4.99234e-01
    2.40997e+13         9.82986e+04    4.99234e-01
    2.40997e+13         9.15061e+04    4.99234e-01
    2.40997e+13         8.36679e+04    4.99234e-01
    2.40997e+13         7.89801e+04    4.99234e-01
    2.40997e+13         7.37192e+04    4.99234e-01
    2.40997e+13         6.76807e+04    4.99234e-01
    2.40997e+13         6.40987e+04    4.99234e-01
    2.40997e+13         6.01051e+04    4.99234e-01
    2.40997e+13         5.55633e+04    4.99234e-01
    2.40997e+13         5.02485e+04    4.99234e-01
    2.40997e+13         4.69992e+04    4.99234e-01
    2.40997e+13         4.32852e+04    4.99234e-01
    2.40997e+13         4.10958e+04    4.99234e-01
    2.40997e+13         3.86669e+04    4.99234e-01
    2.40997e+13         3.59233e+04    4.99234e-01
    2.40997e+13         3.27447e+04    4.99234e-01
    2.40997e+13         3.08318e+04    4.99234e-01
    2.40997e+13         2.86742e+04    4.99234e-01
    2.40997e+13         2.61796e+04    4.99234e-01
    2.40997e+13         2.46834e+04    4.99234e-01
    2.40997e+13         2.30002e+04    4.99234e-01
    2.40997e+13         2.10616e+04    4.99234e-01
    2.40997e+13         1.99057e+04    4.99234e-01
    2.40997e+13         1.86117e+04    4.99234e-01
    2.40997e+13         1.71314e+04    4.99234e-01
    2.40997e+13         1.62578e+04    4.99234e-01
    2.40997e+13         1.52879e+04    4.99234e-01
    2.40997e+13         1.41909e+04    4.99234e-01
    2.40997e+13         1.29179e+04    4.99234e-01
    2.40997e+13         1.21497e+04    4.99234e-01
    2.40997e+13         1.12813e+04    4.99234e-01
    2.40997e+13         1.02740e+04    4.99234e-01
    2.40997e+13         9.66681e+03    4.99234e-01
    2.40997e+13         8.98092e+03    4.99234e-01
    2.40997e+13         8.18626e+03    4.99234e-01
    2.40997e+13         7.70805e+03    4.99234e-01
    2.40997e+13         7.16867e+03    4.99234e-01
    2.40997e+13         6.54506e+03    4.99234e-01
    2.40997e+13         6.17100e+03    4.99234e-01
    2.40997e+13         5.75023e+03    4.99234e-01
    2.40997e+13         5.26562e+03    4.99234e-01
    2.40997e+13         4.97667e+03    4.99234e-01
    2.40997e+13         4.65319e+03    4.99234e-01
    2.40997e+13         4.28316e+03    4.99234e-01
    2.40997e+13         4.06480e+03    4.99234e-01
    2.40997e+13         3.82236e+03    4.99234e-01
    2.40997e+13         3.54817e+03    4.99234e-01
    2.40997e+13         3.22998e+03    4.99234e-01
    2.40997e+13         3.03800e+03    4.99234e-01
    2.40997e+13         2.82098e+03    4.99234e-01
    2.40997e+13         2.56929e+03    4.99234e-01
    2.40997e+13         2.41758e+03    4.99234e-01
    2.40997e+13         2.24623e+03    4.99234e-01
    2.40997e+13         2.04774e+03    4.99234e-01
    2.40997e+13         1.92833e+03    4.99234e-01
    2.40997e+13         1.79366e+03    4.99234e-01
    2.40997e+13         1.63802e+03    4.99234e-01
    2.40997e+13         1.54471e+03    4.99234e-01
    2.40997e+13         1.43978e+03    4.99234e-01
    2.40997e+13         1.31900e+03    4.99234e-01
    2.40997e+13         1.24705e+03    4.99234e-01
    2.40997e+13         1.16655e+03    4.99234e-01
    2.40997e+13         1.07456e+03    4.99234e-01
    2.40997e+13         1.02035e+03    4.99234e-01
    2.40997e+13         9.60232e+02    4.99234e-01
    2.40997e+13         8.92348e+02    4.99234e-01
    2.40997e+13         8.13743e+02    4.99234e-01
    2.40997e+13         7.66480e+02    4.99234e-01
    2.40997e+13         7.13210e+02    4.99234e-01
    2.40997e+13         6.51684e+02    4.99234e-01
    2.40997e+13         6.14839e+02    4.99234e-01
    2.40997e+13         5.73445e+02    4.99234e-01
    2.40997e+13         5.25859e+02    4.99234e-01
    2.40997e+13         4.97565e+02    4.99234e-01
    2.40997e+13         4.65962e+02    4.99234e-01
    2.40997e+13         4.29927e+02    4.99234e-01
    2.40997e+13         3.87597e+02    4.99234e-01
    2.40997e+13         3.61557e+02    4.99234e-01
    2.40997e+13         3.31632e+02    4.99234e-01
    2.40997e+13         3.13846e+02    4.99234e-01
    2.40997e+13         2.93988e+02    4.99234e-01
    2.40997e+13         2.71357e+02    4.99234e-01
    2.40997e+13         2.44794e+02    4.99234e-01
    2.40997e+13         2.28473e+02    4.99234e-01
    2.40997e+13         2.09737e+02    4.99234e-01
    2.40997e+13         1.98621e+02    4.99234e-01
    2.40997e+13         1.86225e+02    4.99234e-01
    2.40997e+13         1.72125e+02    4.99234e-01
    2.40997e+13         1.55620e+02    4.99234e-01
    2.40997e+13         1.45524e+02    4.99234e-01
    2.40997e+13         1.33978e+02    4.99234e-01
    2.40997e+13         1.27168e+02    4.99234e-01
    2.40997e+13         1.19608e+02    4.99234e-01
    2.40997e+13         1.11063e+02    4.99234e-01
    2.40997e+13         1.01152e+02    4.99234e-01
    2.40997e+13         9.51781e+01    4.99234e-01
    2.40997e+13         8.84305e+01    4.99234e-01
    2.40997e+13         8.06139e+01    4.99234e-01
    2.40997e+13         7.59110e+01    4.99234e-01
    2.40997e+13         7.06073e+01    4.99234e-01
    2.40997e+13         6.44769e+01    4.99234e-01
    2.40997e+13         6.08011e+01    4.99234e-01
    2.40997e+13         5.66674e+01    4.99234e-01
    2.40997e+13         5.19086e+01    4.99234e-01
    2.40997e+13         4.90730e+01    4.99234e-01
    2.40997e+13         4.59002e+01    4.99234e-01
    2.40997e+13         4.22736e+01    4.99234e-01
    2.40997e+13         4.01358e+01    4.99234e-01
    2.40997e+13         3.77642e+01    4.99234e-01
    2.40997e+13         3.50854e+01    4.99234e-01
    2.40997e+13         3.19820e+01    4.99234e-01
    2.40997e+13         3.01145e+01    4.99234e-01
    2.40997e+13         2.80082e+01    4.99234e-01
    2.40997e+13         2.55732e+01    4.99234e-01
    2.40997e+13         2.41128e+01    4.99234e-01
    2.40997e+13         2.24702e+01    4.99234e-01
    2.40997e+13         2.05786e+01    4.99234e-01
    2.40997e+13         1.94509e+01    4.99234e-01
    2.40997e+13         1.81887e+01    4.99234e-01
    2.40997e+13         1.67453e+01    4.99234e-01
    2.40997e+13         1.58937e+01    4.99234e-01
    2.40997e+13         1.49485e+01    4.99234e-01
    2.40997e+13         1.38800e+01    4.99234e-01
    2.40997e+13         1.26406e+01    4.99234e-01
    2.40997e+13         1.18935e+01    4.99234e-01
    2.40997e+13         1.10495e+01    4.99234e-01
    2.40997e+13         1.00717e+01    4.99234e-01
    2.40997e+13         9.48320e+00    4.99234e-01
    2.40997e+13         8.81944e+00    4.99234e-01
    2.40997e+13         8.05202e+00    4.99234e-01
    2.40997e+13         7.59167e+00    4.99234e-01
    2.40997e+13         7.07381e+00    4.99234e-01
    2.40997e+13         6.47735e+00    4.99234e-01
    2.40997e+13         6.12166e+00    4.99234e-01
    2.40997e+13         5.72345e+00    4.99234e-01
    2.40997e+13         5.26789e+00    4.99234e-01
    2.40997e+13         4.99901e+00    4.99234e-01
    2.40997e+13         4.70043e+00    4.99234e-01
    2.40997e+13         4.36271e+00    4.99234e-01
    2.40997e+13         3.97068e+00    4.99234e-01
    2.40997e+13         3.73405e+00    4.99234e-01
    2.40997e+13         3.46648e+00    4.99234e-01
    2.40997e+13         3.15601e+00    4.99234e-01
    2.40997e+13         2.96873e+00    4.99234e-01
    2.40997e+13         2.75707e+00    4.99234e-01
    2.40997e+13         2.51167e+00    4.99234e-01
    2.40997e+13         2.36382e+00    4.99234e-01
    2.40997e+13         2.19690e+00    4.99234e-01
    2.40997e+13         2.00365e+00    4.99234e-01
    2.40997e+13         1.88749e+00    4.99234e-01
    2.40997e+13         1.75659e+00    4.99234e-01
    2.40997e+13         1.60545e+00    4.99234e-01
    2.40997e+13         1.51499e+00    4.99234e-01
    2.40997e+13         1.41340e+00    4.99234e-01
    2.40997e+13         1.29667e+00    4.99234e-01
    2.40997e+13         1.22733e+00    4.99234e-01
    2.40997e+13         1.14994e+00    4.99234e-01
    2.40997e+13         1.06177e+00    4.99234e-01
    2.40997e+13         9.58355e-01    4.99234e-01
    2.40997e+13         8.94885e-01    4.99234e-01
    2.40997e+13         8.22093e-01    4.99234e-01
    2.40997e+13         7.78966e-01    4.99234e-01
    2.40997e+13         7.30932e-01    4.99234e-01
    2.40997e+13         6.76377e-01    4.99234e-01
    2.40997e+13         6.12666e-01    4.99234e-01
    2.40997e+13         5.73841e-01    4.99234e-01
    2.40997e+13         5.29585e-01    4.99234e-01
    2.40997e+13         4.77622e-01    4.99234e-01
    2.40997e+13         4.45680e-01    4.99234e-01
    2.40997e+13         4.08996e-01    4.99234e-01
    2.40997e+13         3.87216e-01    4.99234e-01
    2.40997e+13         3.62916e-01    4.99234e-01
    2.40997e+13         3.35254e-01    4.99234e-01
    2.40997e+13         3.02839e-01    4.99234e-01
    2.40997e+13         2.82976e-01    4.99234e-01
    2.40997e+13         2.60226e-01    4.99234e-01
    2.40997e+13         2.46776e-01    4.99234e-01
    2.40997e+13         2.31819e-01    4.99234e-01
    2.40997e+13         2.14870e-01    4.99234e-01
    2.40997e+13         1.95142e-01    4.99234e-01
    2.40997e+13         1.83183e-01    4.99234e-01
    2.40997e+13         1.69611e-01    4.99234e-01
    2.40997e+13         1.53780e-01    4.99234e-01
    2.40997e+13         1.44151e-01    4.99234e-01
    2.40997e+13         1.33193e-01    4.99234e-01
    2.40997e+13         1.20357e-01    4.99234e-01
    2.40997e+13         1.12497e-01    4.99234e-01
    2.40997e+13         1.03501e-01    4.99234e-01
    2.40997e+13         9.81869e-02    4.99234e-01
    2.40997e+13         9.22820e-02    4.99234e-01
    2.40997e+13         8.55972e-02    4.99234e-01
    2.40997e+13         7.78276e-02    4.99234e-01
    2.40997e+13         7.31284e-02    4.99234e-01
    2.40997e+13         6.78059e-02    4.99234e-01
    2.40997e+13         6.16150e-02    4.99234e-01
    2.40997e+13         5.78663e-02    4.99234e-01
    2.40997e+13         5.36161e-02    4.99234e-01
    2.40997e+13         4.86653e-02    4.99234e-01
    2.40997e+13         4.56607e-02    4.99234e-01
    2.40997e+13         4.22476e-02    4.99234e-01
    2.40997e+13         3.82608e-02    4.99234e-01
    2.40997e+13         3.58303e-02    4.99234e-01
    2.40997e+13         3.30590e-02    4.99234e-01
    2.40997e+13         2.98034e-02    4.99234e-01
    2.40997e+13         2.78006e-02    4.99234e-01
    2.40997e+13         2.54989e-02    4.99234e-01
    2.40997e+13         2.41308e-02    4.99234e-01
    2.40997e+13         2.26033e-02    4.99234e-01
    2.40997e+13         2.08623e-02    4.99234e-01
    2.40997e+13         1.88186e-02    4.99234e-01
    2.40997e+13         1.75627e-02    4.99234e-01
    2.40997e+13         1.61209e-02    4.99234e-01
    2.40997e+13         1.52652e-02    4.99234e-01
    2.40997e+13         1.43109e-02    4.99234e-01
    2.40997e+13         1.32252e-02    4.99234e-01
    2.40997e+13         1.19538e-02    4.99234e-01
    2.40997e+13         1.11757e-02    4.99234e-01
    2.40997e+13         1.02854e-02    4.99234e-01
    2.40997e+13         9.75991e-03    4.99234e-01
    2.40997e+13         9.17630e-03    4.99234e-01
    2.40997e+13         8.51608e-03    4.99234e-01
    2.40997e+13         7.74953e-03    4.99234e-01
    2.40997e+13         7.28668e-03    4.99234e-01
    2.40997e+13         6.76317e-03    4.99234e-01
    2.40997e+13         6.15547e-03    4.99234e-01
    2.40997e+13         5.78866e-03    4.99234e-01
    2.40997e+13         5.37389e-03    4.99234e-01
    2.40997e+13         4.89263e-03    4.99234e-01
    2.40997e+13         4.60233e-03    4.99234e-01
    2.40997e+13         4.27426e-03    4.99234e-01
    2.40997e+13         3.89388e-03    4.99234e-01
    2.40997e+13         3.66473e-03    4.99234e-01
    2.40997e+13         3.40601e-03    4.99234e-01
    2.40997e+13         3.10651e-03    4.99234e-01
    2.40997e+13         2.92649e-03    4.99234e-01
    2.40997e+13         2.72363e-03    4.99234e-01
    2.40997e+13         2.48944e-03    4.99234e-01
    2.40997e+13         2.34928e-03    4.99234e-01
    2.40997e+13         2.19189e-03    4.99234e-01
    2.40997e+13         2.01109e-03    4.99234e-01
    2.40997e+13         1.90370e-03    4.99234e-01
    2.40997e+13         1.78386e-03    4.99234e-01
    2.40997e+13         1.64737e-03    4.99234e-01
    2.40997e+13         1.48734e-03    4.99234e-01
    2.40997e+13         1.38917e-03    4.99234e-01
    2.40997e+13         1.27664e-03    4.99234e-01
    2.40997e+13         1.21002e-03    4.99234e-01
    2.40997e+13         1.13586e-03    4.99234e-01
    2.40997e+13         1.05170e-03    4.99234e-01
    2.40997e+13         9.53532e-04    4.99234e-01
    2.40997e+13         8.93822e-04    4.99234e-01
    2.40997e+13         8.25868e-04    4.99234e-01
    2.40997e+13         7.46270e-04    4.99234e-01
    2.40997e+13         6.97529e-04    4.99234e-01
    2.40997e+13         6.41738e-04    4.99234e-01
    2.40997e+13         6.08781e-04    4.99234e-01
    2.40997e+13         5.72160e-04    4.99234e-01
    2.40997e+13         5.30700e-04    4.99234e-01
    2.40997e+13         4.82509e-04    4.99234e-01
    2.40997e+13         4.53361e-04    4.99234e-01
    2.40997e+13         4.20343e-04    4.99234e-01
    2.40997e+13         3.81935e-04    4.99234e-01
    2.40997e+13         3.58675e-04    4.99234e-01
    2.40997e+13         3.32300e-04    4.99234e-01
    2.40997e+13         3.01571e-04    4.99234e-01
    2.40997e+13         2.82916e-04    4.99234e-01
    2.40997e+13         2.61720e-04    4.99234e-01
    2.40997e+13         2.36952e-04    4.99234e-01
    2.40997e+13         2.21844e-04    4.99234e-01
    2.40997e+13         2.04607e-04    4.99234e-01
    2.40997e+13         1.84344e-04    4.99234e-01
    2.40997e+13         1.71863e-04    4.99234e-01
    2.40997e+13         1.57504e-04    4.99234e-01
    2.40997e+13         1.48955e-04    4.99234e-01
    2.40997e+13         1.39397e-04    4.99234e-01
    2.40997e+13         1.28484e-04    4.99234e-01
    2.40997e+13         1.15637e-04    4.99234e-01
    2.40997e+13         1.07707e-04    4.99234e-01
    2.40997e+13         9.85670e-05    4.99234e-01
    2.40997e+13         9.31100e-05    4.99234e-01
    2.40997e+13         8.69945e-05    4.99234e-01
    2.40997e+13         7.99891e-05    4.99234e-01
    2.40997e+13         7.58460e-05    4.99234e-01
    2.40997e+13         7.12378e-05    4.99234e-01
    2.40997e+13         6.60143e-05    4.99234e-01
    2.40997e+13         5.99313e-05    4.99234e-01
    2.40997e+13         5.62411e-05    4.99234e-01
    2.40997e+13         5.20507e-05    4.99234e-01
    2.40997e+13         4.71585e-05    4.99234e-01
    2.40997e+13         4.41785e-05    4.99234e-01
    2.40997e+13         4.07830e-05    4.99234e-01
    2.40997e+13         3.67985e-05    4.99234e-01
    2.40997e+13         3.43515e-05    4.99234e-01
    2.40997e+13         3.15434e-05    4.99234e-01
    2.40997e+13         2.98782e-05    4.99234e-01
    2.40997e+13         2.80223e-05    4.99234e-01
    2.40997e+13         2.59124e-05    4.99234e-01


