              t                   M              a
    1.23833e-21         1.00000e+17    8.00000e-01
    2.47665e-21         1.00000e+17    8.00000e-01
    4.95331e-21         1.00000e+17    8.00000e-01
    9.90662e-21         1.00000e+17    8.00000e-01
    1.98132e-20         1.00000e+17    8.00000e-01
    3.96265e-20         1.00000e+17    8.00000e-01
    7.92530e-20         1.00000e+17    8.00000e-01
    1.58506e-19         1.00000e+17    8.00000e-01
    3.17012e-19         1.00000e+17    8.00000e-01
    6.34024e-19         1.00000e+17    8.00000e-01
    1.26805e-18         1.00000e+17    8.00000e-01
    2.53609e-18         1.00000e+17    8.00000e-01
    5.07219e-18         1.00000e+17    8.00000e-01
    1.01444e-17         1.00000e+17    8.00000e-01
    2.02888e-17         1.00000e+17    8.00000e-01
    4.05775e-17         1.00000e+17    8.00000e-01
    8.11550e-17         1.00000e+17    8.00000e-01
    1.62310e-16         1.00000e+17    8.00000e-01
    3.24620e-16         1.00000e+17    8.00000e-01
    6.49240e-16         1.00000e+17    8.00000e-01
    1.29848e-15         1.00000e+17    8.00000e-01
    2.59696e-15         1.00000e+17    8.00000e-01
    5.19392e-15         1.00000e+17    8.00000e-01
    1.03878e-14         1.00000e+17    8.00000e-01
    2.07757e-14         1.00000e+17    8.00000e-01
    4.15514e-14         1.00000e+17    8.00000e-01
    8.31027e-14         1.00000e+17    8.00000e-01
    1.66205e-13         1.00000e+17    8.00000e-01
    3.32411e-13         1.00000e+17    8.00000e-01
    6.64822e-13         1.00000e+17    8.00000e-01
    1.32964e-12         1.00000e+17    8.00000e-01
    2.65929e-12         1.00000e+17    8.00000e-01
    5.31858e-12         1.00000e+17    8.00000e-01
    1.06372e-11         1.00000e+17    8.00000e-01
    2.12743e-11         1.00000e+17    8.00000e-01
    4.25486e-11         1.00000e+17    8.00000e-01
    8.50972e-11         1.00000e+17    8.00000e-01
    1.70194e-10         1.00000e+17    8.00000e-01
    3.40389e-10         1.00000e+17    8.00000e-01
    6.80778e-10         1.00000e+17    8.00000e-01
    1.36156e-09         1.00000e+17    8.00000e-01
    2.72311e-09         1.00000e+17    8.00000e-01
    5.44622e-09         1.00000e+17    8.00000e-01
    1.08924e-08         1.00000e+17    8.00000e-01
    2.17849e-08         1.00000e+17    8.00000e-01
    4.35698e-08         1.00000e+17    8.00000e-01
    8.71395e-08         1.00000e+17    8.00000e-01
    1.74279e-07         1.00000e+17    8.00000e-01
    3.48558e-07         1.00000e+17    8.00000e-01
    6.97116e-07         1.00000e+17    8.00000e-01
    1.39423e-06         1.00000e+17    8.00000e-01
    2.78847e-06         1.00000e+17    8.00000e-01
    5.57693e-06         1.00000e+17    8.00000e-01
    1.11539e-05         1.00000e+17    8.00000e-01
    2.23077e-05         1.00000e+17    8.00000e-01
    4.46154e-05         1.00000e+17    8.00000e-01
    8.92309e-05         1.00000e+17    8.00000e-01
    1.78462e-04         1.00000e+17    8.00000e-01
    3.56924e-04         1.00000e+17    8.00000e-01
    7.13847e-04         1.00000e+17    8.00000e-01
    1.42769e-03         1.00000e+17    8.00000e-01
    2.85539e-03         1.00000e+17    8.00000e-01
    5.71078e-03         1.00000e+17    8.00000e-01
    1.14216e-02         1.00000e+17    8.00000e-01
    2.28431e-02         1.00000e+17    8.00000e-01
    4.56862e-02         1.00000e+17    8.00000e-01
    9.13724e-02         1.00000e+17    8.00000e-01
    1.82745e-01         1.00000e+17    8.00000e-01
    3.65490e-01         1.00000e+17    8.00000e-01
    7.30979e-01         1.00000e+17    8.00000e-01
    1.46196e+00         1.00000e+17    8.00000e-01
    2.92392e+00         1.00000e+17    8.00000e-01
    5.84784e+00         1.00000e+17    8.00000e-01
    1.16957e+01         1.00000e+17    8.00000e-01
    2.33913e+01         1.00000e+17    8.00000e-01
    4.67827e+01         1.00000e+17    8.00000e-01
    9.35654e+01         1.00000e+17    8.00000e-01
    1.87131e+02         1.00000e+17    8.00000e-01
    3.74261e+02         1.00000e+17    8.00000e-01
    7.48523e+02         1.00000e+17    8.00000e-01
    1.49705e+03         1.00000e+17    8.00000e-01
    2.99409e+03         1.00000e+17    8.00000e-01
    5.98818e+03         1.00000e+17    8.00000e-01
    1.19764e+04         1.00000e+17    8.00000e-01
    2.39527e+04         1.00000e+17    7.99999e-01
    4.79055e+04         9.99999e+16    7.99999e-01
    9.58109e+04         9.99998e+16    7.99998e-01
    1.91622e+05         9.99997e+16    7.99996e-01
    3.83244e+05         9.99993e+16    7.99992e-01
    7.66488e+05         9.99987e+16    7.99983e-01
    1.53298e+06         9.99973e+16    7.99967e-01
    3.06595e+06         9.99947e+16    7.99934e-01
    6.13190e+06         9.99894e+16    7.99867e-01
    1.22638e+07         9.99788e+16    7.99735e-01
    2.45276e+07         9.99575e+16    7.99470e-01
    4.90552e+07         9.99151e+16    7.98941e-01
    9.81104e+07         9.98303e+16    7.97886e-01
    1.96221e+08         9.96613e+16    7.95786e-01
    3.92442e+08         9.93252e+16    7.91628e-01
    7.84883e+08         9.86610e+16    7.83478e-01
    1.17732e+09         9.80050e+16    7.75572e-01
    1.96221e+09         9.67045e+16    7.60268e-01
    2.74709e+09         9.54268e+16    7.45963e-01
    3.53197e+09         9.41547e+16    7.32498e-01
    4.31686e+09         9.28809e+16    7.19712e-01
    5.10174e+09         9.16041e+16    7.07576e-01
    5.88662e+09         9.03144e+16    6.95946e-01
    6.67151e+09         8.90043e+16    6.84854e-01
    7.45639e+09         8.76715e+16    6.74280e-01
    8.24127e+09         8.63085e+16    6.64129e-01
    9.02616e+09         8.49092e+16    6.54373e-01
    9.81104e+09         8.34706e+16    6.45000e-01
    1.05959e+10         8.19890e+16    6.35984e-01
    1.13808e+10         8.04594e+16    6.27191e-01
    1.21657e+10         7.88774e+16    6.18607e-01
    1.29506e+10         7.72358e+16    6.10257e-01
    1.37355e+10         7.55278e+16    6.02137e-01
    1.45203e+10         7.37384e+16    5.94262e-01
    1.53052e+10         7.18560e+16    5.86633e-01
    1.60901e+10         6.98681e+16    5.79249e-01
    1.68750e+10         6.77591e+16    5.72112e-01
    1.76599e+10         6.55161e+16    5.65111e-01
    1.84448e+10         6.31123e+16    5.58190e-01
    1.92296e+10         6.05162e+16    5.51352e-01
    2.00145e+10         5.76870e+16    5.44578e-01
    2.07994e+10         5.45664e+16    5.37876e-01
    2.15843e+10         5.10737e+16    5.31181e-01
    2.23692e+10         4.70740e+16    5.24475e-01
    2.27616e+10         4.47093e+16    5.21140e-01
    2.31541e+10         4.20817e+16    5.17797e-01
    2.35465e+10         3.91092e+16    5.14428e-01
    2.39389e+10         3.56617e+16    5.10987e-01
    2.41352e+10         3.35835e+16    5.09255e-01
    2.43314e+10         3.12373e+16    5.07506e-01
    2.45276e+10         2.85229e+16    5.05710e-01
    2.46257e+10         2.68931e+16    5.04796e-01
    2.47238e+10         2.50585e+16    5.03869e-01
    2.48219e+10         2.29442e+16    5.02926e-01
    2.48710e+10         2.16826e+16    5.02440e-01
    2.49200e+10         2.02694e+16    5.01942e-01
    2.49691e+10         1.86518e+16    5.01434e-01
    2.49936e+10         1.76963e+16    5.01174e-01
    2.50182e+10         1.66347e+16    5.00907e-01
    2.50427e+10         1.54331e+16    5.00632e-01
    2.50672e+10         1.40368e+16    5.00349e-01
    2.50795e+10         1.31927e+16    5.00204e-01
    2.50917e+10         1.22371e+16    5.00054e-01
    2.51040e+10         1.11264e+16    4.99898e-01
    2.51101e+10         1.04545e+16    4.99816e-01
    2.51163e+10         9.69344e+15    4.99730e-01
    2.51224e+10         8.80817e+15    4.99639e-01
    2.51255e+10         8.27207e+15    4.99589e-01
    2.51285e+10         7.66421e+15    4.99538e-01
    2.51316e+10         6.95608e+15    4.99483e-01
    2.51331e+10         6.52626e+15    4.99453e-01
    2.51347e+10         6.03794e+15    4.99422e-01
    2.51362e+10         5.46744e+15    4.99388e-01
    2.51370e+10         5.11955e+15    4.99369e-01
    2.51377e+10         4.72277e+15    4.99350e-01
    2.51385e+10         4.25652e+15    4.99328e-01
    2.51389e+10         3.96952e+15    4.99317e-01
    2.51393e+10         3.63952e+15    4.99305e-01
    2.51394e+10         3.44324e+15    4.99297e-01
    2.51396e+10         3.22394e+15    4.99290e-01
    2.51398e+10         2.97380e+15    4.99282e-01
    2.51400e+10         2.67980e+15    4.99274e-01
    2.51401e+10         2.49878e+15    4.99270e-01
    2.51402e+10         2.29058e+15    4.99264e-01
    2.51403e+10         2.16670e+15    4.99262e-01
    2.51403e+10         2.02824e+15    4.99259e-01
    2.51404e+10         1.87024e+15    4.99255e-01
    2.51404e+10         1.68441e+15    4.99252e-01
    2.51404e+10         1.56986e+15    4.99250e-01
    2.51405e+10         1.43799e+15    4.99248e-01
    2.51405e+10         1.35941e+15    4.99246e-01
    2.51405e+10         1.27147e+15    4.99245e-01
    2.51405e+10         1.17096e+15    4.99244e-01
    2.51405e+10         1.11170e+15    4.99243e-01
    2.51405e+10         1.04596e+15    4.99242e-01
    2.51405e+10         9.71693e+14    4.99241e-01
    2.51405e+10         8.85641e+14    4.99240e-01
    2.51405e+10         8.33848e+14    4.99239e-01
    2.51405e+10         7.75421e+14    4.99239e-01
    2.51405e+10         7.07857e+14    4.99238e-01
    2.51405e+10         6.67318e+14    4.99238e-01
    2.51405e+10         6.21705e+14    4.99237e-01
    2.51405e+10         5.69153e+14    4.99237e-01
    2.51405e+10         5.37800e+14    4.99237e-01
    2.51405e+10         5.02686e+14    4.99236e-01
    2.51405e+10         4.62494e+14    4.99236e-01
    2.51405e+10         4.38753e+14    4.99236e-01
    2.51405e+10         4.12374e+14    4.99236e-01
    2.51405e+10         3.82513e+14    4.99236e-01
    2.51405e+10         3.47806e+14    4.99235e-01
    2.51405e+10         3.26817e+14    4.99235e-01
    2.51405e+10         3.03046e+14    4.99235e-01
    2.51405e+10         2.75398e+14    4.99235e-01
    2.51405e+10         2.58660e+14    4.99235e-01
    2.51405e+10         2.39685e+14    4.99235e-01
    2.51405e+10         2.17587e+14    4.99235e-01
    2.51405e+10         2.04179e+14    4.99235e-01
    2.51405e+10         1.88953e+14    4.99235e-01
    2.51405e+10         1.71175e+14    4.99235e-01
    2.51405e+10         1.60343e+14    4.99235e-01
    2.51405e+10         1.47998e+14    4.99235e-01
    2.51405e+10         1.33508e+14    4.99235e-01
    2.51405e+10         1.24605e+14    4.99235e-01
    2.51405e+10         1.14385e+14    4.99235e-01
    2.51405e+10         1.08320e+14    4.99235e-01
    2.51405e+10         1.01558e+14    4.99234e-01
    2.51405e+10         9.38652e+13    4.99234e-01
    2.51405e+10         8.48597e+13    4.99234e-01
    2.51405e+10         7.93505e+13    4.99234e-01
    2.51405e+10         7.30498e+13    4.99234e-01
    2.51405e+10         6.93326e+13    4.99234e-01
    2.51405e+10         6.52060e+13    4.99234e-01
    2.51405e+10         6.05407e+13    4.99234e-01
    2.51405e+10         5.51286e+13    4.99234e-01
    2.51405e+10         5.18652e+13    4.99234e-01
    2.51405e+10         4.81781e+13    4.99234e-01
    2.51405e+10         4.39051e+13    4.99234e-01
    2.51405e+10         4.13326e+13    4.99234e-01
    2.51405e+10         3.84298e+13    4.99234e-01
    2.51405e+10         3.50719e+13    4.99234e-01
    2.51405e+10         3.30561e+13    4.99234e-01
    2.51405e+10         3.07869e+13    4.99234e-01
    2.51405e+10         2.81710e+13    4.99234e-01
    2.51405e+10         2.66088e+13    4.99234e-01
    2.51405e+10         2.48577e+13    4.99234e-01
    2.51405e+10         2.28513e+13    4.99234e-01
    2.51405e+10         2.16642e+13    4.99234e-01
    2.51405e+10         2.03435e+13    4.99234e-01
    2.51405e+10         1.88457e+13    4.99234e-01
    2.51405e+10         1.71003e+13    4.99234e-01
    2.51405e+10         1.60404e+13    4.99234e-01
    2.51405e+10         1.48358e+13    4.99234e-01
    2.51405e+10         1.34276e+13    4.99234e-01
    2.51405e+10         1.25681e+13    4.99234e-01
    2.51405e+10         1.15870e+13    4.99234e-01
    2.51405e+10         1.04327e+13    4.99234e-01
    2.51405e+10         9.72083e+12    4.99234e-01
    2.51405e+10         8.90083e+12    4.99234e-01
    2.51405e+10         8.41181e+12    4.99234e-01
    2.51405e+10         7.86427e+12    4.99234e-01
    2.51405e+10         7.23784e+12    4.99234e-01
    2.51405e+10         6.86807e+12    4.99234e-01
    2.51405e+10         6.45740e+12    4.99234e-01
    2.51405e+10         5.99284e+12    4.99234e-01
    2.51405e+10         5.45346e+12    4.99234e-01
    2.51405e+10         5.12778e+12    4.99234e-01
    2.51405e+10         4.75942e+12    4.99234e-01
    2.51405e+10         4.33184e+12    4.99234e-01
    2.51405e+10         4.07376e+12    4.99234e-01
    2.51405e+10         3.78195e+12    4.99234e-01
    2.51405e+10         3.44336e+12    4.99234e-01
    2.51405e+10         3.23914e+12    4.99234e-01
    2.51405e+10         3.00835e+12    4.99234e-01
    2.51405e+10         2.74079e+12    4.99234e-01
    2.51405e+10         2.57962e+12    4.99234e-01
    2.51405e+10         2.39768e+12    4.99234e-01
    2.51405e+10         2.18709e+12    4.99234e-01
    2.51405e+10         2.06053e+12    4.99234e-01
    2.51405e+10         1.91795e+12    4.99234e-01
    2.51405e+10         1.75339e+12    4.99234e-01
    2.51405e+10         1.65494e+12    4.99234e-01
    2.51405e+10         1.54443e+12    4.99234e-01
    2.51405e+10         1.41753e+12    4.99234e-01
    2.51405e+10         1.34222e+12    4.99234e-01
    2.51405e+10         1.25821e+12    4.99234e-01
    2.51405e+10         1.16261e+12    4.99234e-01
    2.51405e+10         1.05065e+12    4.99234e-01
    2.51405e+10         9.82101e+11    4.99234e-01
    2.51405e+10         9.03648e+11    4.99234e-01
    2.51405e+10         8.57315e+11    4.99234e-01
    2.51405e+10         8.05839e+11    4.99234e-01
    2.51405e+10         7.47576e+11    4.99234e-01
    2.51405e+10         6.79878e+11    4.99234e-01
    2.51405e+10         6.38952e+11    4.99234e-01
    2.51405e+10         5.92615e+11    4.99234e-01
    2.51405e+10         5.38749e+11    4.99234e-01
    2.51405e+10         5.06162e+11    4.99234e-01
    2.51405e+10         4.69242e+11    4.99234e-01
    2.51405e+10         4.26285e+11    4.99234e-01
    2.51405e+10         4.00260e+11    4.99234e-01
    2.51405e+10         3.70740e+11    4.99234e-01
    2.51405e+10         3.36332e+11    4.99234e-01
    2.51405e+10         3.15428e+11    4.99234e-01
    2.51405e+10         2.91661e+11    4.99234e-01
    2.51405e+10         2.63863e+11    4.99234e-01
    2.51405e+10         2.46881e+11    4.99234e-01
    2.51405e+10         2.27483e+11    4.99234e-01
    2.51405e+10         2.16059e+11    4.99234e-01
    2.51405e+10         2.03396e+11    4.99234e-01
    2.51405e+10         1.89106e+11    4.99234e-01
    2.51405e+10         1.72575e+11    4.99234e-01
    2.51405e+10         1.62650e+11    4.99234e-01
    2.51405e+10         1.51477e+11    4.99234e-01
    2.51405e+10         1.38595e+11    4.99234e-01
    2.51405e+10         1.30900e+11    4.99234e-01
    2.51405e+10         1.22275e+11    4.99234e-01
    2.51405e+10         1.12390e+11    4.99234e-01
    2.51405e+10         1.06540e+11    4.99234e-01
    2.51405e+10         1.00030e+11    4.99234e-01
    2.51405e+10         9.26451e+10    4.99234e-01
    2.51405e+10         8.40357e+10    4.99234e-01
    2.51405e+10         7.88038e+10    4.99234e-01
    2.51405e+10         7.28541e+10    4.99234e-01
    2.51405e+10         6.58929e+10    4.99234e-01
    2.51405e+10         6.16381e+10    4.99234e-01
    2.51405e+10         5.67756e+10    4.99234e-01
    2.51405e+10         5.39100e+10    4.99234e-01
    2.51405e+10         5.07318e+10    4.99234e-01
    2.51405e+10         4.71428e+10    4.99234e-01
    2.51405e+10         4.29866e+10    4.99234e-01
    2.51405e+10         4.04872e+10    4.99234e-01
    2.51405e+10         3.76697e+10    4.99234e-01
    2.51405e+10         3.44150e+10    4.99234e-01
    2.51405e+10         3.24652e+10    4.99234e-01
    2.51405e+10         3.02743e+10    4.99234e-01
    2.51405e+10         2.77547e+10    4.99234e-01
    2.51405e+10         2.62559e+10    4.99234e-01
    2.51405e+10         2.45810e+10    4.99234e-01
    2.51405e+10         2.26701e+10    4.99234e-01
    2.51405e+10         2.04234e+10    4.99234e-01
    2.51405e+10         1.90394e+10    4.99234e-01
    2.51405e+10         1.74468e+10    4.99234e-01
    2.51405e+10         1.64985e+10    4.99234e-01
    2.51405e+10         1.54380e+10    4.99234e-01
    2.51405e+10         1.42269e+10    4.99234e-01
    2.51405e+10         1.35138e+10    4.99234e-01
    2.51405e+10         1.27235e+10    4.99234e-01
    2.51405e+10         1.18320e+10    4.99234e-01
    2.51405e+10         1.08010e+10    4.99234e-01
    2.51405e+10         1.01825e+10    4.99234e-01
    2.51405e+10         9.48646e+09    4.99234e-01
    2.51405e+10         8.68458e+09    4.99234e-01
    2.51405e+10         8.20618e+09    4.99234e-01
    2.51405e+10         7.67037e+09    4.99234e-01
    2.51405e+10         7.05710e+09    4.99234e-01
    2.51405e+10         6.69485e+09    4.99234e-01
    2.51405e+10         6.29233e+09    4.99234e-01
    2.51405e+10         5.83668e+09    4.99234e-01
    2.51405e+10         5.30710e+09    4.99234e-01
    2.51405e+10         4.98684e+09    4.99234e-01
    2.51405e+10         4.62411e+09    4.99234e-01
    2.51405e+10         4.20225e+09    4.99234e-01
    2.51405e+10         3.94684e+09    4.99234e-01
    2.51405e+10         3.65730e+09    4.99234e-01
    2.51405e+10         3.32011e+09    4.99234e-01
    2.51405e+10         3.11553e+09    4.99234e-01
    2.51405e+10         2.88320e+09    4.99234e-01
    2.51405e+10         2.61191e+09    4.99234e-01
    2.51405e+10         2.44663e+09    4.99234e-01
    2.51405e+10         2.25827e+09    4.99234e-01
    2.51405e+10         2.03717e+09    4.99234e-01
    2.51405e+10         1.90132e+09    4.99234e-01
    2.51405e+10         1.74537e+09    4.99234e-01
    2.51405e+10         1.65283e+09    4.99234e-01
    2.51405e+10         1.54964e+09    4.99234e-01
    2.51405e+10         1.43226e+09    4.99234e-01
    2.51405e+10         1.29484e+09    4.99234e-01
    2.51405e+10         1.21078e+09    4.99234e-01
    2.51405e+10         1.11464e+09    4.99234e-01
    2.51405e+10         1.05791e+09    4.99234e-01
    2.51405e+10         9.94945e+08    4.99234e-01
    2.51405e+10         9.23754e+08    4.99234e-01
    2.51405e+10         8.41168e+08    4.99234e-01
    2.51405e+10         7.91369e+08    4.99234e-01
    2.51405e+10         7.35105e+08    4.99234e-01
    2.51405e+10         6.69899e+08    4.99234e-01
    2.51405e+10         6.30639e+08    4.99234e-01
    2.51405e+10         5.86340e+08    4.99234e-01
    2.51405e+10         5.35094e+08    4.99234e-01
    2.51405e+10         5.04328e+08    4.99234e-01
    2.51405e+10         4.69694e+08    4.99234e-01
    2.51405e+10         4.29764e+08    4.99234e-01
    2.51405e+10         4.05917e+08    4.99234e-01
    2.51405e+10         3.79185e+08    4.99234e-01
    2.51405e+10         3.48551e+08    4.99234e-01
    2.51405e+10         3.30424e+08    4.99234e-01
    2.51405e+10         3.10253e+08    4.99234e-01
    2.51405e+10         2.87374e+08    4.99234e-01
    2.51405e+10         2.60707e+08    4.99234e-01
    2.51405e+10         2.44506e+08    4.99234e-01
    2.51405e+10         2.26088e+08    4.99234e-01
    2.51405e+10         2.04546e+08    4.99234e-01
    2.51405e+10         1.91387e+08    4.99234e-01
    2.51405e+10         1.76356e+08    4.99234e-01
    2.51405e+10         1.67505e+08    4.99234e-01
    2.51405e+10         1.57693e+08    4.99234e-01
    2.51405e+10         1.46623e+08    4.99234e-01
    2.51405e+10         1.33818e+08    4.99234e-01
    2.51405e+10         1.26132e+08    4.99234e-01
    2.51405e+10         1.17480e+08    4.99234e-01
    2.51405e+10         1.07507e+08    4.99234e-01
    2.51405e+10         1.01553e+08    4.99234e-01
    2.51405e+10         9.48797e+07    4.99234e-01
    2.51405e+10         8.72348e+07    4.99234e-01
    2.51405e+10         8.27131e+07    4.99234e-01
    2.51405e+10         7.76834e+07    4.99234e-01
    2.51405e+10         7.19813e+07    4.99234e-01
    2.51405e+10         6.53400e+07    4.99234e-01
    2.51405e+10         6.13101e+07    4.99234e-01
    2.51405e+10         5.67329e+07    4.99234e-01
    2.51405e+10         5.13874e+07    4.99234e-01
    2.51405e+10         4.81297e+07    4.99234e-01
    2.51405e+10         4.44160e+07    4.99234e-01
    2.51405e+10         4.00553e+07    4.99234e-01
    2.51405e+10         3.73744e+07    4.99234e-01
    2.51405e+10         3.42952e+07    4.99234e-01
    2.51405e+10         3.24666e+07    4.99234e-01
    2.51405e+10         3.04263e+07    4.99234e-01
    2.51405e+10         2.81032e+07    4.99234e-01
    2.51405e+10         2.53801e+07    4.99234e-01
    2.51405e+10         2.37108e+07    4.99234e-01
    2.51405e+10         2.17981e+07    4.99234e-01
    2.51405e+10         2.06665e+07    4.99234e-01
    2.51405e+10         1.94077e+07    4.99234e-01
    2.51405e+10         1.79802e+07    4.99234e-01
    2.51405e+10         1.63171e+07    4.99234e-01
    2.51405e+10         1.53074e+07    4.99234e-01
    2.51405e+10         1.41601e+07    4.99234e-01
    2.51405e+10         1.28194e+07    4.99234e-01
    2.51405e+10         1.20014e+07    4.99234e-01
    2.51405e+10         1.10682e+07    4.99234e-01
    2.51405e+10         9.97100e+06    4.99234e-01
    2.51405e+10         9.29501e+06    4.99234e-01
    2.51405e+10         8.51712e+06    4.99234e-01
    2.51405e+10         8.05388e+06    4.99234e-01
    2.51405e+10         7.53582e+06    4.99234e-01
    2.51405e+10         6.94408e+06    4.99234e-01
    2.51405e+10         6.59564e+06    4.99234e-01
    2.51405e+10         6.20941e+06    4.99234e-01
    2.51405e+10         5.77364e+06    4.99234e-01
    2.51405e+10         5.26960e+06    4.99234e-01
    2.51405e+10         4.96707e+06    4.99234e-01
    2.51405e+10         4.62656e+06    4.99234e-01
    2.51405e+10         4.23408e+06    4.99234e-01
    2.51405e+10         3.99978e+06    4.99234e-01
    2.51405e+10         3.73722e+06    4.99234e-01
    2.51405e+10         3.43647e+06    4.99234e-01
    2.51405e+10         3.25863e+06    4.99234e-01
    2.51405e+10         3.06084e+06    4.99234e-01
    2.51405e+10         2.83666e+06    4.99234e-01
    2.51405e+10         2.57565e+06    4.99234e-01
    2.51405e+10         2.41736e+06    4.99234e-01
    2.51405e+10         2.23765e+06    4.99234e-01
    2.51405e+10         2.02793e+06    4.99234e-01
    2.51405e+10         1.90025e+06    4.99234e-01
    2.51405e+10         1.75485e+06    4.99234e-01
    2.51405e+10         1.58434e+06    4.99234e-01
    2.51405e+10         1.47976e+06    4.99234e-01
    2.51405e+10         1.35986e+06    4.99234e-01
    2.51405e+10         1.28888e+06    4.99234e-01
    2.51405e+10         1.20986e+06    4.99234e-01
    2.51405e+10         1.12018e+06    4.99234e-01
    2.51405e+10         1.01557e+06    4.99234e-01
    2.51405e+10         9.51939e+05    4.99234e-01
    2.51405e+10         8.79511e+05    4.99234e-01
    2.51405e+10         7.94664e+05    4.99234e-01
    2.51405e+10         7.42698e+05    4.99234e-01
    2.51405e+10         6.83205e+05    4.99234e-01
    2.51405e+10         6.48053e+05    4.99234e-01
    2.51405e+10         6.08983e+05    4.99234e-01
    2.51405e+10         5.64740e+05    4.99234e-01
    2.51405e+10         5.13292e+05    4.99234e-01
    2.51405e+10         4.82154e+05    4.99234e-01
    2.51405e+10         4.46863e+05    4.99234e-01
    2.51405e+10         4.05778e+05    4.99234e-01
    2.51405e+10         3.80865e+05    4.99234e-01
    2.51405e+10         3.52587e+05    4.99234e-01
    2.51405e+10         3.19591e+05    4.99234e-01
    2.51405e+10         2.99510e+05    4.99234e-01
    2.51405e+10         2.76646e+05    4.99234e-01
    2.51405e+10         2.49847e+05    4.99234e-01
    2.51405e+10         2.33419e+05    4.99234e-01
    2.51405e+10         2.14596e+05    4.99234e-01
    2.51405e+10         2.03462e+05    4.99234e-01
    2.51405e+10         1.91076e+05    4.99234e-01
    2.51405e+10         1.77032e+05    4.99234e-01
    2.51405e+10         1.60671e+05    4.99234e-01
    2.51405e+10         1.50739e+05    4.99234e-01
    2.51405e+10         1.39456e+05    4.99234e-01
    2.51405e+10         1.26274e+05    4.99234e-01
    2.51405e+10         1.18234e+05    4.99234e-01
    2.51405e+10         1.09064e+05    4.99234e-01
    2.51405e+10         9.82875e+04    4.99234e-01
    2.51405e+10         9.16528e+04    4.99234e-01
    2.51405e+10         8.40228e+04    4.99234e-01
    2.51405e+10         7.94834e+04    4.99234e-01
    2.51405e+10         7.44107e+04    4.99234e-01
    2.51405e+10         6.86229e+04    4.99234e-01
    2.51405e+10         6.18175e+04    4.99234e-01
    2.51405e+10         5.76244e+04    4.99234e-01
    2.51405e+10         5.27988e+04    4.99234e-01
    2.51405e+10         4.99249e+04    4.99234e-01
    2.51405e+10         4.67105e+04    4.99234e-01
    2.51405e+10         4.30385e+04    4.99234e-01
    2.51405e+10         4.08758e+04    4.99234e-01
    2.51405e+10         3.84783e+04    4.99234e-01
    2.51405e+10         3.57727e+04    4.99234e-01
    2.51405e+10         3.26423e+04    4.99234e-01
    2.51405e+10         3.07625e+04    4.99234e-01
    2.51405e+10         2.86460e+04    4.99234e-01
    2.51405e+10         2.62051e+04    4.99234e-01
    2.51405e+10         2.47468e+04    4.99234e-01
    2.51405e+10         2.31114e+04    4.99234e-01
    2.51405e+10         2.12365e+04    4.99234e-01
    2.51405e+10         2.01262e+04    4.99234e-01
    2.51405e+10         1.88900e+04    4.99234e-01
    2.51405e+10         1.74867e+04    4.99234e-01
    2.51405e+10         1.58492e+04    4.99234e-01
    2.51405e+10         1.48525e+04    4.99234e-01
    2.51405e+10         1.37175e+04    4.99234e-01
    2.51405e+10         1.23870e+04    4.99234e-01
    2.51405e+10         1.15711e+04    4.99234e-01
    2.51405e+10         1.06361e+04    4.99234e-01
    2.51405e+10         1.00828e+04    4.99234e-01
    2.51405e+10         9.46714e+03    4.99234e-01
    2.51405e+10         8.76878e+03    4.99234e-01
    2.51405e+10         7.95475e+03    4.99234e-01
    2.51405e+10         7.46016e+03    4.99234e-01
    2.51405e+10         6.89783e+03    4.99234e-01
    2.51405e+10         6.24008e+03    4.99234e-01
    2.51405e+10         5.83821e+03    4.99234e-01
    2.51405e+10         5.37912e+03    4.99234e-01
    2.51405e+10         5.10872e+03    4.99234e-01
    2.51405e+10         4.80894e+03    4.99234e-01
    2.51405e+10         4.47062e+03    4.99234e-01
    2.51405e+10         4.07915e+03    4.99234e-01
    2.51405e+10         3.84405e+03    4.99234e-01
    2.51405e+10         3.57930e+03    4.99234e-01
    2.51405e+10         3.27395e+03    4.99234e-01
    2.51405e+10         3.09147e+03    4.99234e-01
    2.51405e+10         2.88680e+03    4.99234e-01
    2.51405e+10         2.65209e+03    4.99234e-01
    2.51405e+10         2.51304e+03    4.99234e-01
    2.51405e+10         2.35818e+03    4.99234e-01
    2.51405e+10         2.18232e+03    4.99234e-01
    2.51405e+10         1.97696e+03    4.99234e-01
    2.51405e+10         1.85184e+03    4.99234e-01
    2.51405e+10         1.70925e+03    4.99234e-01
    2.51405e+10         1.54187e+03    4.99234e-01
    2.51405e+10         1.43903e+03    4.99234e-01
    2.51405e+10         1.32096e+03    4.99234e-01
    2.51405e+10         1.25090e+03    4.99234e-01
    2.51405e+10         1.17277e+03    4.99234e-01
    2.51405e+10         1.08389e+03    4.99234e-01
    2.51405e+10         9.79825e+02    4.99234e-01
    2.51405e+10         9.16157e+02    4.99234e-01
    2.51405e+10         8.43332e+02    4.99234e-01
    2.51405e+10         8.00360e+02    4.99234e-01
    2.51405e+10         7.52649e+02    4.99234e-01
    2.51405e+10         6.98697e+02    4.99234e-01
    2.51405e+10         6.36092e+02    4.99234e-01
    2.51405e+10         5.98324e+02    4.99234e-01
    2.51405e+10         5.55638e+02    4.99234e-01
    2.51405e+10         5.06141e+02    4.99234e-01
    2.51405e+10         4.76316e+02    4.99234e-01
    2.51405e+10         4.42638e+02    4.99234e-01
    2.51405e+10         4.03641e+02    4.99234e-01
    2.51405e+10         3.80193e+02    4.99234e-01
    2.51405e+10         3.53763e+02    4.99234e-01
    2.51405e+10         3.23237e+02    4.99234e-01
    2.51405e+10         3.04955e+02    4.99234e-01
    2.51405e+10         2.84415e+02    4.99234e-01
    2.51405e+10         2.60801e+02    4.99234e-01
    2.51405e+10         2.46759e+02    4.99234e-01
    2.51405e+10         2.31074e+02    4.99234e-01
    2.51405e+10         2.13187e+02    4.99234e-01
    2.51405e+10         1.92172e+02    4.99234e-01
    2.51405e+10         1.79242e+02    4.99234e-01
    2.51405e+10         1.64378e+02    4.99234e-01
    2.51405e+10         1.55541e+02    4.99234e-01
    2.51405e+10         1.45671e+02    4.99234e-01
    2.51405e+10         1.34419e+02    4.99234e-01
    2.51405e+10         1.21205e+02    4.99234e-01
    2.51405e+10         1.13078e+02    4.99234e-01
    2.51405e+10         1.03741e+02    4.99234e-01
    2.51405e+10         9.81950e+01    4.99234e-01
    2.51405e+10         9.20043e+01    4.99234e-01
    2.51405e+10         8.49525e+01    4.99234e-01
    2.51405e+10         7.66813e+01    4.99234e-01
    2.51405e+10         7.16054e+01    4.99234e-01
    2.51405e+10         6.57844e+01    4.99234e-01
    2.51405e+10         6.23361e+01    4.99234e-01
    2.51405e+10         5.84956e+01    4.99234e-01
    2.51405e+10         5.41344e+01    4.99234e-01
    2.51405e+10         4.90421e+01    4.99234e-01
    2.51405e+10         4.59397e+01    4.99234e-01
    2.51405e+10         4.24042e+01    4.99234e-01
    2.51405e+10         3.82545e+01    4.99234e-01
    2.51405e+10         3.57051e+01    4.99234e-01
    2.51405e+10         3.27787e+01    4.99234e-01
    2.51405e+10         3.10426e+01    4.99234e-01
    2.51405e+10         2.91068e+01    4.99234e-01
    2.51405e+10         2.69050e+01    4.99234e-01
    2.51405e+10         2.43280e+01    4.99234e-01
    2.51405e+10         2.27521e+01    4.99234e-01
    2.51405e+10         2.09504e+01    4.99234e-01
    2.51405e+10         1.98879e+01    4.99234e-01
    2.51405e+10         1.87088e+01    4.99234e-01
    2.51405e+10         1.73765e+01    4.99234e-01
    2.51405e+10         1.58320e+01    4.99234e-01
    2.51405e+10         1.49017e+01    4.99234e-01
    2.51405e+10         1.38517e+01    4.99234e-01
    2.51405e+10         1.26364e+01    4.99234e-01
    2.51405e+10         1.19063e+01    4.99234e-01
    2.51405e+10         1.10838e+01    4.99234e-01
    2.51405e+10         1.01348e+01    4.99234e-01
    2.51405e+10         9.56728e+00    4.99234e-01
    2.51405e+10         8.93042e+00    4.99234e-01
    2.51405e+10         8.19949e+00    4.99234e-01
    2.51405e+10         7.76596e+00    4.99234e-01
    2.51405e+10         7.28268e+00    4.99234e-01
    2.51405e+10         6.73313e+00    4.99234e-01
    2.51405e+10         6.09022e+00    4.99234e-01
    2.51405e+10         5.69731e+00    4.99234e-01
    2.51405e+10         5.24833e+00    4.99234e-01
    2.51405e+10         4.98379e+00    4.99234e-01
    2.51405e+10         4.69043e+00    4.99234e-01
    2.51405e+10         4.35922e+00    4.99234e-01
    2.51405e+10         3.97576e+00    4.99234e-01
    2.51405e+10         3.74527e+00    4.99234e-01
    2.51405e+10         3.48553e+00    4.99234e-01
    2.51405e+10         3.18564e+00    4.99234e-01
    2.51405e+10         3.00614e+00    4.99234e-01
    2.51405e+10         2.80456e+00    4.99234e-01
    2.51405e+10         2.57296e+00    4.99234e-01
    2.51405e+10         2.43537e+00    4.99234e-01
    2.51405e+10         2.28180e+00    4.99234e-01
    2.51405e+10         2.10686e+00    4.99234e-01
    2.51405e+10         1.90167e+00    4.99234e-01
    2.51405e+10         1.77573e+00    4.99234e-01
    2.51405e+10         1.63130e+00    4.99234e-01
    2.51405e+10         1.54573e+00    4.99234e-01
    2.51405e+10         1.45043e+00    4.99234e-01
    2.51405e+10         1.34219e+00    4.99234e-01
    2.51405e+10         1.21579e+00    4.99234e-01
    2.51405e+10         1.13877e+00    4.99234e-01
    2.51405e+10         1.05097e+00    4.99234e-01
    2.51405e+10         9.47889e-01    4.99234e-01
    2.51405e+10         8.84530e-01    4.99234e-01
    2.51405e+10         8.11770e-01    4.99234e-01
    2.51405e+10         7.68576e-01    4.99234e-01
    2.51405e+10         7.20390e-01    4.99234e-01
    2.51405e+10         6.65543e-01    4.99234e-01
    2.51405e+10         6.01284e-01    4.99234e-01
    2.51405e+10         5.61920e-01    4.99234e-01
    2.51405e+10         5.16847e-01    4.99234e-01
    2.51405e+10         4.90209e-01    4.99234e-01
    2.51405e+10         4.60597e-01    4.99234e-01
    2.51405e+10         4.27055e-01    4.99234e-01
    2.51405e+10         3.88037e-01    4.99234e-01
    2.51405e+10         3.64408e-01    4.99234e-01
    2.51405e+10         3.37615e-01    4.99234e-01
    2.51405e+10         3.06400e-01    4.99234e-01
    2.51405e+10         2.87451e-01    4.99234e-01
    2.51405e+10         2.65921e-01    4.99234e-01
    2.51405e+10         2.40764e-01    4.99234e-01
    2.51405e+10         2.25419e-01    4.99234e-01
    2.51405e+10         2.07914e-01    4.99234e-01
    2.51405e+10         1.87337e-01    4.99234e-01
    2.51405e+10         1.74665e-01    4.99234e-01
    2.51405e+10         1.60087e-01    4.99234e-01
    2.51405e+10         1.51410e-01    4.99234e-01
    2.51405e+10         1.41710e-01    4.99234e-01
    2.51405e+10         1.30637e-01    4.99234e-01
    2.51405e+10         1.17607e-01    4.99234e-01
    2.51405e+10         1.09568e-01    4.99234e-01
    2.51405e+10         1.00306e-01    4.99234e-01
    2.51405e+10         9.47810e-02    4.99234e-01
    2.51405e+10         8.85926e-02    4.99234e-01
    2.51405e+10         8.15095e-02    4.99234e-01
    2.51405e+10         7.73257e-02    4.99234e-01
    2.51405e+10         7.26769e-02    4.99234e-01
    2.51405e+10         6.74143e-02    4.99234e-01
    2.51405e+10         6.12981e-02    4.99234e-01
    2.51405e+10         5.75992e-02    4.99234e-01
    2.51405e+10         5.34101e-02    4.99234e-01
    2.51405e+10         4.85380e-02    4.99234e-01
    2.51405e+10         4.55884e-02    4.99234e-01
    2.51405e+10         4.22447e-02    4.99234e-01
    2.51405e+10         3.83508e-02    4.99234e-01
    2.51405e+10         3.59884e-02    4.99234e-01
    2.51405e+10         3.33057e-02    4.99234e-01
    2.51405e+10         3.01734e-02    4.99234e-01
    2.51405e+10         2.82652e-02    4.99234e-01
    2.51405e+10         2.60907e-02    4.99234e-01
    2.51405e+10         2.35386e-02    4.99234e-01
    2.51405e+10         2.19708e-02    4.99234e-01
    2.51405e+10         2.01713e-02    4.99234e-01
    2.51405e+10         1.91039e-02    4.99234e-01
    2.51405e+10         1.79138e-02    4.99234e-01
    2.51405e+10         1.65604e-02    4.99234e-01
    2.51405e+10         1.49767e-02    4.99234e-01
    2.51405e+10         1.40086e-02    4.99234e-01
    2.51405e+10         1.29020e-02    4.99234e-01
    2.51405e+10         1.22497e-02    4.99234e-01
    2.51405e+10         1.15261e-02    4.99234e-01
    2.51405e+10         1.07088e-02    4.99234e-01
    2.51405e+10         9.76196e-03    4.99234e-01
    2.51405e+10         9.19227e-03    4.99234e-01
    2.51405e+10         8.54976e-03    4.99234e-01
    2.51405e+10         7.80707e-03    4.99234e-01
    2.51405e+10         7.36170e-03    4.99234e-01
    2.51405e+10         6.86082e-03    4.99234e-01
    2.51405e+10         6.28414e-03    4.99234e-01
    2.51405e+10         5.94045e-03    4.99234e-01
    2.51405e+10         5.55584e-03    4.99234e-01
    2.51405e+10         5.11613e-03    4.99234e-01
    2.51405e+10         4.85687e-03    4.99234e-01
    2.51405e+10         4.56918e-03    4.99234e-01
    2.51405e+10         4.24413e-03    4.99234e-01
    2.51405e+10         3.86738e-03    4.99234e-01
    2.51405e+10         3.64052e-03    4.99234e-01
    2.51405e+10         3.38450e-03    4.99234e-01
    2.51405e+10         3.08828e-03    4.99234e-01
    2.51405e+10         2.91040e-03    4.99234e-01
    2.51405e+10         2.71010e-03    4.99234e-01
    2.51405e+10         2.47911e-03    4.99234e-01
    2.51405e+10         2.34109e-03    4.99234e-01
    2.51405e+10         2.18631e-03    4.99234e-01
    2.51405e+10         2.00884e-03    4.99234e-01
    2.51405e+10         1.90374e-03    4.99234e-01
    2.51405e+10         1.78671e-03    4.99234e-01
    2.51405e+10         1.65385e-03    4.99234e-01
    2.51405e+10         1.49878e-03    4.99234e-01
    2.51405e+10         1.40438e-03    4.99234e-01
    2.51405e+10         1.29685e-03    4.99234e-01
    2.51405e+10         1.17075e-03    4.99234e-01
    2.51405e+10         1.09339e-03    4.99234e-01
    2.51405e+10         1.00470e-03    4.99234e-01
    2.51405e+10         9.52176e-04    4.99234e-01
    2.51405e+10         8.93699e-04    4.99234e-01
    2.51405e+10         8.27319e-04    4.99234e-01
    2.51405e+10         7.49860e-04    4.99234e-01
    2.51405e+10         7.02716e-04    4.99234e-01
    2.51405e+10         6.49034e-04    4.99234e-01
    2.51405e+10         5.86104e-04    4.99234e-01
    2.51405e+10         5.47520e-04    4.99234e-01
    2.51405e+10         5.03306e-04    4.99234e-01
    2.51405e+10         4.77144e-04    4.99234e-01
    2.51405e+10         4.48035e-04    4.99234e-01
    2.51405e+10         4.15020e-04    4.99234e-01
    2.51405e+10         3.76544e-04    4.99234e-01
    2.51405e+10         3.53173e-04    4.99234e-01
    2.51405e+10         3.26607e-04    4.99234e-01
    2.51405e+10         2.95544e-04    4.99234e-01
    2.51405e+10         2.76576e-04    4.99234e-01
    2.51405e+10         2.54917e-04    4.99234e-01
    2.51405e+10         2.42169e-04    4.99234e-01
    2.51405e+10         2.28043e-04    4.99234e-01
    2.51405e+10         2.12114e-04    4.99234e-01
    2.51405e+10         1.93701e-04    4.99234e-01
    2.51405e+10         1.82662e-04    4.99234e-01
    2.51405e+10         1.70248e-04    4.99234e-01
    2.51405e+10         1.55958e-04    4.99234e-01
    2.51405e+10         1.47443e-04    4.99234e-01
    2.51405e+10         1.37916e-04    4.99234e-01
    2.51405e+10         1.27028e-04    4.99234e-01
    2.51405e+10         1.20611e-04    4.99234e-01
    2.51405e+10         1.13493e-04    4.99234e-01
    2.51405e+10         1.05454e-04    4.99234e-01
    2.51405e+10         9.61421e-05    4.99234e-01
    2.51405e+10         9.05407e-05    4.99234e-01
    2.51405e+10         8.42249e-05    4.99234e-01
    2.51405e+10         7.69263e-05    4.99234e-01
    2.51405e+10         7.25517e-05    4.99234e-01
    2.51405e+10         6.76336e-05    4.99234e-01
    2.51405e+10         6.19743e-05    4.99234e-01
    2.51405e+10         5.86042e-05    4.99234e-01
    2.51405e+10         5.48354e-05    4.99234e-01
    2.51405e+10         5.05308e-05    4.99234e-01
    2.51405e+10         4.79961e-05    4.99234e-01
    2.51405e+10         4.51867e-05    4.99234e-01
    2.51405e+10         4.20171e-05    4.99234e-01
    2.51405e+10         3.83512e-05    4.99234e-01
    2.51405e+10         3.61511e-05    4.99234e-01
    2.51405e+10         3.36751e-05    4.99234e-01
    2.51405e+10         3.08215e-05    4.99234e-01
    2.51405e+10         2.91183e-05    4.99234e-01
    2.51405e+10         2.72101e-05    4.99234e-01
    2.51405e+10         2.50248e-05    4.99234e-01


