              t                   M              a
    1.23833e-21         1.00000e+17    8.00000e-01
    2.47665e-21         1.00000e+17    8.00000e-01
    4.95331e-21         1.00000e+17    8.00000e-01
    9.90662e-21         1.00000e+17    8.00000e-01
    1.98132e-20         1.00000e+17    8.00000e-01
    3.96265e-20         1.00000e+17    8.00000e-01
    7.92530e-20         1.00000e+17    8.00000e-01
    1.58506e-19         1.00000e+17    8.00000e-01
    3.17012e-19         1.00000e+17    8.00000e-01
    6.34024e-19         1.00000e+17    8.00000e-01
    1.26805e-18         1.00000e+17    8.00000e-01
    2.53609e-18         1.00000e+17    8.00000e-01
    5.07219e-18         1.00000e+17    8.00000e-01
    1.01444e-17         1.00000e+17    8.00000e-01
    2.02888e-17         1.00000e+17    8.00000e-01
    4.05775e-17         1.00000e+17    8.00000e-01
    8.11550e-17         1.00000e+17    8.00000e-01
    1.62310e-16         1.00000e+17    8.00000e-01
    3.24620e-16         1.00000e+17    8.00000e-01
    6.49240e-16         1.00000e+17    8.00000e-01
    1.29848e-15         1.00000e+17    8.00000e-01
    2.59696e-15         1.00000e+17    8.00000e-01
    5.19392e-15         1.00000e+17    8.00000e-01
    1.03878e-14         1.00000e+17    8.00000e-01
    2.07757e-14         1.00000e+17    8.00000e-01
    4.15514e-14         1.00000e+17    8.00000e-01
    8.31027e-14         1.00000e+17    8.00000e-01
    1.66205e-13         1.00000e+17    8.00000e-01
    3.32411e-13         1.00000e+17    8.00000e-01
    6.64822e-13         1.00000e+17    8.00000e-01
    1.32964e-12         1.00000e+17    8.00000e-01
    2.65929e-12         1.00000e+17    8.00000e-01
    5.31858e-12         1.00000e+17    8.00000e-01
    1.06372e-11         1.00000e+17    8.00000e-01
    2.12743e-11         1.00000e+17    8.00000e-01
    4.25486e-11         1.00000e+17    8.00000e-01
    8.50972e-11         1.00000e+17    8.00000e-01
    1.70194e-10         1.00000e+17    8.00000e-01
    3.40389e-10         1.00000e+17    8.00000e-01
    6.80778e-10         1.00000e+17    8.00000e-01
    1.36156e-09         1.00000e+17    8.00000e-01
    2.72311e-09         1.00000e+17    8.00000e-01
    5.44622e-09         1.00000e+17    8.00000e-01
    1.08924e-08         1.00000e+17    8.00000e-01
    2.17849e-08         1.00000e+17    8.00000e-01
    4.35698e-08         1.00000e+17    8.00000e-01
    8.71395e-08         1.00000e+17    8.00000e-01
    1.74279e-07         1.00000e+17    8.00000e-01
    3.48558e-07         1.00000e+17    8.00000e-01
    6.97116e-07         1.00000e+17    8.00000e-01
    1.39423e-06         1.00000e+17    8.00000e-01
    2.78847e-06         1.00000e+17    8.00000e-01
    5.57693e-06         1.00000e+17    8.00000e-01
    1.11539e-05         1.00000e+17    8.00000e-01
    2.23077e-05         1.00000e+17    8.00000e-01
    4.46154e-05         1.00000e+17    8.00000e-01
    8.92309e-05         1.00000e+17    8.00000e-01
    1.78462e-04         1.00000e+17    8.00000e-01
    3.56924e-04         1.00000e+17    8.00000e-01
    7.13847e-04         1.00000e+17    8.00000e-01
    1.42769e-03         1.00000e+17    8.00000e-01
    2.85539e-03         1.00000e+17    8.00000e-01
    5.71078e-03         1.00000e+17    8.00000e-01
    1.14216e-02         1.00000e+17    8.00000e-01
    2.28431e-02         1.00000e+17    8.00000e-01
    4.56862e-02         1.00000e+17    8.00000e-01
    9.13724e-02         1.00000e+17    8.00000e-01
    1.82745e-01         1.00000e+17    8.00000e-01
    3.65490e-01         1.00000e+17    8.00000e-01
    7.30979e-01         1.00000e+17    8.00000e-01
    1.46196e+00         1.00000e+17    8.00000e-01
    2.92392e+00         1.00000e+17    8.00000e-01
    5.84784e+00         1.00000e+17    8.00000e-01
    1.16957e+01         1.00000e+17    8.00000e-01
    2.33913e+01         1.00000e+17    8.00000e-01
    4.67827e+01         1.00000e+17    8.00000e-01
    9.35654e+01         1.00000e+17    8.00000e-01
    1.87131e+02         1.00000e+17    8.00000e-01
    3.74261e+02         1.00000e+17    8.00000e-01
    7.48523e+02         1.00000e+17    8.00000e-01
    1.49705e+03         1.00000e+17    8.00000e-01
    2.99409e+03         1.00000e+17    8.00000e-01
    5.98818e+03         1.00000e+17    8.00000e-01
    1.19764e+04         1.00000e+17    8.00000e-01
    2.39527e+04         1.00000e+17    8.00000e-01
    4.79055e+04         1.00000e+17    8.00000e-01
    9.58109e+04         1.00000e+17    8.00000e-01
    1.91622e+05         1.00000e+17    8.00000e-01
    3.83244e+05         1.00000e+17    8.00000e-01
    7.66488e+05         1.00000e+17    8.00000e-01
    1.53298e+06         1.00000e+17    8.00000e-01
    3.06595e+06         1.00000e+17    8.00000e-01
    6.13190e+06         1.00000e+17    8.00000e-01
    1.22638e+07         1.00000e+17    8.00000e-01
    2.45276e+07         1.00000e+17    8.00000e-01
    4.90552e+07         1.00000e+17    8.00000e-01
    9.81104e+07         1.00000e+17    8.00000e-01
    1.96221e+08         1.00000e+17    8.00000e-01
    3.92442e+08         1.00000e+17    8.00000e-01
    7.84883e+08         1.00000e+17    8.00000e-01
    1.56977e+09         1.00000e+17    8.00000e-01
    3.13953e+09         1.00000e+17    8.00000e-01
    6.27907e+09         1.00000e+17    8.00000e-01
    1.25581e+10         1.00000e+17    8.00000e-01
    2.51163e+10         1.00000e+17    8.00000e-01
    5.02325e+10         1.00000e+17    8.00000e-01
    1.00465e+11         1.00000e+17    8.00000e-01
    2.00930e+11         1.00000e+17    8.00000e-01
    4.01860e+11         1.00000e+17    8.00000e-01
    8.03720e+11         1.00000e+17    8.00000e-01
    1.60744e+12         1.00000e+17    8.00000e-01
    3.21488e+12         1.00000e+17    8.00000e-01
    6.42976e+12         1.00000e+17    8.00000e-01
    1.28595e+13         1.00000e+17    8.00000e-01
    2.57191e+13         1.00000e+17    8.00000e-01
    5.14381e+13         1.00000e+17    8.00000e-01
    1.02876e+14         1.00000e+17    8.00000e-01
    2.05752e+14         1.00000e+17    8.00000e-01
    4.11505e+14         9.99999e+16    7.99999e-01
    8.23010e+14         9.99999e+16    7.99998e-01
    1.64602e+15         9.99997e+16    7.99996e-01
    3.29204e+15         9.99995e+16    7.99992e-01
    6.58408e+15         9.99989e+16    7.99985e-01
    1.31682e+16         9.99979e+16    7.99970e-01
    2.63363e+16         9.99957e+16    7.99940e-01
    5.26726e+16         9.99914e+16    7.99880e-01
    1.05345e+17         9.99829e+16    7.99760e-01
    2.10690e+17         9.99658e+16    7.99520e-01
    4.21381e+17         9.99316e+16    7.99041e-01
    8.42762e+17         9.98634e+16    7.98084e-01
    1.68552e+18         9.97275e+16    7.96178e-01
    3.37105e+18         9.94573e+16    7.92398e-01
    6.74210e+18         9.89243e+16    7.84963e-01
    1.34842e+19         9.78771e+16    7.70468e-01
    2.02263e+19         9.68578e+16    7.56738e-01
    2.69684e+19         9.58656e+16    7.43745e-01
    3.37105e+19         9.48864e+16    7.31300e-01
    4.04526e+19         9.39205e+16    7.19317e-01
    4.71947e+19         9.29600e+16    7.07884e-01
    5.39368e+19         9.20002e+16    6.96845e-01
    6.06789e+19         9.10365e+16    6.86232e-01
    6.74210e+19         9.00679e+16    6.76030e-01
    7.41631e+19         8.90900e+16    6.66186e-01
    8.09051e+19         8.80964e+16    6.56697e-01
    8.76472e+19         8.70857e+16    6.47551e-01
    9.43893e+19         8.60569e+16    6.38735e-01
    1.01131e+20         8.50093e+16    6.30143e-01
    1.07874e+20         8.39385e+16    6.21791e-01
    1.14616e+20         8.28424e+16    6.13674e-01
    1.21358e+20         8.17190e+16    6.05790e-01
    1.28100e+20         8.05638e+16    5.98136e-01
    1.34842e+20         7.93634e+16    5.90807e-01
    1.41584e+20         7.81241e+16    5.83671e-01
    1.48326e+20         7.68426e+16    5.76727e-01
    1.55068e+20         7.55149e+16    5.69972e-01
    1.61810e+20         7.41402e+16    5.63328e-01
    1.68552e+20         7.27059e+16    5.56861e-01
    1.75294e+20         7.12073e+16    5.50545e-01
    1.82037e+20         6.96358e+16    5.44408e-01
    1.88779e+20         6.79820e+16    5.38459e-01
    1.95521e+20         6.62348e+16    5.32708e-01
    2.02263e+20         6.43943e+16    5.26933e-01
    2.09005e+20         6.24281e+16    5.21386e-01
    2.15747e+20         6.03147e+16    5.16094e-01
    2.22489e+20         5.80291e+16    5.11045e-01
    2.29231e+20         5.55342e+16    5.06297e-01
    2.35973e+20         5.27843e+16    5.01843e-01
    2.42715e+20         4.97169e+16    4.97636e-01
    2.49458e+20         4.62221e+16    4.93872e-01
    2.56200e+20         4.21280e+16    4.90801e-01
    2.59571e+20         3.96392e+16    4.89622e-01
    2.62942e+20         3.68144e+16    4.88665e-01
    2.66313e+20         3.35184e+16    4.88139e-01
    2.67998e+20         3.15172e+16    4.88209e-01
    2.69684e+20         2.92480e+16    4.88453e-01
    2.71369e+20         2.66049e+16    4.88985e-01
    2.72212e+20         2.50032e+16    4.89443e-01
    2.73055e+20         2.31869e+16    4.90052e-01
    2.73898e+20         2.10712e+16    4.90875e-01
    2.74319e+20         1.97887e+16    4.91410e-01
    2.74740e+20         1.83334e+16    4.92054e-01
    2.75162e+20         1.66363e+16    4.92852e-01
    2.75372e+20         1.56051e+16    4.93345e-01
    2.75583e+20         1.44327e+16    4.93905e-01
    2.75794e+20         1.30616e+16    4.94567e-01
    2.75899e+20         1.22242e+16    4.94971e-01
    2.76005e+20         1.12680e+16    4.95425e-01
    2.76110e+20         1.01424e+16    4.95943e-01
    2.76163e+20         9.44759e+15    4.96254e-01
    2.76215e+20         8.64680e+15    4.96601e-01
    2.76242e+20         8.16877e+15    4.96799e-01
    2.76268e+20         7.63314e+15    4.97016e-01
    2.76294e+20         7.01967e+15    4.97256e-01
    2.76307e+20         6.65697e+15    4.97392e-01
    2.76321e+20         6.25365e+15    4.97539e-01
    2.76334e+20         5.79663e+15    4.97700e-01
    2.76347e+20         5.26470e+15    4.97879e-01
    2.76353e+20         4.94227e+15    4.97980e-01
    2.76360e+20         4.57640e+15    4.98092e-01
    2.76367e+20         4.14969e+15    4.98215e-01
    2.76370e+20         3.89019e+15    4.98285e-01
    2.76373e+20         3.59493e+15    4.98362e-01
    2.76377e+20         3.24916e+15    4.98448e-01
    2.76378e+20         3.03753e+15    4.98496e-01
    2.76380e+20         2.79538e+15    4.98549e-01
    2.76381e+20         2.65242e+15    4.98579e-01
    2.76381e+20         2.49363e+15    4.98611e-01
    2.76382e+20         2.31398e+15    4.98645e-01
    2.76383e+20         2.10535e+15    4.98682e-01
    2.76384e+20         1.97934e+15    4.98704e-01
    2.76384e+20         1.83677e+15    4.98727e-01
    2.76384e+20         1.67121e+15    4.98752e-01
    2.76385e+20         1.57122e+15    4.98766e-01
    2.76385e+20         1.45809e+15    4.98781e-01
    2.76385e+20         1.32673e+15    4.98798e-01
    2.76385e+20         1.24740e+15    4.98807e-01
    2.76385e+20         1.15766e+15    4.98816e-01
    2.76385e+20         1.05346e+15    4.98826e-01
    2.76385e+20         9.90551e+14    4.98831e-01
    2.76385e+20         9.19393e+14    4.98836e-01
    2.76385e+20         8.36793e+14    4.98841e-01
    2.76385e+20         7.86937e+14    4.98843e-01
    2.76385e+20         7.30564e+14    4.98845e-01
    2.76386e+20         6.65154e+14    4.98846e-01
    2.76386e+20         6.25700e+14    4.98846e-01
    2.76386e+20         5.81114e+14    4.98844e-01
    2.76386e+20         5.29422e+14    4.98841e-01
    2.76386e+20         4.98281e+14    4.98838e-01
    2.76386e+20         4.63127e+14    4.98832e-01
    2.76386e+20         4.22432e+14    4.98823e-01
    2.76386e+20         3.97975e+14    4.98816e-01
    2.76386e+20         3.70419e+14    4.98806e-01
    2.76386e+20         3.38609e+14    4.98791e-01
    2.76386e+20         3.19576e+14    4.98779e-01
    2.76386e+20         2.98207e+14    4.98763e-01
    2.76386e+20         2.73666e+14    4.98744e-01
    2.76386e+20         2.59096e+14    4.98732e-01
    2.76386e+20         2.42841e+14    4.98718e-01
    2.76386e+20         2.24337e+14    4.98700e-01
    2.76386e+20         2.02654e+14    4.98680e-01
    2.76386e+20         1.89369e+14    4.98668e-01
    2.76386e+20         1.74154e+14    4.98653e-01
    2.76386e+20         1.65159e+14    4.98644e-01
    2.76386e+20         1.55158e+14    4.98635e-01
    2.76386e+20         1.43826e+14    4.98625e-01
    2.76386e+20         1.30638e+14    4.98613e-01
    2.76386e+20         1.22645e+14    4.98606e-01
    2.76386e+20         1.13577e+14    4.98598e-01
    2.76386e+20         1.03002e+14    4.98588e-01
    2.76386e+20         9.65738e+13    4.98582e-01
    2.76386e+20         8.92609e+13    4.98576e-01
    2.76386e+20         8.07007e+13    4.98568e-01
    2.76386e+20         7.54644e+13    4.98563e-01
    2.76386e+20         6.94762e+13    4.98557e-01
    2.76386e+20         6.59437e+13    4.98553e-01
    2.76386e+20         6.20226e+13    4.98549e-01
    2.76386e+20         5.75901e+13    4.98544e-01
    2.76386e+20         5.24489e+13    4.98537e-01
    2.76386e+20         4.93496e+13    4.98534e-01
    2.76386e+20         4.58488e+13    4.98529e-01
    2.76386e+20         4.17929e+13    4.98523e-01
    2.76386e+20         3.93522e+13    4.98518e-01
    2.76386e+20         3.65994e+13    4.98512e-01
    2.76386e+20         3.34168e+13    4.98505e-01
    2.76386e+20         3.15080e+13    4.98499e-01
    2.76386e+20         2.93608e+13    4.98493e-01
    2.76386e+20         2.68881e+13    4.98484e-01
    2.76386e+20         2.54138e+13    4.98478e-01
    2.76386e+20         2.37636e+13    4.98470e-01
    2.76386e+20         2.18762e+13    4.98461e-01
    2.76386e+20         2.07626e+13    4.98456e-01
    2.76386e+20         1.95264e+13    4.98449e-01
    2.76386e+20         1.81287e+13    4.98441e-01
    2.76386e+20         1.65071e+13    4.98432e-01
    2.76386e+20         1.55291e+13    4.98426e-01
    2.76386e+20         1.44242e+13    4.98419e-01
    2.76386e+20         1.31434e+13    4.98410e-01
    2.76386e+20         1.23721e+13    4.98404e-01
    2.76386e+20         1.15017e+13    4.98396e-01
    2.76386e+20         1.04945e+13    4.98387e-01
    2.76386e+20         9.88955e+12    4.98381e-01
    2.76386e+20         9.20838e+12    4.98373e-01
    2.76386e+20         8.42269e+12    4.98365e-01
    2.76386e+20         7.95313e+12    4.98359e-01
    2.76386e+20         7.42649e+12    4.98353e-01
    2.76386e+20         6.82251e+12    4.98345e-01
    2.76386e+20         6.46468e+12    4.98341e-01
    2.76386e+20         6.06614e+12    4.98336e-01
    2.76386e+20         5.61352e+12    4.98330e-01
    2.76386e+20         5.08496e+12    4.98323e-01
    2.76386e+20         4.76288e+12    4.98319e-01
    2.76386e+20         4.39577e+12    4.98314e-01
    2.76386e+20         3.96478e+12    4.98309e-01
    2.76386e+20         3.69989e+12    4.98306e-01
    2.76386e+20         3.39571e+12    4.98303e-01
    2.76386e+20         3.21515e+12    4.98301e-01
    2.76386e+20         3.01374e+12    4.98298e-01
    2.76386e+20         2.78452e+12    4.98296e-01
    2.76386e+20         2.51600e+12    4.98293e-01
    2.76386e+20         2.35155e+12    4.98292e-01
    2.76386e+20         2.16330e+12    4.98290e-01
    2.76386e+20         2.05208e+12    4.98288e-01
    2.76386e+20         1.92847e+12    4.98287e-01
    2.76386e+20         1.78852e+12    4.98286e-01
    2.76386e+20         1.62580e+12    4.98284e-01
    2.76386e+20         1.52734e+12    4.98283e-01
    2.76386e+20         1.41578e+12    4.98281e-01
    2.76386e+20         1.28594e+12    4.98279e-01
    2.76386e+20         1.20725e+12    4.98277e-01
    2.76386e+20         1.11796e+12    4.98276e-01
    2.76386e+20         1.01385e+12    4.98273e-01
    2.76386e+20         9.50551e+11    4.98269e-01
    2.76386e+20         8.78541e+11    4.98265e-01
    2.76386e+20         7.94241e+11    4.98258e-01
    2.76386e+20         7.42669e+11    4.98252e-01
    2.76386e+20         6.83685e+11    4.98244e-01
    2.76386e+20         6.48884e+11    4.98239e-01
    2.76386e+20         6.10250e+11    4.98233e-01
    2.76386e+20         5.66569e+11    4.98224e-01
    2.76386e+20         5.15893e+11    4.98214e-01
    2.76386e+20         4.85333e+11    4.98208e-01
    2.76386e+20         4.50802e+11    4.98200e-01
    2.76386e+20         4.10779e+11    4.98191e-01
    2.76386e+20         3.86678e+11    4.98186e-01
    2.76386e+20         3.59478e+11    4.98180e-01
    2.76386e+20         3.28007e+11    4.98171e-01
    2.76386e+20         3.09106e+11    4.98166e-01
    2.76386e+20         2.87824e+11    4.98159e-01
    2.76386e+20         2.63277e+11    4.98151e-01
    2.76386e+20         2.48608e+11    4.98146e-01
    2.76386e+20         2.32156e+11    4.98139e-01
    2.76386e+20         2.13291e+11    4.98131e-01
    2.76386e+20         2.02116e+11    4.98126e-01
    2.76386e+20         1.89671e+11    4.98120e-01
    2.76386e+20         1.75539e+11    4.98113e-01
    2.76386e+20         1.59040e+11    4.98106e-01
    2.76386e+20         1.48989e+11    4.98101e-01
    2.76386e+20         1.37538e+11    4.98095e-01
    2.76386e+20         1.24100e+11    4.98089e-01
    2.76386e+20         1.15847e+11    4.98085e-01
    2.76386e+20         1.06376e+11    4.98081e-01
    2.76386e+20         1.00760e+11    4.98078e-01
    2.76386e+20         9.45007e+10    4.98075e-01
    2.76386e+20         8.73845e+10    4.98072e-01
    2.76386e+20         7.90620e+10    4.98069e-01
    2.76386e+20         7.39785e+10    4.98067e-01
    2.76386e+20         6.81725e+10    4.98064e-01
    2.76386e+20         6.47539e+10    4.98063e-01
    2.76386e+20         6.09648e+10    4.98062e-01
    2.76386e+20         5.66901e+10    4.98060e-01
    2.76386e+20         5.17465e+10    4.98058e-01
    2.76386e+20         4.87798e+10    4.98057e-01
    2.76386e+20         4.54413e+10    4.98056e-01
    2.76386e+20         4.15942e+10    4.98055e-01
    2.76386e+20         3.92984e+10    4.98054e-01
    2.76386e+20         3.67265e+10    4.98053e-01
    2.76386e+20         3.37818e+10    4.98053e-01
    2.76386e+20         3.20415e+10    4.98052e-01
    2.76386e+20         3.01071e+10    4.98052e-01
    2.76386e+20         2.79162e+10    4.98051e-01
    2.76386e+20         2.53678e+10    4.98051e-01
    2.76386e+20         2.38247e+10    4.98050e-01
    2.76386e+20         2.20753e+10    4.98050e-01
    2.76386e+20         2.00377e+10    4.98049e-01
    2.76386e+20         1.88011e+10    4.98049e-01
    2.76386e+20         1.73966e+10    4.98049e-01
    2.76386e+20         1.57560e+10    4.98049e-01
    2.76386e+20         1.47560e+10    4.98049e-01
    2.76386e+20         1.36159e+10    4.98048e-01
    2.76386e+20         1.22769e+10    4.98048e-01
    2.76386e+20         1.14534e+10    4.98048e-01
    2.76386e+20         1.05072e+10    4.98048e-01
    2.76386e+20         9.94501e+09    4.98048e-01
    2.76386e+20         9.31751e+09    4.98048e-01
    2.76386e+20         8.60265e+09    4.98048e-01
    2.76386e+20         7.76404e+09    4.98048e-01
    2.76386e+20         7.24926e+09    4.98048e-01
    2.76386e+20         6.65878e+09    4.98048e-01
    2.76386e+20         6.30886e+09    4.98048e-01
    2.76386e+20         5.91904e+09    4.98048e-01
    2.76386e+20         5.47618e+09    4.98048e-01
    2.76386e+20         4.95881e+09    4.98048e-01
    2.76386e+20         4.64332e+09    4.98048e-01
    2.76386e+20         4.28351e+09    4.98048e-01
    2.76386e+20         3.86071e+09    4.98048e-01
    2.76386e+20         3.60047e+09    4.98047e-01
    2.76386e+20         3.30125e+09    4.98047e-01
    2.76386e+20         3.12330e+09    4.98047e-01
    2.76386e+20         2.92448e+09    4.98047e-01
    2.76386e+20         2.69772e+09    4.98047e-01
    2.76386e+20         2.43123e+09    4.98047e-01
    2.76386e+20         2.26717e+09    4.98047e-01
    2.76386e+20         2.07851e+09    4.98047e-01
    2.76386e+20         1.96628e+09    4.98047e-01
    2.76386e+20         1.84088e+09    4.98047e-01
    2.76386e+20         1.69780e+09    4.98047e-01
    2.76386e+20         1.52960e+09    4.98047e-01
    2.76386e+20         1.42598e+09    4.98047e-01
    2.76386e+20         1.30676e+09    4.98047e-01
    2.76386e+20         1.23577e+09    4.98047e-01
    2.76386e+20         1.15640e+09    4.98047e-01
    2.76386e+20         1.06576e+09    4.98047e-01
    2.76386e+20         1.01240e+09    4.98047e-01
    2.76386e+20         9.53266e+08    4.98047e-01
    2.76386e+20         8.86570e+08    4.98047e-01
    2.76386e+20         8.09463e+08    4.98047e-01
    2.76386e+20         7.63214e+08    4.98047e-01
    2.76386e+20         7.11190e+08    4.98047e-01
    2.76386e+20         6.51277e+08    4.98047e-01
    2.76386e+20         6.15555e+08    4.98047e-01
    2.76386e+20         5.75567e+08    4.98047e-01
    2.76386e+20         5.29830e+08    4.98047e-01
    2.76386e+20         5.02843e+08    4.98047e-01
    2.76386e+20         4.72881e+08    4.98047e-01
    2.76386e+20         4.39002e+08    4.98047e-01
    2.76386e+20         3.99692e+08    4.98047e-01
    2.76386e+20         3.75981e+08    4.98047e-01
    2.76386e+20         3.49185e+08    4.98047e-01
    2.76386e+20         3.18118e+08    4.98047e-01
    2.76386e+20         2.99403e+08    4.98047e-01
    2.76386e+20         2.78274e+08    4.98047e-01
    2.76386e+20         2.53816e+08    4.98047e-01
    2.76386e+20         2.39117e+08    4.98047e-01
    2.76386e+20         2.22554e+08    4.98047e-01
    2.76386e+20         2.03435e+08    4.98047e-01
    2.76386e+20         1.91994e+08    4.98047e-01
    2.76386e+20         1.79149e+08    4.98047e-01
    2.76386e+20         1.64395e+08    4.98047e-01
    2.76386e+20         1.55635e+08    4.98047e-01
    2.76386e+20         1.45861e+08    4.98047e-01
    2.76386e+20         1.34734e+08    4.98047e-01
    2.76386e+20         1.21692e+08    4.98047e-01
    2.76386e+20         1.13699e+08    4.98047e-01
    2.76386e+20         1.04542e+08    4.98047e-01
    2.76386e+20         9.91265e+07    4.98047e-01
    2.76386e+20         9.31031e+07    4.98047e-01
    2.76386e+20         8.62751e+07    4.98047e-01
    2.76386e+20         7.83235e+07    4.98047e-01
    2.76386e+20         7.34995e+07    4.98047e-01
    2.76386e+20         6.80214e+07    4.98047e-01
    2.76386e+20         6.16255e+07    4.98047e-01
    2.76386e+20         5.77293e+07    4.98047e-01
    2.76386e+20         5.32895e+07    4.98047e-01
    2.76386e+20         4.80789e+07    4.98047e-01
    2.76386e+20         4.48784e+07    4.98047e-01
    2.76386e+20         4.12051e+07    4.98047e-01
    2.76386e+20         3.90263e+07    4.98047e-01
    2.76386e+20         3.65976e+07    4.98047e-01
    2.76386e+20         3.38357e+07    4.98047e-01
    2.76386e+20         3.06046e+07    4.98047e-01
    2.76386e+20         2.86299e+07    4.98047e-01
    2.76386e+20         2.63734e+07    4.98047e-01
    2.76386e+20         2.50438e+07    4.98047e-01
    2.76386e+20         2.35693e+07    4.98047e-01
    2.76386e+20         2.19046e+07    4.98047e-01
    2.76386e+20         1.99772e+07    4.98047e-01
    2.76386e+20         1.88185e+07    4.98047e-01
    2.76386e+20         1.75129e+07    4.98047e-01
    2.76386e+20         1.60052e+07    4.98047e-01
    2.76386e+20         1.51027e+07    4.98047e-01
    2.76386e+20         1.40891e+07    4.98047e-01
    2.76386e+20         1.29243e+07    4.98047e-01
    2.76386e+20         1.22323e+07    4.98047e-01
    2.76386e+20         1.14597e+07    4.98047e-01
    2.76386e+20         1.05795e+07    4.98047e-01
    2.76386e+20         9.54664e+06    4.98047e-01
    2.76386e+20         8.91245e+06    4.98047e-01
    2.76386e+20         8.18478e+06    4.98047e-01
    2.76386e+20         7.75338e+06    4.98047e-01
    2.76386e+20         7.27264e+06    4.98047e-01
    2.76386e+20         6.72624e+06    4.98047e-01
    2.76386e+20         6.08747e+06    4.98047e-01
    2.76386e+20         5.69753e+06    4.98047e-01
    2.76386e+20         5.25240e+06    4.98047e-01
    2.76386e+20         4.72862e+06    4.98047e-01
    2.76386e+20         4.40550e+06    4.98047e-01
    2.76386e+20         4.03325e+06    4.98047e-01
    2.76386e+20         3.81117e+06    4.98047e-01
    2.76386e+20         3.56247e+06    4.98047e-01
    2.76386e+20         3.27782e+06    4.98047e-01
    2.76386e+20         3.10971e+06    4.98047e-01
    2.76386e+20         2.92293e+06    4.98047e-01
    2.76386e+20         2.71151e+06    4.98047e-01
    2.76386e+20         2.46584e+06    4.98047e-01
    2.76386e+20         2.31731e+06    4.98047e-01
    2.76386e+20         2.14913e+06    4.98047e-01
    2.76386e+20         1.95360e+06    4.98047e-01
    2.76386e+20         1.83528e+06    4.98047e-01
    2.76386e+20         1.70122e+06    4.98047e-01
    2.76386e+20         1.54520e+06    4.98047e-01
    2.76386e+20         1.45063e+06    4.98047e-01
    2.76386e+20         1.34334e+06    4.98047e-01
    2.76386e+20         1.21823e+06    4.98047e-01
    2.76386e+20         1.14216e+06    4.98047e-01
    2.76386e+20         1.05562e+06    4.98047e-01
    2.76386e+20         9.54314e+05    4.98047e-01
    2.76386e+20         8.92336e+05    4.98047e-01
    2.76386e+20         8.21449e+05    4.98047e-01
    2.76386e+20         7.79624e+05    4.98047e-01
    2.76386e+20         7.33191e+05    4.98047e-01
    2.76386e+20         6.80691e+05    4.98047e-01
    2.76386e+20         6.19780e+05    4.98047e-01
    2.76386e+20         5.83045e+05    4.98047e-01
    2.76386e+20         5.41534e+05    4.98047e-01
    2.76386e+20         4.93416e+05    4.98047e-01
    2.76386e+20         4.64435e+05    4.98047e-01
    2.76386e+20         4.31725e+05    4.98047e-01
    2.76386e+20         3.93870e+05    4.98047e-01
    2.76386e+20         3.71129e+05    4.98047e-01
    2.76386e+20         3.45517e+05    4.98047e-01
    2.76386e+20         3.15966e+05    4.98047e-01
    2.76386e+20         2.98298e+05    4.98047e-01
    2.76386e+20         2.78475e+05    4.98047e-01
    2.76386e+20         2.55729e+05    4.98047e-01
    2.76386e+20         2.42243e+05    4.98047e-01
    2.76386e+20         2.27214e+05    4.98047e-01
    2.76386e+20         2.10130e+05    4.98047e-01
    2.76386e+20         1.90156e+05    4.98047e-01
    2.76386e+20         1.77961e+05    4.98047e-01
    2.76386e+20         1.64037e+05    4.98047e-01
    2.76386e+20         1.47648e+05    4.98047e-01
    2.76386e+20         1.37534e+05    4.98047e-01
    2.76386e+20         1.25878e+05    4.98047e-01
    2.76386e+20         1.18921e+05    4.98047e-01
    2.76386e+20         1.11125e+05    4.98047e-01
    2.76386e+20         1.02198e+05    4.98047e-01
    2.76386e+20         9.69200e+04    4.98047e-01
    2.76386e+20         9.10519e+04    4.98047e-01
    2.76386e+20         8.44031e+04    4.98047e-01
    2.76386e+20         7.66655e+04    4.98047e-01
    2.76386e+20         7.19763e+04    4.98047e-01
    2.76386e+20         6.66563e+04    4.98047e-01
    2.76386e+20         6.04531e+04    4.98047e-01
    2.76386e+20         5.66824e+04    4.98047e-01
    2.76386e+20         5.23933e+04    4.98047e-01
    2.76386e+20         4.73732e+04    4.98047e-01
    2.76386e+20         4.43030e+04    4.98047e-01
    2.76386e+20         4.07925e+04    4.98047e-01
    2.76386e+20         3.87222e+04    4.98047e-01
    2.76386e+20         3.64245e+04    4.98047e-01
    2.76386e+20         3.38278e+04    4.98047e-01
    2.76386e+20         3.08172e+04    4.98047e-01
    2.76386e+20         2.90034e+04    4.98047e-01
    2.76386e+20         2.69557e+04    4.98047e-01
    2.76386e+20         2.45850e+04    4.98047e-01
    2.76386e+20         2.31600e+04    4.98047e-01
    2.76386e+20         2.15543e+04    4.98047e-01
    2.76386e+20         1.97005e+04    4.98047e-01
    2.76386e+20         1.85909e+04    4.98047e-01
    2.76386e+20         1.73449e+04    4.98047e-01
    2.76386e+20         1.59134e+04    4.98047e-01
    2.76386e+20         1.50632e+04    4.98047e-01
    2.76386e+20         1.41142e+04    4.98047e-01
    2.76386e+20         1.30333e+04    4.98047e-01
    2.76386e+20         1.17658e+04    4.98047e-01
    2.76386e+20         1.09881e+04    4.98047e-01
    2.76386e+20         1.00964e+04    4.98047e-01
    2.76386e+20         9.56831e+03    4.98047e-01
    2.76386e+20         8.98035e+03    4.98047e-01
    2.76386e+20         8.31287e+03    4.98047e-01
    2.76386e+20         7.53390e+03    4.98047e-01
    2.76386e+20         7.05970e+03    4.98047e-01
    2.76386e+20         6.51967e+03    4.98047e-01
    2.76386e+20         5.88647e+03    4.98047e-01
    2.76386e+20         5.49809e+03    4.98047e-01
    2.76386e+20         5.05290e+03    4.98047e-01
    2.76386e+20         4.78936e+03    4.98047e-01
    2.76386e+20         4.49601e+03    4.98047e-01
    2.76386e+20         4.16314e+03    4.98047e-01
    2.76386e+20         3.77491e+03    4.98047e-01
    2.76386e+20         3.53881e+03    4.98047e-01
    2.76386e+20         3.27016e+03    4.98047e-01
    2.76386e+20         2.95555e+03    4.98047e-01
    2.76386e+20         2.76298e+03    4.98047e-01
    2.76386e+20         2.54262e+03    4.98047e-01
    2.76386e+20         2.41252e+03    4.98047e-01
    2.76386e+20         2.26801e+03    4.98047e-01
    2.76386e+20         2.10450e+03    4.98047e-01
    2.76386e+20         1.91459e+03    4.98047e-01
    2.76386e+20         1.79986e+03    4.98047e-01
    2.76386e+20         1.67005e+03    4.98047e-01
    2.76386e+20         1.51926e+03    4.98047e-01
    2.76386e+20         1.42816e+03    4.98047e-01
    2.76386e+20         1.32507e+03    4.98047e-01
    2.76386e+20         1.20531e+03    4.98047e-01
    2.76386e+20         1.13294e+03    4.98047e-01
    2.76386e+20         1.05103e+03    4.98047e-01
    2.76386e+20         9.55853e+02    4.98047e-01
    2.76386e+20         8.98317e+02    4.98047e-01
    2.76386e+20         8.33174e+02    4.98047e-01
    2.76386e+20         7.57447e+02    4.98047e-01
    2.76386e+20         7.11634e+02    4.98047e-01
    2.76386e+20         6.59732e+02    4.98047e-01
    2.76386e+20         5.99343e+02    4.98047e-01
    2.76386e+20         5.62757e+02    4.98047e-01
    2.76386e+20         5.21259e+02    4.98047e-01
    2.76386e+20         4.72892e+02    4.98047e-01
    2.76386e+20         4.43508e+02    4.98047e-01
    2.76386e+20         4.10101e+02    4.98047e-01
    2.76386e+20         3.71030e+02    4.98047e-01
    2.76386e+20         3.47164e+02    4.98047e-01
    2.76386e+20         3.19903e+02    4.98047e-01
    2.76386e+20         3.03851e+02    4.98047e-01
    2.76386e+20         2.86058e+02    4.98047e-01
    2.76386e+20         2.65982e+02    4.98047e-01
    2.76386e+20         2.42762e+02    4.98047e-01
    2.76386e+20         2.28825e+02    4.98047e-01
    2.76386e+20         2.13138e+02    4.98047e-01
    2.76386e+20         1.95057e+02    4.98047e-01
    2.76386e+20         1.84262e+02    4.98047e-01
    2.76386e+20         1.72166e+02    4.98047e-01
    2.76386e+20         1.58311e+02    4.98047e-01
    2.76386e+20         1.50118e+02    4.98047e-01
    2.76386e+20         1.41006e+02    4.98047e-01
    2.76386e+20         1.30678e+02    4.98047e-01
    2.76386e+20         1.18653e+02    4.98047e-01
    2.76386e+20         1.11360e+02    4.98047e-01
    2.76386e+20         1.03081e+02    4.98047e-01
    2.76386e+20         9.34180e+01    4.98047e-01
    2.76386e+20         8.75355e+01    4.98047e-01
    2.76386e+20         8.08358e+01    4.98047e-01
    2.76386e+20         7.29795e+01    4.98047e-01
    2.76386e+20         6.81601e+01    4.98047e-01
    2.76386e+20         6.26351e+01    4.98047e-01
    2.76386e+20         5.93637e+01    4.98047e-01
    2.76386e+20         5.57218e+01    4.98047e-01
    2.76386e+20         5.15884e+01    4.98047e-01
    2.76386e+20         4.67660e+01    4.98047e-01
    2.76386e+20         4.38319e+01    4.98047e-01
    2.76386e+20         4.04919e+01    4.98047e-01
    2.76386e+20         3.65781e+01    4.98047e-01
    2.76386e+20         3.41800e+01    4.98047e-01
    2.76386e+20         3.14336e+01    4.98047e-01
    2.76386e+20         2.98100e+01    4.98047e-01
    2.76386e+20         2.80047e+01    4.98047e-01
    2.76386e+20         2.59591e+01    4.98047e-01
    2.76386e+20         2.35785e+01    4.98047e-01
    2.76386e+20         2.21357e+01    4.98047e-01
    2.76386e+20         2.04987e+01    4.98047e-01
    2.76386e+20         1.85897e+01    4.98047e-01
    2.76386e+20         1.74291e+01    4.98047e-01
    2.76386e+20         1.61089e+01    4.98047e-01
    2.76386e+20         1.45633e+01    4.98047e-01
    2.76386e+20         1.36178e+01    4.98047e-01
    2.76386e+20         1.25365e+01    4.98047e-01
    2.76386e+20         1.18985e+01    4.98047e-01
    2.76386e+20         1.11903e+01    4.98047e-01
    2.76386e+20         1.03896e+01    4.98047e-01
    2.76386e+20         9.46068e+00    4.98047e-01
    2.76386e+20         8.90056e+00    4.98047e-01
    2.76386e+20         8.26773e+00    4.98047e-01
    2.76386e+20         7.53431e+00    4.98047e-01
    2.76386e+20         7.09273e+00    4.98047e-01
    2.76386e+20         6.59445e+00    4.98047e-01
    2.76386e+20         6.01804e+00    4.98047e-01
    2.76386e+20         5.67198e+00    4.98047e-01
    2.76386e+20         5.28240e+00    4.98047e-01
    2.76386e+20         4.83324e+00    4.98047e-01
    2.76386e+20         4.56498e+00    4.98047e-01
    2.76386e+20         4.26426e+00    4.98047e-01
    2.76386e+20         3.91963e+00    4.98047e-01
    2.76386e+20         3.71569e+00    4.98047e-01
    2.76386e+20         3.48874e+00    4.98047e-01
    2.76386e+20         3.23131e+00    4.98047e-01
    2.76386e+20         2.93122e+00    4.98047e-01
    2.76386e+20         2.74888e+00    4.98047e-01
    2.76386e+20         2.54155e+00    4.98047e-01
    2.76386e+20         2.29901e+00    4.98047e-01
    2.76386e+20         2.15081e+00    4.98047e-01
    2.76386e+20         1.98148e+00    4.98047e-01
    2.76386e+20         1.88172e+00    4.98047e-01
    2.76386e+20         1.77111e+00    4.98047e-01
    2.76386e+20         1.64625e+00    4.98047e-01
    2.76386e+20         1.50173e+00    4.98047e-01
    2.76386e+20         1.41489e+00    4.98047e-01
    2.76386e+20         1.31707e+00    4.98047e-01
    2.76386e+20         1.20418e+00    4.98047e-01
    2.76386e+20         1.13665e+00    4.98047e-01
    2.76386e+20         1.06087e+00    4.98047e-01
    2.76386e+20         9.73864e-01    4.98047e-01
    2.76386e+20         9.22243e-01    4.98047e-01
    2.76386e+20         8.64681e-01    4.98047e-01
    2.76386e+20         7.99201e-01    4.98047e-01
    2.76386e+20         7.22551e-01    4.98047e-01
    2.76386e+20         6.75663e-01    4.98047e-01
    2.76386e+20         6.22042e-01    4.98047e-01
    2.76386e+20         5.90411e-01    4.98047e-01
    2.76386e+20         5.55299e-01    4.98047e-01
    2.76386e+20         5.15606e-01    4.98047e-01
    2.76386e+20         4.69567e-01    4.98047e-01
    2.76386e+20         4.41812e-01    4.98047e-01
    2.76386e+20         4.10460e-01    4.98047e-01
    2.76386e+20         3.74136e-01    4.98047e-01
    2.76386e+20         3.52276e-01    4.98047e-01
    2.76386e+20         3.27620e-01    4.98047e-01
    2.76386e+20         2.99112e-01    4.98047e-01
    2.76386e+20         2.82011e-01    4.98047e-01
    2.76386e+20         2.62774e-01    4.98047e-01
    2.76386e+20         2.40617e-01    4.98047e-01
    2.76386e+20         2.27404e-01    4.98047e-01
    2.76386e+20         2.12612e-01    4.98047e-01
    2.76386e+20         1.95689e-01    4.98047e-01
    2.76386e+20         1.85701e-01    4.98047e-01
    2.76386e+20         1.74610e-01    4.98047e-01
    2.76386e+20         1.62064e-01    4.98047e-01
    2.76386e+20         1.47502e-01    4.98047e-01
    2.76386e+20         1.38712e-01    4.98047e-01
    2.76386e+20         1.28772e-01    4.98047e-01
    2.76386e+20         1.17240e-01    4.98047e-01
    2.76386e+20         1.10283e-01    4.98047e-01
    2.76386e+20         1.02421e-01    4.98047e-01
    2.76386e+20         9.33052e-02    4.98047e-01
    2.76386e+20         8.78135e-02    4.98047e-01
    2.76386e+20         8.16133e-02    4.98047e-01
    2.76386e+20         7.44353e-02    4.98047e-01
    2.76386e+20         7.01208e-02    4.98047e-01
    2.76386e+20         6.52589e-02    4.98047e-01
    2.76386e+20         5.96457e-02    4.98047e-01
    2.76386e+20         5.62859e-02    4.98047e-01
    2.76386e+20         5.25131e-02    4.98047e-01
    2.76386e+20         4.81787e-02    4.98047e-01
    2.76386e+20         4.56041e-02    4.98047e-01
    2.76386e+20         4.27304e-02    4.98047e-01
    2.76386e+20         3.94573e-02    4.98047e-01
    2.76386e+20         3.56187e-02    4.98047e-01
    2.76386e+20         3.32634e-02    4.98047e-01
    2.76386e+20         3.05627e-02    4.98047e-01
    2.76386e+20         2.89632e-02    4.98047e-01
    2.76386e+20         2.71821e-02    4.98047e-01
    2.76386e+20         2.51600e-02    4.98047e-01
    2.76386e+20         2.27998e-02    4.98047e-01
    2.76386e+20         2.13627e-02    4.98047e-01
    2.76386e+20         1.97257e-02    4.98047e-01
    2.76386e+20         1.78058e-02    4.98047e-01
    2.76386e+20         1.66277e-02    4.98047e-01
    2.76386e+20         1.52768e-02    4.98047e-01
    2.76386e+20         1.44765e-02    4.98047e-01
    2.76386e+20         1.35853e-02    4.98047e-01
    2.76386e+20         1.25734e-02    4.98047e-01
    2.76386e+20         1.13921e-02    4.98047e-01
    2.76386e+20         1.06726e-02    4.98047e-01
    2.76386e+20         9.85274e-03    4.98047e-01
    2.76386e+20         8.89082e-03    4.98047e-01
    2.76386e+20         8.30016e-03    4.98047e-01
    2.76386e+20         7.62244e-03    4.98047e-01
    2.76386e+20         7.22064e-03    4.98047e-01
    2.76386e+20         6.77288e-03    4.98047e-01
    2.76386e+20         6.26396e-03    4.98047e-01
    2.76386e+20         5.66899e-03    4.98047e-01
    2.76386e+20         5.30579e-03    4.98047e-01
    2.76386e+20         4.89115e-03    4.98047e-01
    2.76386e+20         4.40324e-03    4.98047e-01
    2.76386e+20         4.10222e-03    4.98047e-01
    2.76386e+20         3.75541e-03    4.98047e-01
    2.76386e+20         3.54850e-03    4.98047e-01
    2.76386e+20         3.31675e-03    4.98047e-01
    2.76386e+20         3.05148e-03    4.98047e-01
    2.76386e+20         2.89479e-03    4.98047e-01
    2.76386e+20         2.72067e-03    4.98047e-01
    2.76386e+20         2.52356e-03    4.98047e-01
    2.76386e+20         2.29444e-03    4.98047e-01
    2.76386e+20         2.15587e-03    4.98047e-01
    2.76386e+20         1.99890e-03    4.98047e-01
    2.76386e+20         1.81632e-03    4.98047e-01
    2.76386e+20         1.70575e-03    4.98047e-01
    2.76386e+20         1.58039e-03    4.98047e-01
    2.76386e+20         1.43434e-03    4.98047e-01
    2.76386e+20         1.34569e-03    4.98047e-01
    2.76386e+20         1.24498e-03    4.98047e-01
    2.76386e+20         1.12731e-03    4.98047e-01
    2.76386e+20         1.05555e-03    4.98047e-01
    2.76386e+20         9.73702e-04    4.98047e-01
    2.76386e+20         8.77518e-04    4.98047e-01
    2.76386e+20         8.18306e-04    4.98047e-01
    2.76386e+20         7.50214e-04    4.98047e-01
    2.76386e+20         7.09708e-04    4.98047e-01
    2.76386e+20         6.64446e-04    4.98047e-01
    2.76386e+20         6.12807e-04    4.98047e-01
    2.76386e+20         5.52099e-04    4.98047e-01
    2.76386e+20         5.14703e-04    4.98047e-01
    2.76386e+20         4.71675e-04    4.98047e-01
    2.76386e+20         4.46056e-04    4.98047e-01
    2.76386e+20         4.17411e-04    4.98047e-01
    2.76386e+20         3.84699e-04    4.98047e-01
    2.76386e+20         3.65443e-04    4.98047e-01
    2.76386e+20         3.44105e-04    4.98047e-01
    2.76386e+20         3.20038e-04    4.98047e-01
    2.76386e+20         2.92215e-04    4.98047e-01
    2.76386e+20         2.75528e-04    4.98047e-01
    2.76386e+20         2.56759e-04    4.98047e-01
    2.76386e+20         2.35146e-04    4.98047e-01
    2.76386e+20         2.22261e-04    4.98047e-01
    2.76386e+20         2.07840e-04    4.98047e-01
    2.76386e+20         1.91347e-04    4.98047e-01
    2.76386e+20         1.81618e-04    4.98047e-01
    2.76386e+20         1.70819e-04    4.98047e-01
    2.76386e+20         1.58611e-04    4.98047e-01
    2.76386e+20         1.44451e-04    4.98047e-01
    2.76386e+20         1.35915e-04    4.98047e-01
    2.76386e+20         1.26274e-04    4.98047e-01
    2.76386e+20         1.15104e-04    4.98047e-01
    2.76386e+20         1.08382e-04    4.98047e-01
    2.76386e+20         1.00801e-04    4.98047e-01
    2.76386e+20         9.20364e-05    4.98047e-01
    2.76386e+20         8.67798e-05    4.98047e-01
    2.76386e+20         8.08670e-05    4.98047e-01
    2.76386e+20         7.40581e-05    4.98047e-01
    2.76386e+20         6.99988e-05    4.98047e-01
    2.76386e+20         6.54551e-05    4.98047e-01
    2.76386e+20         6.02586e-05    4.98047e-01
    2.76386e+20         5.71929e-05    4.98047e-01
    2.76386e+20         5.37898e-05    4.98047e-01
    2.76386e+20         4.99424e-05    4.98047e-01
    2.76386e+20         4.54794e-05    4.98047e-01
    2.76386e+20         4.27885e-05    4.98047e-01
    2.76386e+20         3.97484e-05    4.98047e-01
    2.76386e+20         3.62256e-05    4.98047e-01
    2.76386e+20         3.41049e-05    4.98047e-01
    2.76386e+20         3.17123e-05    4.98047e-01
    2.76386e+20         2.89450e-05    4.98047e-01
    2.76386e+20         2.72842e-05    4.98047e-01
    2.76386e+20         2.54150e-05    4.98047e-01


