              t                   M              a
    1.23833e-21         1.00000e+17    8.00000e-01
    2.47665e-21         9.77694e+16    7.74397e-01
    3.71498e-21         9.56172e+16    7.51622e-01
    4.95331e-21         9.34962e+16    7.31129e-01
    6.19164e-21         9.13553e+16    7.12250e-01
    7.42996e-21         8.91797e+16    6.94790e-01
    8.66829e-21         8.69417e+16    6.78501e-01
    9.90662e-21         8.46278e+16    6.63263e-01
    1.11449e-20         8.22051e+16    6.48910e-01
    1.23833e-20         7.96568e+16    6.35399e-01
    1.36216e-20         7.69640e+16    6.22382e-01
    1.48599e-20         7.40996e+16    6.09765e-01
    1.60983e-20         7.10302e+16    5.97535e-01
    1.73366e-20         6.76905e+16    5.85722e-01
    1.85749e-20         6.40118e+16    5.74321e-01
    1.98132e-20         5.98981e+16    5.63290e-01
    2.10516e-20         5.52079e+16    5.52130e-01
    2.22899e-20         4.96977e+16    5.40654e-01
    2.29091e-20         4.63049e+16    5.34664e-01
    2.35282e-20         4.23992e+16    5.28424e-01
    2.38378e-20         4.00683e+16    5.25125e-01
    2.41474e-20         3.74578e+16    5.21678e-01
    2.44570e-20         3.44696e+16    5.18053e-01
    2.46118e-20         3.27045e+16    5.16121e-01
    2.47665e-20         3.07435e+16    5.14102e-01
    2.49213e-20         2.85239e+16    5.11973e-01
    2.50761e-20         2.59450e+16    5.09704e-01
    2.51535e-20         2.43862e+16    5.08474e-01
    2.52309e-20         2.26215e+16    5.07173e-01
    2.53083e-20         2.05705e+16    5.05778e-01
    2.53470e-20         1.93302e+16    5.05019e-01
    2.53857e-20         1.79256e+16    5.04213e-01
    2.54244e-20         1.62921e+16    5.03347e-01
    2.54438e-20         1.53033e+16    5.02874e-01
    2.54631e-20         1.41826e+16    5.02371e-01
    2.54825e-20         1.28777e+16    5.01829e-01
    2.54921e-20         1.20863e+16    5.01531e-01
    2.55018e-20         1.11878e+16    5.01215e-01
    2.55115e-20         1.01393e+16    5.00872e-01
    2.55163e-20         9.50092e+15    5.00684e-01
    2.55212e-20         8.77392e+15    5.00483e-01
    2.55260e-20         7.92143e+15    5.00266e-01
    2.55284e-20         7.39851e+15    5.00145e-01
    2.55308e-20         6.79904e+15    5.00016e-01
    2.55320e-20         6.44413e+15    4.99946e-01
    2.55332e-20         6.04903e+15    4.99871e-01
    2.55345e-20         5.60064e+15    4.99791e-01
    2.55357e-20         5.07757e+15    4.99702e-01
    2.55363e-20         4.75937e+15    4.99652e-01
    2.55369e-20         4.39720e+15    4.99598e-01
    2.55375e-20         3.97291e+15    4.99538e-01
    2.55378e-20         3.71304e+15    4.99504e-01
    2.55381e-20         3.41551e+15    4.99467e-01
    2.55382e-20         3.23969e+15    4.99447e-01
    2.55384e-20         3.04428e+15    4.99425e-01
    2.55385e-20         2.82298e+15    4.99401e-01
    2.55387e-20         2.56561e+15    4.99375e-01
    2.55388e-20         2.40982e+15    4.99361e-01
    2.55388e-20         2.23323e+15    4.99345e-01
    2.55389e-20         2.02761e+15    4.99328e-01
    2.55390e-20         1.90288e+15    4.99318e-01
    2.55390e-20         1.76128e+15    4.99307e-01
    2.55390e-20         1.59599e+15    4.99296e-01
    2.55390e-20         1.49534e+15    4.99289e-01
    2.55391e-20         1.38068e+15    4.99282e-01
    2.55391e-20         1.24619e+15    4.99274e-01
    2.55391e-20         1.16365e+15    4.99270e-01
    2.55391e-20         1.06898e+15    4.99265e-01
    2.55391e-20         1.01289e+15    4.99262e-01
    2.55391e-20         9.50414e+14    4.99259e-01
    2.55391e-20         8.79457e+14    4.99256e-01
    2.55391e-20         7.96589e+14    4.99252e-01
    2.55391e-20         7.46086e+14    4.99250e-01
    2.55391e-20         6.88514e+14    4.99248e-01
    2.55391e-20         6.20911e+14    4.99246e-01
    2.55391e-20         5.79349e+14    4.99245e-01
    2.55391e-20         5.31609e+14    4.99243e-01
    2.55391e-20         5.03259e+14    4.99242e-01
    2.55391e-20         4.71626e+14    4.99242e-01
    2.55391e-20         4.35607e+14    4.99241e-01
    2.55391e-20         3.93385e+14    4.99240e-01
    2.55391e-20         3.67499e+14    4.99239e-01
    2.55391e-20         3.37838e+14    4.99238e-01
    2.55391e-20         3.20289e+14    4.99238e-01
    2.55391e-20         3.00764e+14    4.99238e-01
    2.55391e-20         2.78622e+14    4.99237e-01
    2.55391e-20         2.52821e+14    4.99237e-01
    2.55391e-20         2.37153e+14    4.99237e-01
    2.55391e-20         2.19346e+14    4.99236e-01
    2.55391e-20         1.98531e+14    4.99236e-01
    2.55391e-20         1.85826e+14    4.99236e-01
    2.55391e-20         1.71325e+14    4.99236e-01
    2.55391e-20         1.54266e+14    4.99235e-01
    2.55391e-20         1.43745e+14    4.99235e-01
    2.55391e-20         1.31628e+14    4.99235e-01
    2.55391e-20         1.24403e+14    4.99235e-01
    2.55391e-20         1.16314e+14    4.99235e-01
    2.55391e-20         1.07061e+14    4.99235e-01
    2.55391e-20         1.01600e+14    4.99235e-01
    2.55391e-20         9.55368e+13    4.99235e-01
    2.55391e-20         8.86791e+13    4.99235e-01
    2.55391e-20         8.07197e+13    4.99235e-01
    2.55391e-20         7.59165e+13    4.99235e-01
    2.55391e-20         7.04863e+13    4.99235e-01
    2.55391e-20         6.41872e+13    4.99235e-01
    2.55391e-20         6.03891e+13    4.99235e-01
    2.55391e-20         5.60983e+13    4.99235e-01
    2.55391e-20         5.11259e+13    4.99235e-01
    2.55391e-20         4.81326e+13    4.99234e-01
    2.55391e-20         4.47555e+13    4.99234e-01
    2.55391e-20         4.08495e+13    4.99234e-01
    2.55391e-20         3.85051e+13    4.99234e-01
    2.55391e-20         3.58665e+13    4.99234e-01
    2.55391e-20         3.28255e+13    4.99234e-01
    2.55391e-20         3.10102e+13    4.99234e-01
    2.55391e-20         2.89762e+13    4.99234e-01
    2.55391e-20         2.66465e+13    4.99234e-01
    2.55391e-20         2.52692e+13    4.99234e-01
    2.55391e-20         2.37375e+13    4.99234e-01
    2.55391e-20         2.20018e+13    4.99234e-01
    2.55391e-20         1.99815e+13    4.99234e-01
    2.55391e-20         1.87567e+13    4.99234e-01
    2.55391e-20         1.73668e+13    4.99234e-01
    2.55391e-20         1.57455e+13    4.99234e-01
    2.55391e-20         1.47593e+13    4.99234e-01
    2.55391e-20         1.36369e+13    4.99234e-01
    2.55391e-20         1.23221e+13    4.99234e-01
    2.55391e-20         1.15169e+13    4.99234e-01
    2.55391e-20         1.05953e+13    4.99234e-01
    2.55391e-20         1.00508e+13    4.99234e-01
    2.55391e-20         9.44568e+12    4.99234e-01
    2.55391e-20         8.76058e+12    4.99234e-01
    2.55391e-20         7.96414e+12    4.99234e-01
    2.55391e-20         7.48229e+12    4.99234e-01
    2.55391e-20         6.93638e+12    4.99234e-01
    2.55391e-20         6.30116e+12    4.99234e-01
    2.55391e-20         5.91628e+12    4.99234e-01
    2.55391e-20         5.47971e+12    4.99234e-01
    2.55391e-20         4.97079e+12    4.99234e-01
    2.55391e-20         4.66156e+12    4.99234e-01
    2.55391e-20         4.30995e+12    4.99234e-01
    2.55391e-20         3.89862e+12    4.99234e-01
    2.55391e-20         3.64727e+12    4.99234e-01
    2.55391e-20         3.36009e+12    4.99234e-01
    2.55391e-20         3.19090e+12    4.99234e-01
    2.55391e-20         3.00330e+12    4.99234e-01
    2.55391e-20         2.79152e+12    4.99234e-01
    2.55391e-20         2.54640e+12    4.99234e-01
    2.55391e-20         2.39910e+12    4.99234e-01
    2.55391e-20         2.23316e+12    4.99234e-01
    2.55391e-20         2.04165e+12    4.99234e-01
    2.55391e-20         1.92709e+12    4.99234e-01
    2.55391e-20         1.79850e+12    4.99234e-01
    2.55391e-20         1.65086e+12    4.99234e-01
    2.55391e-20         1.56325e+12    4.99234e-01
    2.55391e-20         1.46554e+12    4.99234e-01
    2.55391e-20         1.35438e+12    4.99234e-01
    2.55391e-20         1.22421e+12    4.99234e-01
    2.55391e-20         1.14455e+12    4.99234e-01
    2.55391e-20         1.05342e+12    4.99234e-01
    2.55391e-20         9.99624e+11    4.99234e-01
    2.55391e-20         9.39886e+11    4.99234e-01
    2.55391e-20         8.72314e+11    4.99234e-01
    2.55391e-20         7.93867e+11    4.99234e-01
    2.55391e-20         7.46509e+11    4.99234e-01
    2.55391e-20         6.92952e+11    4.99234e-01
    2.55391e-20         6.30796e+11    4.99234e-01
    2.55391e-20         5.93291e+11    4.99234e-01
    2.55391e-20         5.50895e+11    4.99234e-01
    2.55391e-20         5.01723e+11    4.99234e-01
    2.55391e-20         4.72081e+11    4.99234e-01
    2.55391e-20         4.38600e+11    4.99234e-01
    2.55391e-20         3.99813e+11    4.99234e-01
    2.55391e-20         3.76474e+11    4.99234e-01
    2.55391e-20         3.50151e+11    4.99234e-01
    2.55391e-20         3.19722e+11    4.99234e-01
    2.55391e-20         3.01474e+11    4.99234e-01
    2.55391e-20         2.80949e+11    4.99234e-01
    2.55391e-20         2.57316e+11    4.99234e-01
    2.55391e-20         2.43230e+11    4.99234e-01
    2.55391e-20         2.27464e+11    4.99234e-01
    2.55391e-20         2.09438e+11    4.99234e-01
    2.55391e-20         1.98806e+11    4.99234e-01
    2.55391e-20         1.87007e+11    4.99234e-01
    2.55391e-20         1.73672e+11    4.99234e-01
    2.55391e-20         1.58211e+11    4.99234e-01
    2.55391e-20         1.48895e+11    4.99234e-01
    2.55391e-20         1.38377e+11    4.99234e-01
    2.55391e-20         1.26200e+11    4.99234e-01
    2.55391e-20         1.18880e+11    4.99234e-01
    2.55391e-20         1.10630e+11    4.99234e-01
    2.55391e-20         1.01104e+11    4.99234e-01
    2.55391e-20         9.54017e+10    4.99234e-01
    2.55391e-20         8.89969e+10    4.99234e-01
    2.55391e-20         8.16370e+10    4.99234e-01
    2.55391e-20         7.72637e+10    4.99234e-01
    2.55391e-20         7.23812e+10    4.99234e-01
    2.55391e-20         6.68179e+10    4.99234e-01
    2.55391e-20         6.02895e+10    4.99234e-01
    2.55391e-20         5.62801e+10    4.99234e-01
    2.55391e-20         5.16791e+10    4.99234e-01
    2.55391e-20         4.89508e+10    4.99234e-01
    2.55391e-20         4.59098e+10    4.99234e-01
    2.55391e-20         4.24527e+10    4.99234e-01
    2.55391e-20         3.84095e+10    4.99234e-01
    2.55391e-20         3.59400e+10    4.99234e-01
    2.55391e-20         3.31193e+10    4.99234e-01
    2.55391e-20         3.14586e+10    4.99234e-01
    2.55391e-20         2.96178e+10    4.99234e-01
    2.55391e-20         2.75412e+10    4.99234e-01
    2.55391e-20         2.51396e+10    4.99234e-01
    2.55391e-20         2.36984e+10    4.99234e-01
    2.55391e-20         2.20765e+10    4.99234e-01
    2.55391e-20         2.02077e+10    4.99234e-01
    2.55391e-20         1.90924e+10    4.99234e-01
    2.55391e-20         1.78431e+10    4.99234e-01
    2.55391e-20         1.64126e+10    4.99234e-01
    2.55391e-20         1.55673e+10    4.99234e-01
    2.55391e-20         1.46277e+10    4.99234e-01
    2.55391e-20         1.35634e+10    4.99234e-01
    2.55391e-20         1.23257e+10    4.99234e-01
    2.55391e-20         1.15763e+10    4.99234e-01
    2.55391e-20         1.07267e+10    4.99234e-01
    2.55391e-20         9.73714e+09    4.99234e-01
    2.55391e-20         9.13672e+09    4.99234e-01
    2.55391e-20         8.45479e+09    4.99234e-01
    2.55391e-20         7.65843e+09    4.99234e-01
    2.55391e-20         7.17313e+09    4.99234e-01
    2.55391e-20         6.61994e+09    4.99234e-01
    2.55391e-20         5.97043e+09    4.99234e-01
    2.55391e-20         5.57118e+09    4.99234e-01
    2.55391e-20         5.11265e+09    4.99234e-01
    2.55391e-20         4.84042e+09    4.99234e-01
    2.55391e-20         4.53671e+09    4.99234e-01
    2.55391e-20         4.19097e+09    4.99234e-01
    2.55391e-20         3.78583e+09    4.99234e-01
    2.55391e-20         3.53759e+09    4.99234e-01
    2.55391e-20         3.25328e+09    4.99234e-01
    2.55391e-20         3.08520e+09    4.99234e-01
    2.55391e-20         2.89830e+09    4.99234e-01
    2.55391e-20         2.68653e+09    4.99234e-01
    2.55391e-20         2.44004e+09    4.99234e-01
    2.55391e-20         2.29064e+09    4.99234e-01
    2.55391e-20         2.12112e+09    4.99234e-01
    2.55391e-20         1.92342e+09    4.99234e-01
    2.55391e-20         1.80321e+09    4.99234e-01
    2.55391e-20         1.66643e+09    4.99234e-01
    2.55391e-20         1.50627e+09    4.99234e-01
    2.55391e-20         1.40826e+09    4.99234e-01
    2.55391e-20         1.29614e+09    4.99234e-01
    2.55391e-20         1.22995e+09    4.99234e-01
    2.55391e-20         1.15645e+09    4.99234e-01
    2.55391e-20         1.07332e+09    4.99234e-01
    2.55391e-20         9.76803e+08    4.99234e-01
    2.55391e-20         9.18538e+08    4.99234e-01
    2.55391e-20         8.52647e+08    4.99234e-01
    2.55391e-20         7.76179e+08    4.99234e-01
    2.55391e-20         7.30040e+08    4.99234e-01
    2.55391e-20         6.77885e+08    4.99234e-01
    2.55391e-20         6.17396e+08    4.99234e-01
    2.55391e-20         5.80934e+08    4.99234e-01
    2.55391e-20         5.39753e+08    4.99234e-01
    2.55391e-20         4.92047e+08    4.99234e-01
    2.55391e-20         4.63344e+08    4.99234e-01
    2.55391e-20         4.30976e+08    4.99234e-01
    2.55391e-20         3.93563e+08    4.99234e-01
    2.55391e-20         3.71131e+08    4.99234e-01
    2.55391e-20         3.45905e+08    4.99234e-01
    2.55391e-20         3.16866e+08    4.99234e-01
    2.55391e-20         2.99563e+08    4.99234e-01
    2.55391e-20         2.80203e+08    4.99234e-01
    2.55391e-20         2.58076e+08    4.99234e-01
    2.55391e-20         2.45034e+08    4.99234e-01
    2.55391e-20         2.30567e+08    4.99234e-01
    2.55391e-20         2.14227e+08    4.99234e-01
    2.55391e-20         1.95299e+08    4.99234e-01
    2.55391e-20         1.83912e+08    4.99234e-01
    2.55391e-20         1.71072e+08    4.99234e-01
    2.55391e-20         1.56231e+08    4.99234e-01
    2.55391e-20         1.47334e+08    4.99234e-01
    2.55391e-20         1.37330e+08    4.99234e-01
    2.55391e-20         1.25816e+08    4.99234e-01
    2.55391e-20         1.18956e+08    4.99234e-01
    2.55391e-20         1.11283e+08    4.99234e-01
    2.55391e-20         1.02515e+08    4.99234e-01
    2.55391e-20         9.73494e+07    4.99234e-01
    2.55391e-20         9.16207e+07    4.99234e-01
    2.55391e-20         8.51533e+07    4.99234e-01
    2.55391e-20         7.76661e+07    4.99234e-01
    2.55391e-20         7.31660e+07    4.99234e-01
    2.55391e-20         6.80952e+07    4.99234e-01
    2.55391e-20         6.22412e+07    4.99234e-01
    2.55391e-20         5.87377e+07    4.99234e-01
    2.55391e-20         5.48037e+07    4.99234e-01
    2.55391e-20         5.02848e+07    4.99234e-01
    2.55391e-20         4.76009e+07    4.99234e-01
    2.55391e-20         4.46059e+07    4.99234e-01
    2.55391e-20         4.11952e+07    4.99234e-01
    2.55391e-20         3.71963e+07    4.99234e-01
    2.55391e-20         3.47439e+07    4.99234e-01
    2.55391e-20         3.19330e+07    4.99234e-01
    2.55391e-20         3.02692e+07    4.99234e-01
    2.55391e-20         2.84176e+07    4.99234e-01
    2.55391e-20         2.63167e+07    4.99234e-01
    2.55391e-20         2.38670e+07    4.99234e-01
    2.55391e-20         2.23779e+07    4.99234e-01
    2.55391e-20         2.06839e+07    4.99234e-01
    2.55391e-20         1.87011e+07    4.99234e-01
    2.55391e-20         1.74884e+07    4.99234e-01
    2.55391e-20         1.61016e+07    4.99234e-01
    2.55391e-20         1.52836e+07    4.99234e-01
    2.55391e-20         1.43757e+07    4.99234e-01
    2.55391e-20         1.33495e+07    4.99234e-01
    2.55391e-20         1.21595e+07    4.99234e-01
    2.55391e-20         1.14424e+07    4.99234e-01
    2.55391e-20         1.06325e+07    4.99234e-01
    2.55391e-20         9.69456e+06    4.99234e-01
    2.55391e-20         9.13045e+06    4.99234e-01
    2.55391e-20         8.49448e+06    4.99234e-01
    2.55391e-20         7.75972e+06    4.99234e-01
    2.55391e-20         7.31948e+06    4.99234e-01
    2.55391e-20         6.82467e+06    4.99234e-01
    2.55391e-20         6.25553e+06    4.99234e-01
    2.55391e-20         5.91681e+06    4.99234e-01
    2.55391e-20         5.53821e+06    4.99234e-01
    2.55391e-20         5.10607e+06    4.99234e-01
    2.55391e-20         4.59770e+06    4.99234e-01
    2.55391e-20         4.28419e+06    4.99234e-01
    2.55391e-20         3.92312e+06    4.99234e-01
    2.55391e-20         3.70782e+06    4.99234e-01
    2.55391e-20         3.46679e+06    4.99234e-01
    2.55391e-20         3.19109e+06    4.99234e-01
    2.55391e-20         3.02839e+06    4.99234e-01
    2.55391e-20         2.84773e+06    4.99234e-01
    2.55391e-20         2.64343e+06    4.99234e-01
    2.55391e-20         2.40633e+06    4.99234e-01
    2.55391e-20         2.26327e+06    4.99234e-01
    2.55391e-20         2.10154e+06    4.99234e-01
    2.55391e-20         1.91397e+06    4.99234e-01
    2.55391e-20         1.80091e+06    4.99234e-01
    2.55391e-20         1.67320e+06    4.99234e-01
    2.55391e-20         1.52525e+06    4.99234e-01
    2.55391e-20         1.43622e+06    4.99234e-01
    2.55391e-20         1.33582e+06    4.99234e-01
    2.55391e-20         1.21976e+06    4.99234e-01
    2.55391e-20         1.15016e+06    4.99234e-01
    2.55391e-20         1.07189e+06    4.99234e-01
    2.55391e-20         9.81760e+05    4.99234e-01
    2.55391e-20         9.28044e+05    4.99234e-01
    2.55391e-20         8.67929e+05    4.99234e-01
    2.55391e-20         7.99198e+05    4.99234e-01
    2.55391e-20         7.58667e+05    4.99234e-01
    2.55391e-20         7.13691e+05    4.99234e-01
    2.55391e-20         6.62866e+05    4.99234e-01
    2.55391e-20         6.03950e+05    4.99234e-01
    2.55391e-20         5.68464e+05    4.99234e-01
    2.55391e-20         5.28409e+05    4.99234e-01
    2.55391e-20         4.82051e+05    4.99234e-01
    2.55391e-20         4.54200e+05    4.99234e-01
    2.55391e-20         4.22829e+05    4.99234e-01
    2.55391e-20         3.86629e+05    4.99234e-01
    2.55391e-20         3.64982e+05    4.99234e-01
    2.55391e-20         3.40690e+05    4.99234e-01
    2.55391e-20         3.12811e+05    4.99234e-01
    2.55391e-20         2.96276e+05    4.99234e-01
    2.55391e-20         2.77844e+05    4.99234e-01
    2.55391e-20         2.56885e+05    4.99234e-01
    2.55391e-20         2.32366e+05    4.99234e-01
    2.55391e-20         2.17383e+05    4.99234e-01
    2.55391e-20         2.00264e+05    4.99234e-01
    2.55391e-20         1.90178e+05    4.99234e-01
    2.55391e-20         1.78994e+05    4.99234e-01
    2.55391e-20         1.66369e+05    4.99234e-01
    2.55391e-20         1.51756e+05    4.99234e-01
    2.55391e-20         1.42974e+05    4.99234e-01
    2.55391e-20         1.33080e+05    4.99234e-01
    2.55391e-20         1.21660e+05    4.99234e-01
    2.55391e-20         1.14828e+05    4.99234e-01
    2.55391e-20         1.07159e+05    4.99234e-01
    2.55391e-20         9.83523e+04    4.99234e-01
    2.55391e-20         9.31253e+04    4.99234e-01
    2.55391e-20         8.72951e+04    4.99234e-01
    2.55391e-20         8.06602e+04    4.99234e-01
    2.55391e-20         7.28887e+04    4.99234e-01
    2.55391e-20         6.81302e+04    4.99234e-01
    2.55391e-20         6.26838e+04    4.99234e-01
    2.55391e-20         5.94668e+04    4.99234e-01
    2.55391e-20         5.58923e+04    4.99234e-01
    2.55391e-20         5.18461e+04    4.99234e-01
    2.55391e-20         4.71436e+04    4.99234e-01
    2.55391e-20         4.42999e+04    4.99234e-01
    2.55391e-20         4.10794e+04    4.99234e-01
    2.55391e-20         3.73341e+04    4.99234e-01
    2.55391e-20         3.50669e+04    4.99234e-01
    2.55391e-20         3.24971e+04    4.99234e-01
    2.55391e-20         2.95047e+04    4.99234e-01
    2.55391e-20         2.76897e+04    4.99234e-01
    2.55391e-20         2.56289e+04    4.99234e-01
    2.55391e-20         2.32234e+04    4.99234e-01
    2.55391e-20         2.17585e+04    4.99234e-01
    2.55391e-20         2.00898e+04    4.99234e-01
    2.55391e-20         1.81324e+04    4.99234e-01
    2.55391e-20         1.69309e+04    4.99234e-01
    2.55391e-20         1.55529e+04    4.99234e-01
    2.55391e-20         1.47364e+04    4.99234e-01
    2.55391e-20         1.38269e+04    4.99234e-01
    2.55391e-20         1.27939e+04    4.99234e-01
    2.55391e-20         1.15872e+04    4.99234e-01
    2.55391e-20         1.08517e+04    4.99234e-01
    2.55391e-20         1.00131e+04    4.99234e-01
    2.55391e-20         9.02818e+03    4.99234e-01
    2.55391e-20         8.42239e+03    4.99234e-01
    2.55391e-20         7.72633e+03    4.99234e-01
    2.55391e-20         7.31276e+03    4.99234e-01
    2.55391e-20         6.85110e+03    4.99234e-01
    2.55391e-20         6.32512e+03    4.99234e-01
    2.55391e-20         5.70802e+03    4.99234e-01
    2.55391e-20         5.32915e+03    4.99234e-01
    2.55391e-20         4.89450e+03    4.99234e-01
    2.55391e-20         4.63686e+03    4.99234e-01
    2.55391e-20         4.34979e+03    4.99234e-01
    2.55391e-20         4.02359e+03    4.99234e-01
    2.55391e-20         3.64234e+03    4.99234e-01
    2.55391e-20         3.40973e+03    4.99234e-01
    2.55391e-20         3.14429e+03    4.99234e-01
    2.55391e-20         2.83215e+03    4.99234e-01
    2.55391e-20         2.63978e+03    4.99234e-01
    2.55391e-20         2.41835e+03    4.99234e-01
    2.55391e-20         2.28643e+03    4.99234e-01
    2.55391e-20         2.13885e+03    4.99234e-01
    2.55391e-20         1.97020e+03    4.99234e-01
    2.55391e-20         1.87082e+03    4.99234e-01
    2.55391e-20         1.76061e+03    4.99234e-01
    2.55391e-20         1.63616e+03    4.99234e-01
    2.55391e-20         1.49206e+03    4.99234e-01
    2.55391e-20         1.40543e+03    4.99234e-01
    2.55391e-20         1.30778e+03    4.99234e-01
    2.55391e-20         1.19500e+03    4.99234e-01
    2.55391e-20         1.12747e+03    4.99234e-01
    2.55391e-20         1.05160e+03    4.99234e-01
    2.55391e-20         9.64399e+02    4.99234e-01
    2.55391e-20         9.12554e+02    4.99234e-01
    2.55391e-20         8.54650e+02    4.99234e-01
    2.55391e-20         7.88635e+02    4.99234e-01
    2.55391e-20         7.11106e+02    4.99234e-01
    2.55391e-20         6.63427e+02    4.99234e-01
    2.55391e-20         6.08650e+02    4.99234e-01
    2.55391e-20         5.76109e+02    4.99234e-01
    2.55391e-20         5.39789e+02    4.99234e-01
    2.55391e-20         4.98416e+02    4.99234e-01
    2.55391e-20         4.49890e+02    4.99234e-01
    2.55391e-20         4.20110e+02    4.99234e-01
    2.55391e-20         3.85959e+02    4.99234e-01
    2.55391e-20         3.65728e+02    4.99234e-01
    2.55391e-20         3.43197e+02    4.99234e-01
    2.55391e-20         3.17611e+02    4.99234e-01
    2.55391e-20         2.87736e+02    4.99234e-01
    2.55391e-20         2.69535e+02    4.99234e-01
    2.55391e-20         2.48794e+02    4.99234e-01
    2.55391e-20         2.24450e+02    4.99234e-01
    2.55391e-20         2.09494e+02    4.99234e-01
    2.55391e-20         1.92327e+02    4.99234e-01
    2.55391e-20         1.82143e+02    4.99234e-01
    2.55391e-20         1.70788e+02    4.99234e-01
    2.55391e-20         1.57873e+02    4.99234e-01
    2.55391e-20         1.42758e+02    4.99234e-01
    2.55391e-20         1.33516e+02    4.99234e-01
    2.55391e-20         1.22950e+02    4.99234e-01
    2.55391e-20         1.16720e+02    4.99234e-01
    2.55391e-20         1.09807e+02    4.99234e-01
    2.55391e-20         1.01996e+02    4.99234e-01
    2.55391e-20         9.29432e+01    4.99234e-01
    2.55391e-20         8.74921e+01    4.99234e-01
    2.55391e-20         8.13406e+01    4.99234e-01
    2.55391e-20         7.42235e+01    4.99234e-01
    2.55391e-20         6.99497e+01    4.99234e-01
    2.55391e-20         6.51378e+01    4.99234e-01
    2.55391e-20         5.95887e+01    4.99234e-01
    2.55391e-20         5.62733e+01    4.99234e-01
    2.55391e-20         5.25558e+01    4.99234e-01
    2.55391e-20         4.82938e+01    4.99234e-01
    2.55391e-20         4.57700e+01    4.99234e-01
    2.55391e-20         4.29602e+01    4.99234e-01
    2.55391e-20         3.97709e+01    4.99234e-01
    2.55391e-20         3.60496e+01    4.99234e-01
    2.55391e-20         3.37849e+01    4.99234e-01
    2.55391e-20         3.12065e+01    4.99234e-01
    2.55391e-20         2.81844e+01    4.99234e-01
    2.55391e-20         2.63320e+01    4.99234e-01
    2.55391e-20         2.42097e+01    4.99234e-01
    2.55391e-20         2.29543e+01    4.99234e-01
    2.55391e-20         2.15579e+01    4.99234e-01
    2.55391e-20         1.99748e+01    4.99234e-01
    2.55391e-20         1.81307e+01    4.99234e-01
    2.55391e-20         1.70115e+01    4.99234e-01
    2.55391e-20         1.57403e+01    4.99234e-01
    2.55391e-20         1.42555e+01    4.99234e-01
    2.55391e-20         1.33503e+01    4.99234e-01
    2.55391e-20         1.23183e+01    4.99234e-01
    2.55391e-20         1.11061e+01    4.99234e-01
    2.55391e-20         1.03604e+01    4.99234e-01
    2.55391e-20         9.50361e+00    4.99234e-01
    2.55391e-20         8.99446e+00    4.99234e-01
    2.55391e-20         8.42604e+00    4.99234e-01
    2.55391e-20         7.77834e+00    4.99234e-01
    2.55391e-20         7.01828e+00    4.99234e-01
    2.55391e-20         6.55148e+00    4.99234e-01
    2.55391e-20         6.01580e+00    4.99234e-01
    2.55391e-20         5.69813e+00    4.99234e-01
    2.55391e-20         5.34405e+00    4.99234e-01
    2.55391e-20         4.94150e+00    4.99234e-01
    2.55391e-20         4.47070e+00    4.99234e-01
    2.55391e-20         4.18310e+00    4.99234e-01
    2.55391e-20         3.85461e+00    4.99234e-01
    2.55391e-20         3.66117e+00    4.99234e-01
    2.55391e-20         3.44675e+00    4.99234e-01
    2.55391e-20         3.20483e+00    4.99234e-01
    2.55391e-20         2.92500e+00    4.99234e-01
    2.55391e-20         2.75703e+00    4.99234e-01
    2.55391e-20         2.56798e+00    4.99234e-01
    2.55391e-20         2.35006e+00    4.99234e-01
    2.55391e-20         2.21996e+00    4.99234e-01
    2.55391e-20         2.07416e+00    4.99234e-01
    2.55391e-20         1.90715e+00    4.99234e-01
    2.55391e-20         1.80838e+00    4.99234e-01
    2.55391e-20         1.69852e+00    4.99234e-01
    2.55391e-20         1.57399e+00    4.99234e-01
    2.55391e-20         1.42898e+00    4.99234e-01
    2.55391e-20         1.34101e+00    4.99234e-01
    2.55391e-20         1.24112e+00    4.99234e-01
    2.55391e-20         1.12450e+00    4.99234e-01
    2.55391e-20         1.05348e+00    4.99234e-01
    2.55391e-20         9.72547e-01    4.99234e-01
    2.55391e-20         8.77590e-01    4.99234e-01
    2.55391e-20         8.19280e-01    4.99234e-01
    2.55391e-20         7.52376e-01    4.99234e-01
    2.55391e-20         7.12710e-01    4.99234e-01
    2.55391e-20         6.68505e-01    4.99234e-01
    2.55391e-20         6.18262e-01    4.99234e-01
    2.55391e-20         5.59520e-01    4.99234e-01
    2.55391e-20         5.23659e-01    4.99234e-01
    2.55391e-20         4.82717e-01    4.99234e-01
    2.55391e-20         4.34536e-01    4.99234e-01
    2.55391e-20         4.04808e-01    4.99234e-01
    2.55391e-20         3.70552e-01    4.99234e-01
    2.55391e-20         3.50111e-01    4.99234e-01
    2.55391e-20         3.27213e-01    4.99234e-01
    2.55391e-20         3.00999e-01    4.99234e-01
    2.55391e-20         2.85510e-01    4.99234e-01
    2.55391e-20         2.68294e-01    4.99234e-01
    2.55391e-20         2.48798e-01    4.99234e-01
    2.55391e-20         2.26126e-01    4.99234e-01
    2.55391e-20         2.12403e-01    4.99234e-01
    2.55391e-20         1.96850e-01    4.99234e-01
    2.55391e-20         1.78742e-01    4.99234e-01
    2.55391e-20         1.67761e-01    4.99234e-01
    2.55391e-20         1.55295e-01    4.99234e-01
    2.55391e-20         1.40747e-01    4.99234e-01
    2.55391e-20         1.31892e-01    4.99234e-01
    2.55391e-20         1.21808e-01    4.99234e-01
    2.55391e-20         1.09985e-01    4.99234e-01
    2.55391e-20         1.02734e-01    4.99234e-01
    2.55391e-20         9.44237e-02    4.99234e-01
    2.55391e-20         8.95049e-02    4.99234e-01
    2.55391e-20         8.40307e-02    4.99234e-01
    2.55391e-20         7.78199e-02    4.99234e-01
    2.55391e-20         7.05782e-02    4.99234e-01
    2.55391e-20         6.61763e-02    4.99234e-01
    2.55391e-20         6.11692e-02    4.99234e-01
    2.55391e-20         5.53088e-02    4.99234e-01
    2.55391e-20         5.17248e-02    4.99234e-01
    2.55391e-20         4.76268e-02    4.99234e-01
    2.55391e-20         4.52101e-02    4.99234e-01
    2.55391e-20         4.25281e-02    4.99234e-01
    2.55391e-20         3.94972e-02    4.99234e-01
    2.55391e-20         3.59832e-02    4.99234e-01
    2.55391e-20         3.38663e-02    4.99234e-01
    2.55391e-20         3.14765e-02    4.99234e-01
    2.55391e-20         2.87100e-02    4.99234e-01
    2.55391e-20         2.70473e-02    4.99234e-01
    2.55391e-20         2.51739e-02    4.99234e-01
    2.55391e-20         2.30114e-02    4.99234e-01
    2.55391e-20         2.17173e-02    4.99234e-01
    2.55391e-20         2.02645e-02    4.99234e-01
    2.55391e-20         1.85958e-02    4.99234e-01
    2.55391e-20         1.76050e-02    4.99234e-01
    2.55391e-20         1.64995e-02    4.99234e-01
    2.55391e-20         1.52410e-02    4.99234e-01
    2.55391e-20         1.37660e-02    4.99234e-01
    2.55391e-20         1.28621e-02    4.99234e-01
    2.55391e-20         1.18265e-02    4.99234e-01
    2.55391e-20         1.12141e-02    4.99234e-01
    2.55391e-20         1.05330e-02    4.99234e-01
    2.55391e-20         9.76096e-03    4.99234e-01
    2.55391e-20         8.86195e-03    4.99234e-01
    2.55391e-20         8.31662e-03    4.99234e-01
    2.55391e-20         7.69743e-03    4.99234e-01
    2.55391e-20         6.97461e-03    4.99234e-01
    2.55391e-20         6.53441e-03    4.99234e-01
    2.55391e-20         6.03290e-03    4.99234e-01
    2.55391e-20         5.44455e-03    4.99234e-01
    2.55391e-20         5.08335e-03    4.99234e-01
    2.55391e-20         4.66901e-03    4.99234e-01
    2.55391e-20         4.42344e-03    4.99234e-01
    2.55391e-20         4.14984e-03    4.99234e-01
    2.55391e-20         3.83898e-03    4.99234e-01
    2.55391e-20         3.47574e-03    4.99234e-01
    2.55391e-20         3.25417e-03    4.99234e-01
    2.55391e-20         3.00140e-03    4.99234e-01
    2.55391e-20         2.70427e-03    4.99234e-01
    2.55391e-20         2.52126e-03    4.99234e-01
    2.55391e-20         2.31072e-03    4.99234e-01
    2.55391e-20         2.18540e-03    4.99234e-01
    2.55391e-20         2.04528e-03    4.99234e-01
    2.55391e-20         1.88531e-03    4.99234e-01
    2.55391e-20         1.69705e-03    4.99234e-01
    2.55391e-20         1.58087e-03    4.99234e-01
    2.55391e-20         1.44699e-03    4.99234e-01
    2.55391e-20         1.36709e-03    4.99234e-01
    2.55391e-20         1.27758e-03    4.99234e-01
    2.55391e-20         1.17508e-03    4.99234e-01
    2.55391e-20         1.11450e-03    4.99234e-01
    2.55391e-20         1.04716e-03    4.99234e-01
    2.55391e-20         9.70876e-04    4.99234e-01
    2.55391e-20         8.82135e-04    4.99234e-01
    2.55391e-20         8.28389e-04    4.99234e-01
    2.55391e-20         7.67442e-04    4.99234e-01
    2.55391e-20         6.96430e-04    4.99234e-01
    2.55391e-20         6.53314e-04    4.99234e-01
    2.55391e-20         6.04320e-04    4.99234e-01
    2.55391e-20         5.47060e-04    4.99234e-01
    2.55391e-20         5.12122e-04    4.99234e-01
    2.55391e-20         4.72255e-04    4.99234e-01
    2.55391e-20         4.25373e-04    4.99234e-01
    2.55391e-20         3.96480e-04    4.99234e-01
    2.55391e-20         3.63223e-04    4.99234e-01
    2.55391e-20         3.43410e-04    4.99234e-01
    2.55391e-20         3.21244e-04    4.99234e-01
    2.55391e-20         2.95914e-04    4.99234e-01
    2.55391e-20         2.80989e-04    4.99234e-01
    2.55391e-20         2.64435e-04    4.99234e-01
    2.55391e-20         2.45744e-04    4.99234e-01
    2.55391e-20         2.24102e-04    4.99234e-01
    2.55391e-20         2.11090e-04    4.99234e-01
    2.55391e-20         1.96424e-04    4.99234e-01
    2.55391e-20         1.79486e-04    4.99234e-01
    2.55391e-20         1.69344e-04    4.99234e-01
    2.55391e-20         1.57950e-04    4.99234e-01
    2.55391e-20         1.44853e-04    4.99234e-01
    2.55391e-20         1.37066e-04    4.99234e-01
    2.55391e-20         1.28370e-04    4.99234e-01
    2.55391e-20         1.18456e-04    4.99234e-01
    2.55391e-20         1.06813e-04    4.99234e-01
    2.55391e-20         9.96535e-05    4.99234e-01
    2.55391e-20         9.14279e-05    4.99234e-01
    2.55391e-20         8.65418e-05    4.99234e-01
    2.55391e-20         8.10884e-05    4.99234e-01
    2.55391e-20         7.48768e-05    4.99234e-01
    2.55391e-20         6.75919e-05    4.99234e-01
    2.55391e-20         6.31219e-05    4.99234e-01
    2.55391e-20         5.79965e-05    4.99234e-01
    2.55391e-20         5.49608e-05    4.99234e-01
    2.55391e-20         5.15805e-05    4.99234e-01
    2.55391e-20         4.77427e-05    4.99234e-01
    2.55391e-20         4.32630e-05    4.99234e-01
    2.55391e-20         4.05353e-05    4.99234e-01
    2.55391e-20         3.74281e-05    4.99234e-01
    2.55391e-20         3.37836e-05    4.99234e-01
    2.55391e-20         3.15470e-05    4.99234e-01
    2.55391e-20         2.89821e-05    4.99234e-01
    2.55391e-20         2.74625e-05    4.99234e-01
    2.55391e-20         2.57702e-05    4.99234e-01


