              t                   M              a
    1.23833e-21         1.00000e+17    8.00000e-01
    2.47665e-21         1.00000e+17    8.00000e-01
    4.95331e-21         1.00000e+17    8.00000e-01
    9.90662e-21         1.00000e+17    8.00000e-01
    1.98132e-20         1.00000e+17    8.00000e-01
    3.96265e-20         1.00000e+17    8.00000e-01
    7.92530e-20         1.00000e+17    8.00000e-01
    1.58506e-19         1.00000e+17    8.00000e-01
    3.17012e-19         1.00000e+17    8.00000e-01
    6.34024e-19         1.00000e+17    8.00000e-01
    1.26805e-18         1.00000e+17    8.00000e-01
    2.53609e-18         1.00000e+17    8.00000e-01
    5.07219e-18         1.00000e+17    8.00000e-01
    1.01444e-17         1.00000e+17    8.00000e-01
    2.02888e-17         1.00000e+17    8.00000e-01
    4.05775e-17         1.00000e+17    8.00000e-01
    8.11550e-17         1.00000e+17    8.00000e-01
    1.62310e-16         1.00000e+17    8.00000e-01
    3.24620e-16         1.00000e+17    8.00000e-01
    6.49240e-16         1.00000e+17    8.00000e-01
    1.29848e-15         1.00000e+17    8.00000e-01
    2.59696e-15         1.00000e+17    8.00000e-01
    5.19392e-15         1.00000e+17    8.00000e-01
    1.03878e-14         1.00000e+17    8.00000e-01
    2.07757e-14         1.00000e+17    8.00000e-01
    4.15514e-14         1.00000e+17    8.00000e-01
    8.31027e-14         1.00000e+17    8.00000e-01
    1.66205e-13         1.00000e+17    8.00000e-01
    3.32411e-13         1.00000e+17    8.00000e-01
    6.64822e-13         1.00000e+17    8.00000e-01
    1.32964e-12         1.00000e+17    8.00000e-01
    2.65929e-12         1.00000e+17    8.00000e-01
    5.31858e-12         1.00000e+17    8.00000e-01
    1.06372e-11         1.00000e+17    8.00000e-01
    2.12743e-11         1.00000e+17    8.00000e-01
    4.25486e-11         1.00000e+17    8.00000e-01
    8.50972e-11         1.00000e+17    8.00000e-01
    1.70194e-10         1.00000e+17    8.00000e-01
    3.40389e-10         1.00000e+17    8.00000e-01
    6.80778e-10         1.00000e+17    8.00000e-01
    1.36156e-09         1.00000e+17    8.00000e-01
    2.72311e-09         1.00000e+17    8.00000e-01
    5.44622e-09         1.00000e+17    8.00000e-01
    1.08924e-08         1.00000e+17    8.00000e-01
    2.17849e-08         1.00000e+17    8.00000e-01
    4.35698e-08         1.00000e+17    8.00000e-01
    8.71395e-08         1.00000e+17    8.00000e-01
    1.74279e-07         1.00000e+17    8.00000e-01
    3.48558e-07         1.00000e+17    8.00000e-01
    6.97116e-07         1.00000e+17    8.00000e-01
    1.39423e-06         1.00000e+17    8.00000e-01
    2.78847e-06         1.00000e+17    8.00000e-01
    5.57693e-06         1.00000e+17    8.00000e-01
    1.11539e-05         1.00000e+17    8.00000e-01
    2.23077e-05         1.00000e+17    8.00000e-01
    4.46154e-05         1.00000e+17    8.00000e-01
    8.92309e-05         1.00000e+17    8.00000e-01
    1.78462e-04         1.00000e+17    8.00000e-01
    3.56924e-04         1.00000e+17    8.00000e-01
    7.13847e-04         1.00000e+17    8.00000e-01
    1.42769e-03         1.00000e+17    8.00000e-01
    2.85539e-03         1.00000e+17    8.00000e-01
    5.71078e-03         1.00000e+17    8.00000e-01
    1.14216e-02         1.00000e+17    8.00000e-01
    2.28431e-02         1.00000e+17    8.00000e-01
    4.56862e-02         1.00000e+17    8.00000e-01
    9.13724e-02         1.00000e+17    8.00000e-01
    1.82745e-01         1.00000e+17    8.00000e-01
    3.65490e-01         1.00000e+17    8.00000e-01
    7.30979e-01         1.00000e+17    8.00000e-01
    1.46196e+00         1.00000e+17    8.00000e-01
    2.92392e+00         1.00000e+17    8.00000e-01
    5.84784e+00         1.00000e+17    8.00000e-01
    1.16957e+01         1.00000e+17    8.00000e-01
    2.33913e+01         1.00000e+17    8.00000e-01
    4.67827e+01         1.00000e+17    8.00000e-01
    9.35654e+01         1.00000e+17    8.00000e-01
    1.87131e+02         1.00000e+17    8.00000e-01
    3.74261e+02         1.00000e+17    8.00000e-01
    7.48523e+02         1.00000e+17    8.00000e-01
    1.49705e+03         1.00000e+17    8.00000e-01
    2.99409e+03         1.00000e+17    8.00000e-01
    5.98818e+03         1.00000e+17    8.00000e-01
    1.19764e+04         1.00000e+17    8.00000e-01
    2.39527e+04         1.00000e+17    8.00000e-01
    4.79055e+04         1.00000e+17    8.00000e-01
    9.58109e+04         1.00000e+17    8.00000e-01
    1.91622e+05         1.00000e+17    8.00000e-01
    3.83244e+05         1.00000e+17    8.00000e-01
    7.66488e+05         1.00000e+17    8.00000e-01
    1.53298e+06         1.00000e+17    8.00000e-01
    3.06595e+06         1.00000e+17    8.00000e-01
    6.13190e+06         1.00000e+17    8.00000e-01
    1.22638e+07         1.00000e+17    8.00000e-01
    2.45276e+07         1.00000e+17    8.00000e-01
    4.90552e+07         1.00000e+17    8.00000e-01
    9.81104e+07         1.00000e+17    8.00000e-01
    1.96221e+08         1.00000e+17    8.00000e-01
    3.92442e+08         1.00000e+17    8.00000e-01
    7.84883e+08         1.00000e+17    8.00000e-01
    1.56977e+09         1.00000e+17    8.00000e-01
    3.13953e+09         1.00000e+17    8.00000e-01
    6.27907e+09         1.00000e+17    8.00000e-01
    1.25581e+10         1.00000e+17    8.00000e-01
    2.51163e+10         1.00000e+17    7.99999e-01
    5.02325e+10         9.99999e+16    7.99999e-01
    1.00465e+11         9.99998e+16    7.99998e-01
    2.00930e+11         9.99997e+16    7.99996e-01
    4.01860e+11         9.99993e+16    7.99991e-01
    8.03720e+11         9.99986e+16    7.99983e-01
    1.60744e+12         9.99972e+16    7.99965e-01
    3.21488e+12         9.99944e+16    7.99931e-01
    6.42976e+12         9.99889e+16    7.99861e-01
    1.28595e+13         9.99777e+16    7.99722e-01
    2.57191e+13         9.99555e+16    7.99445e-01
    5.14381e+13         9.99109e+16    7.98890e-01
    1.02876e+14         9.98221e+16    7.97784e-01
    2.05752e+14         9.96449e+16    7.95583e-01
    4.11505e+14         9.92927e+16    7.91227e-01
    8.23010e+14         9.85971e+16    7.82698e-01
    1.23451e+15         9.79098e+16    7.74434e-01
    1.64602e+15         9.72288e+16    7.66449e-01
    2.05752e+15         9.65540e+16    7.58734e-01
    2.88053e+15         9.52160e+16    7.43834e-01
    3.70354e+15         9.38816e+16    7.29821e-01
    4.52655e+15         9.25451e+16    7.16550e-01
    5.34956e+15         9.12070e+16    7.03923e-01
    6.17257e+15         8.98483e+16    6.91904e-01
    6.99558e+15         8.84664e+16    6.80471e-01
    7.81859e+15         8.70576e+16    6.69588e-01
    8.64160e+15         8.56116e+16    6.59137e-01
    9.46461e+15         8.41242e+16    6.49114e-01
    1.02876e+16         8.25913e+16    6.39506e-01
    1.11106e+16         8.10083e+16    6.30199e-01
    1.19336e+16         7.93694e+16    6.21133e-01
    1.27567e+16         7.76680e+16    6.12309e-01
    1.35797e+16         7.58960e+16    6.03740e-01
    1.44027e+16         7.40390e+16    5.95435e-01
    1.52257e+16         7.20815e+16    5.87412e-01
    1.60487e+16         7.00107e+16    5.79649e-01
    1.68717e+16         6.78088e+16    5.72159e-01
    1.76947e+16         6.54604e+16    5.64827e-01
    1.85177e+16         6.29355e+16    5.57583e-01
    1.93407e+16         6.01977e+16    5.50432e-01
    2.01637e+16         5.71990e+16    5.43353e-01
    2.09867e+16         5.38687e+16    5.36369e-01
    2.18098e+16         5.01100e+16    5.29361e-01
    2.26328e+16         4.57482e+16    5.22360e-01
    2.30443e+16         4.31193e+16    5.18882e-01
    2.34558e+16         4.01526e+16    5.15401e-01
    2.38673e+16         3.67257e+16    5.11833e-01
    2.40730e+16         3.46724e+16    5.10039e-01
    2.42788e+16         3.23658e+16    5.08229e-01
    2.44845e+16         2.97157e+16    5.06384e-01
    2.45874e+16         2.81420e+16    5.05442e-01
    2.46903e+16         2.63861e+16    5.04487e-01
    2.47932e+16         2.43875e+16    5.03517e-01
    2.48960e+16         2.20463e+16    5.02529e-01
    2.49475e+16         2.06131e+16    5.02016e-01
    2.49989e+16         1.89731e+16    5.01493e-01
    2.50246e+16         1.80049e+16    5.01225e-01
    2.50504e+16         1.69296e+16    5.00950e-01
    2.50761e+16         1.57131e+16    5.00668e-01
    2.51018e+16         1.43008e+16    5.00378e-01
    2.51147e+16         1.34482e+16    5.00229e-01
    2.51275e+16         1.24839e+16    5.00076e-01
    2.51404e+16         1.13647e+16    4.99917e-01
    2.51468e+16         1.06895e+16    4.99832e-01
    2.51532e+16         9.92621e+15    4.99745e-01
    2.51597e+16         9.04097e+15    4.99652e-01
    2.51629e+16         8.50741e+15    4.99603e-01
    2.51661e+16         7.90480e+15    4.99551e-01
    2.51693e+16         7.20680e+15    4.99496e-01
    2.51709e+16         6.78691e+15    4.99466e-01
    2.51725e+16         6.31346e+15    4.99435e-01
    2.51741e+16         5.76632e+15    4.99402e-01
    2.51749e+16         5.43836e+15    4.99384e-01
    2.51757e+16         5.06966e+15    4.99364e-01
    2.51765e+16         4.64538e+15    4.99344e-01
    2.51769e+16         4.39272e+15    4.99333e-01
    2.51773e+16         4.11015e+15    4.99321e-01
    2.51777e+16         3.78739e+15    4.99309e-01
    2.51779e+16         3.59734e+15    4.99302e-01
    2.51782e+16         3.38667e+15    4.99294e-01
    2.51784e+16         3.14898e+15    4.99287e-01
    2.51786e+16         2.87404e+15    4.99278e-01
    2.51787e+16         2.70902e+15    4.99274e-01
    2.51788e+16         2.52327e+15    4.99269e-01
    2.51789e+16         2.30918e+15    4.99264e-01
    2.51789e+16         2.18136e+15    4.99261e-01
    2.51790e+16         2.03812e+15    4.99258e-01
    2.51790e+16         1.87405e+15    4.99255e-01
    2.51790e+16         1.77702e+15    4.99253e-01
    2.51791e+16         1.66910e+15    4.99251e-01
    2.51791e+16         1.54677e+15    4.99249e-01
    2.51791e+16         1.40433e+15    4.99247e-01
    2.51791e+16         1.31794e+15    4.99245e-01
    2.51791e+16         1.21984e+15    4.99244e-01
    2.51791e+16         1.10533e+15    4.99243e-01
    2.51791e+16         1.03560e+15    4.99242e-01
    2.51792e+16         9.56156e+14    4.99241e-01
    2.51792e+16         8.62967e+14    4.99240e-01
    2.51792e+16         8.05767e+14    4.99239e-01
    2.51792e+16         7.40157e+14    4.99238e-01
    2.51792e+16         7.01278e+14    4.99238e-01
    2.51792e+16         6.57969e+14    4.99238e-01
    2.51792e+16         6.08771e+14    4.99237e-01
    2.51792e+16         5.51300e+14    4.99237e-01
    2.51792e+16         5.16261e+14    4.99237e-01
    2.51792e+16         4.76304e+14    4.99236e-01
    2.51792e+16         4.29362e+14    4.99236e-01
    2.51792e+16         4.00478e+14    4.99236e-01
    2.51792e+16         3.67278e+14    4.99236e-01
    2.51792e+16         3.47541e+14    4.99235e-01
    2.51792e+16         3.25499e+14    4.99235e-01
    2.51792e+16         3.00370e+14    4.99235e-01
    2.51792e+16         2.70861e+14    4.99235e-01
    2.51792e+16         2.52717e+14    4.99235e-01
    2.51792e+16         2.31873e+14    4.99235e-01
    2.51792e+16         2.19494e+14    4.99235e-01
    2.51792e+16         2.05678e+14    4.99235e-01
    2.51792e+16         1.89945e+14    4.99235e-01
    2.51792e+16         1.71496e+14    4.99235e-01
    2.51792e+16         1.60181e+14    4.99235e-01
    2.51792e+16         1.47211e+14    4.99235e-01
    2.51792e+16         1.39532e+14    4.99235e-01
    2.51792e+16         1.30985e+14    4.99235e-01
    2.51792e+16         1.21287e+14    4.99235e-01
    2.51792e+16         1.09976e+14    4.99235e-01
    2.51792e+16         1.03096e+14    4.99234e-01
    2.51792e+16         9.52688e+13    4.99234e-01
    2.51792e+16         8.61020e+13    4.99234e-01
    2.51792e+16         8.04907e+13    4.99234e-01
    2.51792e+16         7.40698e+13    4.99234e-01
    2.51792e+16         7.02786e+13    4.99234e-01
    2.51792e+16         6.60674e+13    4.99234e-01
    2.51792e+16         6.13021e+13    4.99234e-01
    2.51792e+16         5.57672e+13    4.99234e-01
    2.51792e+16         5.24232e+13    4.99234e-01
    2.51792e+16         4.86389e+13    4.99234e-01
    2.51792e+16         4.42429e+13    4.99234e-01
    2.51792e+16         4.15864e+13    4.99234e-01
    2.51792e+16         3.85796e+13    4.99234e-01
    2.51792e+16         3.50860e+13    4.99234e-01
    2.51792e+16         3.29739e+13    4.99234e-01
    2.51792e+16         3.05827e+13    4.99234e-01
    2.51792e+16         2.78028e+13    4.99234e-01
    2.51792e+16         2.61211e+13    4.99234e-01
    2.51792e+16         2.42158e+13    4.99234e-01
    2.51792e+16         2.19989e+13    4.99234e-01
    2.51792e+16         2.06558e+13    4.99234e-01
    2.51792e+16         1.91324e+13    4.99234e-01
    2.51792e+16         1.73567e+13    4.99234e-01
    2.51792e+16         1.62779e+13    4.99234e-01
    2.51792e+16         1.50514e+13    4.99234e-01
    2.51792e+16         1.36168e+13    4.99234e-01
    2.51792e+16         1.27404e+13    4.99234e-01
    2.51792e+16         1.17393e+13    4.99234e-01
    2.51792e+16         1.11497e+13    4.99234e-01
    2.51792e+16         1.04961e+13    4.99234e-01
    2.51792e+16         9.75863e+12    4.99234e-01
    2.51792e+16         8.90544e+12    4.99234e-01
    2.51792e+16         8.39320e+12    4.99234e-01
    2.51792e+16         7.81652e+12    4.99234e-01
    2.51792e+16         7.15161e+12    4.99234e-01
    2.51792e+16         6.75446e+12    4.99234e-01
    2.51792e+16         6.30924e+12    4.99234e-01
    2.51792e+16         5.79897e+12    4.99234e-01
    2.51792e+16         5.49695e+12    4.99234e-01
    2.51792e+16         5.16084e+12    4.99234e-01
    2.51792e+16         4.77952e+12    4.99234e-01
    2.51792e+16         4.33493e+12    4.99234e-01
    2.51792e+16         4.06470e+12    4.99234e-01
    2.51792e+16         3.75734e+12    4.99234e-01
    2.51792e+16         3.39764e+12    4.99234e-01
    2.51792e+16         3.17770e+12    4.99234e-01
    2.51792e+16         2.92625e+12    4.99234e-01
    2.51792e+16         2.77800e+12    4.99234e-01
    2.51792e+16         2.61349e+12    4.99234e-01
    2.51792e+16         2.42763e+12    4.99234e-01
    2.51792e+16         2.21221e+12    4.99234e-01
    2.51792e+16         2.08251e+12    4.99234e-01
    2.51792e+16         1.93614e+12    4.99234e-01
    2.51792e+16         1.76681e+12    4.99234e-01
    2.51792e+16         1.66514e+12    4.99234e-01
    2.51792e+16         1.55068e+12    4.99234e-01
    2.51792e+16         1.41869e+12    4.99234e-01
    2.51792e+16         1.33984e+12    4.99234e-01
    2.51792e+16         1.25144e+12    4.99234e-01
    2.51792e+16         1.15012e+12    4.99234e-01
    2.51792e+16         1.09013e+12    4.99234e-01
    2.51792e+16         1.02337e+12    4.99234e-01
    2.51792e+16         9.47604e+11    4.99234e-01
    2.51792e+16         8.59242e+11    4.99234e-01
    2.51792e+16         8.05507e+11    4.99234e-01
    2.51792e+16         7.44363e+11    4.99234e-01
    2.51792e+16         6.72762e+11    4.99234e-01
    2.51792e+16         6.28935e+11    4.99234e-01
    2.51792e+16         5.78788e+11    4.99234e-01
    2.51792e+16         5.49181e+11    4.99234e-01
    2.51792e+16         5.16296e+11    4.99234e-01
    2.51792e+16         4.79089e+11    4.99234e-01
    2.51792e+16         4.35878e+11    4.99234e-01
    2.51792e+16         4.09776e+11    4.99234e-01
    2.51792e+16         3.80243e+11    4.99234e-01
    2.51792e+16         3.45944e+11    4.99234e-01
    2.51792e+16         3.25226e+11    4.99234e-01
    2.51792e+16         3.01783e+11    4.99234e-01
    2.51792e+16         2.74558e+11    4.99234e-01
    2.51792e+16         2.58111e+11    4.99234e-01
    2.51792e+16         2.39502e+11    4.99234e-01
    2.51792e+16         2.17889e+11    4.99234e-01
    2.51792e+16         2.04832e+11    4.99234e-01
    2.51792e+16         1.90057e+11    4.99234e-01
    2.51792e+16         1.72897e+11    4.99234e-01
    2.51792e+16         1.62528e+11    4.99234e-01
    2.51792e+16         1.50795e+11    4.99234e-01
    2.51792e+16         1.37165e+11    4.99234e-01
    2.51792e+16         1.28928e+11    4.99234e-01
    2.51792e+16         1.19605e+11    4.99234e-01
    2.51792e+16         1.08772e+11    4.99234e-01
    2.51792e+16         1.02223e+11    4.99234e-01
    2.51792e+16         9.48073e+10    4.99234e-01
    2.51792e+16         8.61867e+10    4.99234e-01
    2.51792e+16         8.09711e+10    4.99234e-01
    2.51792e+16         7.50619e+10    4.99234e-01
    2.51792e+16         6.81857e+10    4.99234e-01
    2.51792e+16         6.40191e+10    4.99234e-01
    2.51792e+16         5.92926e+10    4.99234e-01
    2.51792e+16         5.37826e+10    4.99234e-01
    2.51792e+16         5.04341e+10    4.99234e-01
    2.51792e+16         4.66262e+10    4.99234e-01
    2.51792e+16         4.21710e+10    4.99234e-01
    2.51792e+16         3.94479e+10    4.99234e-01
    2.51792e+16         3.63358e+10    4.99234e-01
    2.51792e+16         3.45018e+10    4.99234e-01
    2.51792e+16         3.24676e+10    4.99234e-01
    2.51792e+16         3.01706e+10    4.99234e-01
    2.51792e+16         2.75105e+10    4.99234e-01
    2.51792e+16         2.59108e+10    4.99234e-01
    2.51792e+16         2.41074e+10    4.99234e-01
    2.51792e+16         2.20242e+10    4.99234e-01
    2.51792e+16         2.07762e+10    4.99234e-01
    2.51792e+16         1.93738e+10    4.99234e-01
    2.51792e+16         1.77610e+10    4.99234e-01
    2.51792e+16         1.68015e+10    4.99234e-01
    2.51792e+16         1.57292e+10    4.99234e-01
    2.51792e+16         1.45058e+10    4.99234e-01
    2.51792e+16         1.30674e+10    4.99234e-01
    2.51792e+16         1.21811e+10    4.99234e-01
    2.51792e+16         1.11612e+10    4.99234e-01
    2.51792e+16         1.05538e+10    4.99234e-01
    2.51792e+16         9.87438e+09    4.99234e-01
    2.51792e+16         9.09832e+09    4.99234e-01
    2.51792e+16         8.64126e+09    4.99234e-01
    2.51792e+16         8.13458e+09    4.99234e-01
    2.51792e+16         7.56281e+09    4.99234e-01
    2.51792e+16         6.90132e+09    4.99234e-01
    2.51792e+16         6.50414e+09    4.99234e-01
    2.51792e+16         6.05696e+09    4.99234e-01
    2.51792e+16         5.54132e+09    4.99234e-01
    2.51792e+16         5.23328e+09    4.99234e-01
    2.51792e+16         4.88791e+09    4.99234e-01
    2.51792e+16         4.49202e+09    4.99234e-01
    2.51792e+16         4.25764e+09    4.99234e-01
    2.51792e+16         3.99674e+09    4.99234e-01
    2.51792e+16         3.70068e+09    4.99234e-01
    2.51792e+16         3.35535e+09    4.99234e-01
    2.51792e+16         3.14531e+09    4.99234e-01
    2.51792e+16         2.90629e+09    4.99234e-01
    2.51792e+16         2.62633e+09    4.99234e-01
    2.51792e+16         2.45492e+09    4.99234e-01
    2.51792e+16         2.25873e+09    4.99234e-01
    2.51792e+16         2.14286e+09    4.99234e-01
    2.51792e+16         2.01412e+09    4.99234e-01
    2.51792e+16         1.86839e+09    4.99234e-01
    2.51792e+16         1.69905e+09    4.99234e-01
    2.51792e+16         1.59666e+09    4.99234e-01
    2.51792e+16         1.48071e+09    4.99234e-01
    2.51792e+16         1.34589e+09    4.99234e-01
    2.51792e+16         1.26431e+09    4.99234e-01
    2.51792e+16         1.17185e+09    4.99234e-01
    2.51792e+16         1.06422e+09    4.99234e-01
    2.51792e+16         9.98978e+08    4.99234e-01
    2.51792e+16         9.24931e+08    4.99234e-01
    2.51792e+16         8.38553e+08    4.99234e-01
    2.51792e+16         7.86008e+08    4.99234e-01
    2.51792e+16         7.26204e+08    4.99234e-01
    2.51792e+16         6.56143e+08    4.99234e-01
    2.51792e+16         6.13233e+08    4.99234e-01
    2.51792e+16         5.64107e+08    4.99234e-01
    2.51792e+16         5.35080e+08    4.99234e-01
    2.51792e+16         5.02818e+08    4.99234e-01
    2.51792e+16         4.66283e+08    4.99234e-01
    2.51792e+16         4.23799e+08    4.99234e-01
    2.51792e+16         3.98084e+08    4.99234e-01
    2.51792e+16         3.68940e+08    4.99234e-01
    2.51792e+16         3.35010e+08    4.99234e-01
    2.51792e+16         3.14434e+08    4.99234e-01
    2.51792e+16         2.91077e+08    4.99234e-01
    2.51792e+16         2.63822e+08    4.99234e-01
    2.51792e+16         2.47233e+08    4.99234e-01
    2.51792e+16         2.28343e+08    4.99234e-01
    2.51792e+16         2.06199e+08    4.99234e-01
    2.51792e+16         1.92621e+08    4.99234e-01
    2.51792e+16         1.77061e+08    4.99234e-01
    2.51792e+16         1.67854e+08    4.99234e-01
    2.51792e+16         1.57609e+08    4.99234e-01
    2.51792e+16         1.45989e+08    4.99234e-01
    2.51792e+16         1.32445e+08    4.99234e-01
    2.51792e+16         1.24217e+08    4.99234e-01
    2.51792e+16         1.14864e+08    4.99234e-01
    2.51792e+16         1.03925e+08    4.99234e-01
    2.51792e+16         9.72429e+07    4.99234e-01
    2.51792e+16         8.96115e+07    4.99234e-01
    2.51792e+16         8.51182e+07    4.99234e-01
    2.51792e+16         8.01380e+07    4.99234e-01
    2.51792e+16         7.45196e+07    4.99234e-01
    2.51792e+16         6.80221e+07    4.99234e-01
    2.51792e+16         6.41230e+07    4.99234e-01
    2.51792e+16         5.97354e+07    4.99234e-01
    2.51792e+16         5.46795e+07    4.99234e-01
    2.51792e+16         5.16625e+07    4.99234e-01
    2.51792e+16         4.82828e+07    4.99234e-01
    2.51792e+16         4.44134e+07    4.99234e-01
    2.51792e+16         4.21269e+07    4.99234e-01
    2.51792e+16         3.95854e+07    4.99234e-01
    2.51792e+16         3.67072e+07    4.99234e-01
    2.51792e+16         3.33599e+07    4.99234e-01
    2.51792e+16         3.13335e+07    4.99234e-01
    2.51792e+16         2.90365e+07    4.99234e-01
    2.51792e+16         2.63618e+07    4.99234e-01
    2.51792e+16         2.47393e+07    4.99234e-01
    2.51792e+16         2.28970e+07    4.99234e-01
    2.51792e+16         2.07463e+07    4.99234e-01
    2.51792e+16         1.94364e+07    4.99234e-01
    2.51792e+16         1.79440e+07    4.99234e-01
    2.51792e+16         1.61931e+07    4.99234e-01
    2.51792e+16         1.51181e+07    4.99234e-01
    2.51792e+16         1.38847e+07    4.99234e-01
    2.51792e+16         1.31536e+07    4.99234e-01
    2.51792e+16         1.23390e+07    4.99234e-01
    2.51792e+16         1.14133e+07    4.99234e-01
    2.51792e+16         1.03313e+07    4.99234e-01
    2.51792e+16         9.67100e+06    4.99234e-01
    2.51792e+16         8.91751e+06    4.99234e-01
    2.51792e+16         8.03131e+06    4.99234e-01
    2.51792e+16         7.48503e+06    4.99234e-01
    2.51792e+16         6.85609e+06    4.99234e-01
    2.51792e+16         6.48129e+06    4.99234e-01
    2.51792e+16         6.06188e+06    4.99234e-01
    2.51792e+16         5.58243e+06    4.99234e-01
    2.51792e+16         5.29976e+06    4.99234e-01
    2.51792e+16         4.98613e+06    4.99234e-01
    2.51792e+16         4.63180e+06    4.99234e-01
    2.51792e+16         4.22119e+06    4.99234e-01
    2.51792e+16         3.97400e+06    4.99234e-01
    2.51792e+16         3.69511e+06    4.99234e-01
    2.51792e+16         3.37252e+06    4.99234e-01
    2.51792e+16         3.17890e+06    4.99234e-01
    2.51792e+16         2.96097e+06    4.99234e-01
    2.51792e+16         2.70978e+06    4.99234e-01
    2.51792e+16         2.55982e+06    4.99234e-01
    2.51792e+16         2.39178e+06    4.99234e-01
    2.51792e+16         2.19929e+06    4.99234e-01
    2.51792e+16         2.08546e+06    4.99234e-01
    2.51792e+16         1.95887e+06    4.99234e-01
    2.51792e+16         1.81539e+06    4.99234e-01
    2.51792e+16         1.64833e+06    4.99234e-01
    2.51792e+16         1.54701e+06    4.99234e-01
    2.51792e+16         1.43199e+06    4.99234e-01
    2.51792e+16         1.29774e+06    4.99234e-01
    2.51792e+16         1.21602e+06    4.99234e-01
    2.51792e+16         1.12293e+06    4.99234e-01
    2.51792e+16         1.01378e+06    4.99234e-01
    2.51792e+16         9.46816e+05    4.99234e-01
    2.51792e+16         8.70047e+05    4.99234e-01
    2.51792e+16         8.24589e+05    4.99234e-01
    2.51792e+16         7.73982e+05    4.99234e-01
    2.51792e+16         7.16540e+05    4.99234e-01
    2.51792e+16         6.49520e+05    4.99234e-01
    2.51792e+16         6.08737e+05    4.99234e-01
    2.51792e+16         5.62307e+05    4.99234e-01
    2.51792e+16         5.07893e+05    4.99234e-01
    2.51792e+16         4.74544e+05    4.99234e-01
    2.51792e+16         4.36342e+05    4.99234e-01
    2.51792e+16         4.13751e+05    4.99234e-01
    2.51792e+16         3.88625e+05    4.99234e-01
    2.51792e+16         3.60145e+05    4.99234e-01
    2.51792e+16         3.26983e+05    4.99234e-01
    2.51792e+16         3.06868e+05    4.99234e-01
    2.51792e+16         2.84029e+05    4.99234e-01
    2.51792e+16         2.57370e+05    4.99234e-01
    2.51792e+16         2.41137e+05    4.99234e-01
    2.51792e+16         2.22643e+05    4.99234e-01
    2.51792e+16         2.00950e+05    4.99234e-01
    2.51792e+16         1.87636e+05    4.99234e-01
    2.51792e+16         1.72364e+05    4.99234e-01
    2.51792e+16         1.63316e+05    4.99234e-01
    2.51792e+16         1.53236e+05    4.99234e-01
    2.51792e+16         1.41788e+05    4.99234e-01
    2.51792e+16         1.28416e+05    4.99234e-01
    2.51792e+16         1.20264e+05    4.99234e-01
    2.51792e+16         1.10971e+05    4.99234e-01
    2.51792e+16         1.00056e+05    4.99234e-01
    2.51792e+16         9.33427e+04    4.99234e-01
    2.51792e+16         8.56290e+04    4.99234e-01
    2.51792e+16         8.10461e+04    4.99234e-01
    2.51792e+16         7.59301e+04    4.99234e-01
    2.51792e+16         7.01016e+04    4.99234e-01
    2.51792e+16         6.32635e+04    4.99234e-01
    2.51792e+16         5.90654e+04    4.99234e-01
    2.51792e+16         5.42493e+04    4.99234e-01
    2.51792e+16         5.13947e+04    4.99234e-01
    2.51792e+16         4.82143e+04    4.99234e-01
    2.51792e+16         4.46003e+04    4.99234e-01
    2.51792e+16         4.03770e+04    4.99234e-01
    2.51792e+16         3.78005e+04    4.99234e-01
    2.51792e+16         3.48608e+04    4.99234e-01
    2.51792e+16         3.14044e+04    4.99234e-01
    2.51792e+16         2.92749e+04    4.99234e-01
    2.51792e+16         2.68242e+04    4.99234e-01
    2.51792e+16         2.53648e+04    4.99234e-01
    2.51792e+16         2.37326e+04    4.99234e-01
    2.51792e+16         2.18681e+04    4.99234e-01
    2.51792e+16         2.07702e+04    4.99234e-01
    2.51792e+16         1.95530e+04    4.99234e-01
    2.51792e+16         1.81797e+04    4.99234e-01
    2.51792e+16         1.65910e+04    4.99234e-01
    2.51792e+16         1.56373e+04    4.99234e-01
    2.51792e+16         1.45636e+04    4.99234e-01
    2.51792e+16         1.33259e+04    4.99234e-01
    2.51792e+16         1.25867e+04    4.99234e-01
    2.51792e+16         1.17581e+04    4.99234e-01
    2.51792e+16         1.08086e+04    4.99234e-01
    2.51792e+16         1.02468e+04    4.99234e-01
    2.51792e+16         9.62175e+03    4.99234e-01
    2.51792e+16         8.91280e+03    4.99234e-01
    2.51792e+16         8.08659e+03    4.99234e-01
    2.51792e+16         7.58476e+03    4.99234e-01
    2.51792e+16         7.01432e+03    4.99234e-01
    2.51792e+16         6.34734e+03    4.99234e-01
    2.51792e+16         5.94007e+03    4.99234e-01
    2.51792e+16         5.47505e+03    4.99234e-01
    2.51792e+16         4.92767e+03    4.99234e-01
    2.51792e+16         4.58980e+03    4.99234e-01
    2.51792e+16         4.20036e+03    4.99234e-01
    2.51792e+16         3.96786e+03    4.99234e-01
    2.51792e+16         3.70732e+03    4.99234e-01
    2.51792e+16         3.40886e+03    4.99234e-01
    2.51792e+16         3.23236e+03    4.99234e-01
    2.51792e+16         3.03605e+03    4.99234e-01
    2.51792e+16         2.81354e+03    4.99234e-01
    2.51792e+16         2.55444e+03    4.99234e-01
    2.51792e+16         2.39728e+03    4.99234e-01
    2.51792e+16         2.21884e+03    4.99234e-01
    2.51792e+16         2.01054e+03    4.99234e-01
    2.51792e+16         1.88369e+03    4.99234e-01
    2.51792e+16         1.73918e+03    4.99234e-01
    2.51792e+16         1.56966e+03    4.99234e-01
    2.51792e+16         1.46561e+03    4.99234e-01
    2.51792e+16         1.34625e+03    4.99234e-01
    2.51792e+16         1.27552e+03    4.99234e-01
    2.51792e+16         1.19673e+03    4.99234e-01
    2.51792e+16         1.10722e+03    4.99234e-01
    2.51792e+16         1.00266e+03    4.99234e-01
    2.51792e+16         9.38907e+02    4.99234e-01
    2.51792e+16         8.66200e+02    4.99234e-01
    2.51792e+16         7.80776e+02    4.99234e-01
    2.51792e+16         7.28206e+02    4.99234e-01
    2.51792e+16         6.67772e+02    4.99234e-01
    2.51792e+16         6.31838e+02    4.99234e-01
    2.51792e+16         5.91700e+02    4.99234e-01
    2.51792e+16         5.45933e+02    4.99234e-01
    2.51792e+16         4.92171e+02    4.99234e-01
    2.51792e+16         4.59096e+02    4.99234e-01
    2.51792e+16         4.21083e+02    4.99234e-01
    2.51792e+16         3.98491e+02    4.99234e-01
    2.51792e+16         3.73264e+02    4.99234e-01
    2.51792e+16         3.44512e+02    4.99234e-01
    2.51792e+16         3.10761e+02    4.99234e-01
    2.51792e+16         2.90020e+02    4.99234e-01
    2.51792e+16         2.66208e+02    4.99234e-01
    2.51792e+16         2.52076e+02    4.99234e-01
    2.51792e+16         2.36315e+02    4.99234e-01
    2.51792e+16         2.18382e+02    4.99234e-01
    2.51792e+16         1.97382e+02    4.99234e-01
    2.51792e+16         1.84530e+02    4.99234e-01
    2.51792e+16         1.69824e+02    4.99234e-01
    2.51792e+16         1.61143e+02    4.99234e-01
    2.51792e+16         1.51501e+02    4.99234e-01
    2.51792e+16         1.40593e+02    4.99234e-01
    2.51792e+16         1.27927e+02    4.99234e-01
    2.51792e+16         1.20278e+02    4.99234e-01
    2.51792e+16         1.11624e+02    4.99234e-01
    2.51792e+16         1.01577e+02    4.99234e-01
    2.51792e+16         9.55111e+01    4.99234e-01
    2.51792e+16         8.86497e+01    4.99234e-01
    2.51792e+16         8.06851e+01    4.99234e-01
    2.51792e+16         7.58777e+01    4.99234e-01
    2.51792e+16         7.04420e+01    4.99234e-01
    2.51792e+16         6.41349e+01    4.99234e-01
    2.51792e+16         6.03306e+01    4.99234e-01
    2.51792e+16         5.60315e+01    4.99234e-01
    2.51792e+16         5.10473e+01    4.99234e-01
    2.51792e+16         4.80448e+01    4.99234e-01
    2.51792e+16         4.46552e+01    4.99234e-01
    2.51792e+16         4.07316e+01    4.99234e-01
    2.51792e+16         3.83737e+01    4.99234e-01
    2.51792e+16         3.57171e+01    4.99234e-01
    2.51792e+16         3.26505e+01    4.99234e-01
    2.51792e+16         3.08157e+01    4.99234e-01
    2.51792e+16         2.87559e+01    4.99234e-01
    2.51792e+16         2.63904e+01    4.99234e-01
    2.51792e+16         2.49862e+01    4.99234e-01
    2.51792e+16         2.34197e+01    4.99234e-01
    2.51792e+16         2.16366e+01    4.99234e-01
    2.51792e+16         1.95474e+01    4.99234e-01
    2.51792e+16         1.82677e+01    4.99234e-01
    2.51792e+16         1.68023e+01    4.99234e-01
    2.51792e+16         1.59363e+01    4.99234e-01
    2.51792e+16         1.49735e+01    4.99234e-01
    2.51792e+16         1.38830e+01    4.99234e-01
    2.51792e+16         1.26144e+01    4.99234e-01
    2.51792e+16         1.18462e+01    4.99234e-01
    2.51792e+16         1.09750e+01    4.99234e-01
    2.51792e+16         9.96009e+00    4.99234e-01
    2.51792e+16         9.34393e+00    4.99234e-01
    2.51792e+16         8.64383e+00    4.99234e-01
    2.51792e+16         7.82572e+00    4.99234e-01
    2.51792e+16         7.32668e+00    4.99234e-01
    2.51792e+16         6.75733e+00    4.99234e-01
    2.51792e+16         6.08800e+00    4.99234e-01
    2.51792e+16         5.67571e+00    4.99234e-01
    2.51792e+16         5.20134e+00    4.99234e-01
    2.51792e+16         4.91891e+00    4.99234e-01
    2.51792e+16         4.60313e+00    4.99234e-01
    2.51792e+16         4.24253e+00    4.99234e-01
    2.51792e+16         4.03028e+00    4.99234e-01
    2.51792e+16         3.79508e+00    4.99234e-01
    2.51792e+16         3.52983e+00    4.99234e-01
    2.51792e+16         3.22322e+00    4.99234e-01
    2.51792e+16         3.03935e+00    4.99234e-01
    2.51792e+16         2.83258e+00    4.99234e-01
    2.51792e+16         2.59450e+00    4.99234e-01
    2.51792e+16         2.45262e+00    4.99234e-01
    2.51792e+16         2.29385e+00    4.99234e-01
    2.51792e+16         2.11233e+00    4.99234e-01
    2.51792e+16         2.00531e+00    4.99234e-01
    2.51792e+16         1.88655e+00    4.99234e-01
    2.51792e+16         1.75238e+00    4.99234e-01
    2.51792e+16         1.59687e+00    4.99234e-01
    2.51792e+16         1.50324e+00    4.99234e-01
    2.51792e+16         1.39757e+00    4.99234e-01
    2.51792e+16         1.27533e+00    4.99234e-01
    2.51792e+16         1.20193e+00    4.99234e-01
    2.51792e+16         1.11929e+00    4.99234e-01
    2.51792e+16         1.02399e+00    4.99234e-01
    2.51792e+16         9.67064e-01    4.99234e-01
    2.51792e+16         9.03236e-01    4.99234e-01
    2.51792e+16         8.30069e-01    4.99234e-01
    2.51792e+16         7.86752e-01    4.99234e-01
    2.51792e+16         7.38533e-01    4.99234e-01
    2.51792e+16         6.83813e-01    4.99234e-01
    2.51792e+16         6.19984e-01    4.99234e-01
    2.51792e+16         5.81160e-01    4.99234e-01
    2.51792e+16         5.36976e-01    4.99234e-01
    2.51792e+16         4.85221e-01    4.99234e-01
    2.51792e+16         4.53529e-01    4.99234e-01
    2.51792e+16         4.17253e-01    4.99234e-01
    2.51792e+16         3.95824e-01    4.99234e-01
    2.51792e+16         3.72012e-01    4.99234e-01
    2.51792e+16         3.45054e-01    4.99234e-01
    2.51792e+16         3.13719e-01    4.99234e-01
    2.51792e+16         2.94766e-01    4.99234e-01
    2.51792e+16         2.73297e-01    4.99234e-01
    2.51792e+16         2.48322e-01    4.99234e-01
    2.51792e+16         2.33196e-01    4.99234e-01
    2.51792e+16         2.16045e-01    4.99234e-01
    2.51792e+16         1.96063e-01    4.99234e-01
    2.51792e+16         1.83931e-01    4.99234e-01
    2.51792e+16         1.70146e-01    4.99234e-01
    2.51792e+16         1.54037e-01    4.99234e-01
    2.51792e+16         1.44210e-01    4.99234e-01
    2.51792e+16         1.32998e-01    4.99234e-01
    2.51792e+16         1.19816e-01    4.99234e-01
    2.51792e+16         1.11694e-01    4.99234e-01
    2.51792e+16         1.02349e-01    4.99234e-01
    2.51792e+16         9.67844e-02    4.99234e-01
    2.51792e+16         9.05613e-02    4.99234e-01
    2.51792e+16         8.34535e-02    4.99234e-01
    2.51792e+16         7.92684e-02    4.99234e-01
    2.51792e+16         7.46298e-02    4.99234e-01
    2.51792e+16         6.93966e-02    4.99234e-01
    2.51792e+16         6.33444e-02    4.99234e-01
    2.51792e+16         5.97124e-02    4.99234e-01
    2.51792e+16         5.56252e-02    4.99234e-01
    2.51792e+16         5.09152e-02    4.99234e-01
    2.51792e+16         4.81044e-02    4.99234e-01
    2.51792e+16         4.49555e-02    4.99234e-01
    2.51792e+16         4.13500e-02    4.99234e-01
    2.51792e+16         3.92192e-02    4.99234e-01
    2.51792e+16         3.68505e-02    4.99234e-01
    2.51792e+16         3.41676e-02    4.99234e-01
    2.51792e+16         3.10468e-02    4.99234e-01
    2.51792e+16         2.91569e-02    4.99234e-01
    2.51792e+16         2.70140e-02    4.99234e-01
    2.51792e+16         2.45178e-02    4.99234e-01
    2.51792e+16         2.30025e-02    4.99234e-01
    2.51792e+16         2.12811e-02    4.99234e-01
    2.51792e+16         1.92699e-02    4.99234e-01
    2.51792e+16         1.80435e-02    4.99234e-01
    2.51792e+16         1.66446e-02    4.99234e-01
    2.51792e+16         1.50008e-02    4.99234e-01
    2.51792e+16         1.39888e-02    4.99234e-01
    2.51792e+16         1.28252e-02    4.99234e-01
    2.51792e+16         1.21330e-02    4.99234e-01
    2.51792e+16         1.13596e-02    4.99234e-01
    2.51792e+16         1.04773e-02    4.99234e-01
    2.51792e+16         9.44012e-03    4.99234e-01
    2.51792e+16         8.80132e-03    4.99234e-01
    2.51792e+16         8.06643e-03    4.99234e-01
    2.51792e+16         7.62898e-03    4.99234e-01
    2.51792e+16         7.13992e-03    4.99234e-01
    2.51792e+16         6.58158e-03    4.99234e-01
    2.51792e+16         5.92448e-03    4.99234e-01
    2.51792e+16         5.51901e-03    4.99234e-01
    2.51792e+16         5.05177e-03    4.99234e-01
    2.51792e+16         4.77294e-03    4.99234e-01
    2.51792e+16         4.46058e-03    4.99234e-01
    2.51792e+16         4.10294e-03    4.99234e-01
    2.51792e+16         3.89158e-03    4.99234e-01
    2.51792e+16         3.65665e-03    4.99234e-01
    2.51792e+16         3.39056e-03    4.99234e-01
    2.51792e+16         3.08106e-03    4.99234e-01
    2.51792e+16         2.89366e-03    4.99234e-01
    2.51792e+16         2.68120e-03    4.99234e-01
    2.51792e+16         2.43374e-03    4.99234e-01
    2.51792e+16         2.28356e-03    4.99234e-01
    2.51792e+16         2.11299e-03    4.99234e-01
    2.51792e+16         1.91376e-03    4.99234e-01
    2.51792e+16         1.79233e-03    4.99234e-01
    2.51792e+16         1.65389e-03    4.99234e-01
    2.51792e+16         1.49130e-03    4.99234e-01
    2.51792e+16         1.39131e-03    4.99234e-01
    2.51792e+16         1.27643e-03    4.99234e-01
    2.51792e+16         1.20819e-03    4.99234e-01
    2.51792e+16         1.13202e-03    4.99234e-01
    2.51792e+16         1.04525e-03    4.99234e-01
    2.51792e+16         9.43487e-04    4.99234e-01
    2.51792e+16         8.81035e-04    4.99234e-01
    2.51792e+16         8.09415e-04    4.99234e-01
    2.51792e+16         7.66987e-04    4.99234e-01
    2.51792e+16         7.19736e-04    4.99234e-01
    2.51792e+16         6.66077e-04    4.99234e-01
    2.51792e+16         6.03424e-04    4.99234e-01
    2.51792e+16         5.65255e-04    4.99234e-01
    2.51792e+16         5.21757e-04    4.99234e-01
    2.51792e+16         4.70703e-04    4.99234e-01
    2.51792e+16         4.39339e-04    4.99234e-01
    2.51792e+16         4.03337e-04    4.99234e-01
    2.51792e+16         3.81979e-04    4.99234e-01
    2.51792e+16         3.58165e-04    4.99234e-01
    2.51792e+16         3.31080e-04    4.99234e-01
    2.51792e+16         2.99382e-04    4.99234e-01
    2.51792e+16         2.79999e-04    4.99234e-01
    2.51792e+16         2.57839e-04    4.99234e-01
    2.51792e+16         2.44773e-04    4.99234e-01
    2.51792e+16         2.30275e-04    4.99234e-01
    2.51792e+16         2.13894e-04    4.99234e-01
    2.51792e+16         1.94908e-04    4.99234e-01
    2.51792e+16         1.83475e-04    4.99234e-01
    2.51792e+16         1.70573e-04    4.99234e-01
    2.51792e+16         1.55645e-04    4.99234e-01
    2.51792e+16         1.46681e-04    4.99234e-01
    2.51792e+16         1.36588e-04    4.99234e-01
    2.51792e+16         1.24948e-04    4.99234e-01
    2.51792e+16         1.17993e-04    4.99234e-01
    2.51792e+16         1.10194e-04    4.99234e-01
    2.51792e+16         1.01252e-04    4.99234e-01
    2.51792e+16         9.59568e-05    4.99234e-01
    2.51792e+16         9.00606e-05    4.99234e-01
    2.51792e+16         8.33672e-05    4.99234e-01
    2.51792e+16         7.55558e-05    4.99234e-01
    2.51792e+16         7.08007e-05    4.99234e-01
    2.51792e+16         6.53855e-05    4.99234e-01
    2.51792e+16         5.90362e-05    4.99234e-01
    2.51792e+16         5.51420e-05    4.99234e-01
    2.51792e+16         5.06783e-05    4.99234e-01
    2.51792e+16         4.80359e-05    4.99234e-01
    2.51792e+16         4.50949e-05    4.99234e-01
    2.51792e+16         4.17578e-05    4.99234e-01
    2.51792e+16         3.78660e-05    4.99234e-01
    2.51792e+16         3.54995e-05    4.99234e-01
    2.51792e+16         3.28070e-05    4.99234e-01
    2.51792e+16         2.96544e-05    4.99234e-01
    2.51792e+16         2.77251e-05    4.99234e-01
    2.51792e+16         2.55180e-05    4.99234e-01
    2.51792e+16         2.42153e-05    4.99234e-01


