              t                   M              a
    1.23833e-21         1.00000e+17    8.00000e-01
    2.47665e-21         1.00000e+17    8.00000e-01
    4.95331e-21         1.00000e+17    8.00000e-01
    9.90662e-21         1.00000e+17    8.00000e-01
    1.98132e-20         1.00000e+17    8.00000e-01
    3.96265e-20         1.00000e+17    8.00000e-01
    7.92530e-20         1.00000e+17    8.00000e-01
    1.58506e-19         1.00000e+17    8.00000e-01
    3.17012e-19         1.00000e+17    8.00000e-01
    6.34024e-19         1.00000e+17    8.00000e-01
    1.26805e-18         1.00000e+17    8.00000e-01
    2.53609e-18         1.00000e+17    8.00000e-01
    5.07219e-18         1.00000e+17    8.00000e-01
    1.01444e-17         1.00000e+17    8.00000e-01
    2.02888e-17         1.00000e+17    8.00000e-01
    4.05775e-17         1.00000e+17    8.00000e-01
    8.11550e-17         1.00000e+17    8.00000e-01
    1.62310e-16         1.00000e+17    8.00000e-01
    3.24620e-16         1.00000e+17    8.00000e-01
    6.49240e-16         1.00000e+17    8.00000e-01
    1.29848e-15         1.00000e+17    8.00000e-01
    2.59696e-15         1.00000e+17    8.00000e-01
    5.19392e-15         1.00000e+17    8.00000e-01
    1.03878e-14         1.00000e+17    8.00000e-01
    2.07757e-14         1.00000e+17    8.00000e-01
    4.15514e-14         1.00000e+17    8.00000e-01
    8.31027e-14         1.00000e+17    8.00000e-01
    1.66205e-13         1.00000e+17    8.00000e-01
    3.32411e-13         1.00000e+17    8.00000e-01
    6.64822e-13         1.00000e+17    8.00000e-01
    1.32964e-12         1.00000e+17    8.00000e-01
    2.65929e-12         1.00000e+17    8.00000e-01
    5.31858e-12         1.00000e+17    8.00000e-01
    1.06372e-11         1.00000e+17    8.00000e-01
    2.12743e-11         1.00000e+17    8.00000e-01
    4.25486e-11         1.00000e+17    8.00000e-01
    8.50972e-11         1.00000e+17    8.00000e-01
    1.70194e-10         1.00000e+17    8.00000e-01
    3.40389e-10         1.00000e+17    8.00000e-01
    6.80778e-10         1.00000e+17    8.00000e-01
    1.36156e-09         1.00000e+17    8.00000e-01
    2.72311e-09         1.00000e+17    8.00000e-01
    5.44622e-09         1.00000e+17    8.00000e-01
    1.08924e-08         1.00000e+17    8.00000e-01
    2.17849e-08         1.00000e+17    8.00000e-01
    4.35698e-08         1.00000e+17    8.00000e-01
    8.71395e-08         1.00000e+17    8.00000e-01
    1.74279e-07         1.00000e+17    8.00000e-01
    3.48558e-07         1.00000e+17    8.00000e-01
    6.97116e-07         1.00000e+17    8.00000e-01
    1.39423e-06         1.00000e+17    8.00000e-01
    2.78847e-06         1.00000e+17    8.00000e-01
    5.57693e-06         1.00000e+17    8.00000e-01
    1.11539e-05         1.00000e+17    8.00000e-01
    2.23077e-05         1.00000e+17    8.00000e-01
    4.46154e-05         1.00000e+17    8.00000e-01
    8.92309e-05         1.00000e+17    8.00000e-01
    1.78462e-04         1.00000e+17    8.00000e-01
    3.56924e-04         1.00000e+17    8.00000e-01
    7.13847e-04         1.00000e+17    8.00000e-01
    1.42769e-03         1.00000e+17    8.00000e-01
    2.85539e-03         1.00000e+17    8.00000e-01
    5.71078e-03         1.00000e+17    8.00000e-01
    1.14216e-02         1.00000e+17    8.00000e-01
    2.28431e-02         1.00000e+17    8.00000e-01
    4.56862e-02         1.00000e+17    8.00000e-01
    9.13724e-02         1.00000e+17    8.00000e-01
    1.82745e-01         1.00000e+17    8.00000e-01
    3.65490e-01         1.00000e+17    8.00000e-01
    7.30979e-01         1.00000e+17    8.00000e-01
    1.46196e+00         1.00000e+17    8.00000e-01
    2.92392e+00         1.00000e+17    8.00000e-01
    5.84784e+00         1.00000e+17    8.00000e-01
    1.16957e+01         1.00000e+17    8.00000e-01
    2.33913e+01         1.00000e+17    8.00000e-01
    4.67827e+01         1.00000e+17    8.00000e-01
    9.35654e+01         1.00000e+17    8.00000e-01
    1.87131e+02         1.00000e+17    8.00000e-01
    3.74261e+02         1.00000e+17    8.00000e-01
    7.48523e+02         1.00000e+17    8.00000e-01
    1.49705e+03         1.00000e+17    8.00000e-01
    2.99409e+03         1.00000e+17    8.00000e-01
    5.98818e+03         1.00000e+17    8.00000e-01
    1.19764e+04         1.00000e+17    8.00000e-01
    2.39527e+04         1.00000e+17    8.00000e-01
    4.79055e+04         1.00000e+17    8.00000e-01
    9.58109e+04         1.00000e+17    8.00000e-01
    1.91622e+05         1.00000e+17    8.00000e-01
    3.83244e+05         1.00000e+17    8.00000e-01
    7.66488e+05         1.00000e+17    8.00000e-01
    1.53298e+06         1.00000e+17    8.00000e-01
    3.06595e+06         1.00000e+17    8.00000e-01
    6.13190e+06         1.00000e+17    8.00000e-01
    1.22638e+07         1.00000e+17    8.00000e-01
    2.45276e+07         1.00000e+17    8.00000e-01
    4.90552e+07         1.00000e+17    8.00000e-01
    9.81104e+07         1.00000e+17    8.00000e-01
    1.96221e+08         1.00000e+17    8.00000e-01
    3.92442e+08         1.00000e+17    8.00000e-01
    7.84883e+08         1.00000e+17    8.00000e-01
    1.56977e+09         1.00000e+17    8.00000e-01
    3.13953e+09         1.00000e+17    8.00000e-01
    6.27907e+09         1.00000e+17    8.00000e-01
    1.25581e+10         1.00000e+17    8.00000e-01
    2.51163e+10         1.00000e+17    8.00000e-01
    5.02325e+10         1.00000e+17    8.00000e-01
    1.00465e+11         1.00000e+17    8.00000e-01
    2.00930e+11         1.00000e+17    8.00000e-01
    4.01860e+11         1.00000e+17    8.00000e-01
    8.03720e+11         1.00000e+17    8.00000e-01
    1.60744e+12         1.00000e+17    8.00000e-01
    3.21488e+12         1.00000e+17    8.00000e-01
    6.42976e+12         1.00000e+17    8.00000e-01
    1.28595e+13         1.00000e+17    8.00000e-01
    2.57191e+13         1.00000e+17    8.00000e-01
    5.14381e+13         1.00000e+17    8.00000e-01
    1.02876e+14         1.00000e+17    8.00000e-01
    2.05752e+14         1.00000e+17    8.00000e-01
    4.11505e+14         1.00000e+17    8.00000e-01
    8.23010e+14         1.00000e+17    8.00000e-01
    1.64602e+15         1.00000e+17    8.00000e-01
    3.29204e+15         1.00000e+17    8.00000e-01
    6.58408e+15         1.00000e+17    8.00000e-01
    1.31682e+16         1.00000e+17    8.00000e-01
    2.63363e+16         1.00000e+17    8.00000e-01
    5.26726e+16         1.00000e+17    8.00000e-01
    1.05345e+17         1.00000e+17    8.00000e-01
    2.10690e+17         1.00000e+17    8.00000e-01
    4.21381e+17         1.00000e+17    8.00000e-01
    8.42762e+17         1.00000e+17    8.00000e-01
    1.68552e+18         9.99999e+16    7.99999e-01
    3.37105e+18         9.99999e+16    7.99998e-01
    6.74210e+18         9.99998e+16    7.99997e-01
    1.34842e+19         9.99995e+16    7.99993e-01
    2.69684e+19         9.99990e+16    7.99987e-01
    5.39368e+19         9.99981e+16    7.99974e-01
    1.07874e+20         9.99961e+16    7.99948e-01
    2.15747e+20         9.99922e+16    7.99895e-01
    4.31494e+20         9.99844e+16    7.99790e-01
    8.62988e+20         9.99688e+16    7.99581e-01
    1.72598e+21         9.99377e+16    7.99162e-01
    3.45195e+21         9.98755e+16    7.98324e-01
    6.90391e+21         9.97514e+16    7.96650e-01
    1.38078e+22         9.95044e+16    7.93304e-01
    2.76156e+22         9.90154e+16    7.86627e-01
    5.52312e+22         9.80543e+16    7.73313e-01
    8.28469e+22         9.71346e+16    7.60121e-01
    1.10462e+23         9.62583e+16    7.47067e-01
    1.38078e+23         9.54121e+16    7.34085e-01
    1.65694e+23         9.45831e+16    7.21093e-01
    1.93309e+23         9.37781e+16    7.08161e-01
    2.20925e+23         9.29917e+16    6.95325e-01
    2.48541e+23         9.22231e+16    6.82569e-01
    2.76156e+23         9.14731e+16    6.69902e-01
    3.03772e+23         9.07346e+16    6.57249e-01
    3.31387e+23         9.00096e+16    6.44630e-01
    3.59003e+23         8.92977e+16    6.32048e-01
    3.86619e+23         8.85964e+16    6.19531e-01
    4.14234e+23         8.79061e+16    6.07086e-01
    4.41850e+23         8.72267e+16    5.94690e-01
    4.69466e+23         8.65533e+16    5.82178e-01
    4.97081e+23         8.58899e+16    5.69600e-01
    5.24697e+23         8.52378e+16    5.57037e-01
    5.52312e+23         8.45926e+16    5.44521e-01
    5.79928e+23         8.39548e+16    5.32059e-01
    6.07544e+23         8.33227e+16    5.19646e-01
    6.35159e+23         8.26957e+16    5.07309e-01
    6.62775e+23         8.20741e+16    4.95052e-01
    6.90391e+23         8.14567e+16    4.82856e-01
    7.18006e+23         8.08439e+16    4.70728e-01
    7.45622e+23         8.02359e+16    4.58675e-01
    7.73237e+23         7.96286e+16    4.46626e-01
    8.00853e+23         7.90248e+16    4.34658e-01
    8.28469e+23         7.84246e+16    4.22775e-01
    8.56084e+23         7.78286e+16    4.11019e-01
    8.83700e+23         7.72334e+16    3.99327e-01
    9.11316e+23         7.66390e+16    3.87706e-01
    9.38931e+23         7.60438e+16    3.76135e-01
    9.66547e+23         7.54492e+16    3.64664e-01
    9.94162e+23         7.48551e+16    3.53298e-01
    1.02178e+24         7.42616e+16    3.42047e-01
    1.04939e+24         7.36660e+16    3.30875e-01
    1.07701e+24         7.30674e+16    3.19771e-01
    1.10462e+24         7.24677e+16    3.08782e-01
    1.13224e+24         7.18668e+16    2.97940e-01
    1.15986e+24         7.12625e+16    2.87201e-01
    1.18747e+24         7.06545e+16    2.76570e-01
    1.21509e+24         7.00424e+16    2.66058e-01
    1.24270e+24         6.94256e+16    2.55677e-01
    1.27032e+24         6.88040e+16    2.45431e-01
    1.29793e+24         6.81772e+16    2.35327e-01
    1.32555e+24         6.75438e+16    2.25365e-01
    1.35317e+24         6.69042e+16    2.15564e-01
    1.38078e+24         6.62568e+16    2.05907e-01
    1.40840e+24         6.56011e+16    1.96400e-01
    1.43601e+24         6.49362e+16    1.87058e-01
    1.46363e+24         6.42616e+16    1.77884e-01
    1.49124e+24         6.35767e+16    1.68882e-01
    1.51886e+24         6.28805e+16    1.60057e-01
    1.54647e+24         6.21714e+16    1.51413e-01
    1.57409e+24         6.14483e+16    1.42948e-01
    1.60171e+24         6.07111e+16    1.34673e-01
    1.62932e+24         5.99584e+16    1.26591e-01
    1.65694e+24         5.91883e+16    1.18717e-01
    1.68455e+24         5.83998e+16    1.11052e-01
    1.71217e+24         5.75914e+16    1.03597e-01
    1.73978e+24         5.67616e+16    9.63531e-02
    1.76740e+24         5.59084e+16    8.93099e-02
    1.79502e+24         5.50289e+16    8.24530e-02
    1.82263e+24         5.41209e+16    7.57891e-02
    1.85025e+24         5.31817e+16    6.93253e-02
    1.87786e+24         5.22085e+16    6.30692e-02
    1.90548e+24         5.11973e+16    5.70213e-02
    1.91929e+24         5.06710e+16    5.41067e-02
    1.93309e+24         5.01333e+16    5.12462e-02
    1.94690e+24         4.95836e+16    4.84405e-02
    1.96071e+24         4.90209e+16    4.56913e-02
    1.97452e+24         4.84446e+16    4.29998e-02
    1.98832e+24         4.78537e+16    4.03674e-02
    2.00213e+24         4.72469e+16    3.77934e-02
    2.01594e+24         4.66230e+16    3.52784e-02
    2.02975e+24         4.59807e+16    3.28239e-02
    2.04356e+24         4.53188e+16    3.04320e-02
    2.05736e+24         4.46356e+16    2.81046e-02
    2.07117e+24         4.39294e+16    2.58438e-02
    2.08498e+24         4.31982e+16    2.36524e-02
    2.09879e+24         4.24396e+16    2.15333e-02
    2.11260e+24         4.16510e+16    1.94890e-02
    2.11950e+24         4.12402e+16    1.85054e-02
    2.12640e+24         4.08205e+16    1.75408e-02
    2.13331e+24         4.03913e+16    1.65955e-02
    2.14021e+24         3.99517e+16    1.56694e-02
    2.14711e+24         3.95009e+16    1.47626e-02
    2.15402e+24         3.90382e+16    1.38753e-02
    2.16092e+24         3.85627e+16    1.30080e-02
    2.16783e+24         3.80736e+16    1.21612e-02
    2.17473e+24         3.75699e+16    1.13353e-02
    2.18163e+24         3.70506e+16    1.05308e-02
    2.18854e+24         3.65140e+16    9.74774e-03
    2.19544e+24         3.59579e+16    8.98600e-03
    2.20235e+24         3.53807e+16    8.24620e-03
    2.20925e+24         3.47803e+16    7.52903e-03
    2.21615e+24         3.41546e+16    6.83523e-03
    2.22306e+24         3.35008e+16    6.16550e-03
    2.22651e+24         3.31570e+16    5.84204e-03
    2.22996e+24         3.28038e+16    5.52419e-03
    2.23341e+24         3.24407e+16    5.21209e-03
    2.23687e+24         3.20670e+16    4.90588e-03
    2.24032e+24         3.16820e+16    4.60573e-03
    2.24377e+24         3.12849e+16    4.31179e-03
    2.24722e+24         3.08749e+16    4.02422e-03
    2.25067e+24         3.04506e+16    3.74305e-03
    2.25413e+24         3.00111e+16    3.46851e-03
    2.25758e+24         2.95549e+16    3.20082e-03
    2.26103e+24         2.90806e+16    2.94024e-03
    2.26448e+24         2.85866e+16    2.68702e-03
    2.26793e+24         2.80692e+16    2.44074e-03
    2.27139e+24         2.75239e+16    2.20082e-03
    2.27311e+24         2.72355e+16    2.08426e-03
    2.27484e+24         2.69384e+16    1.96939e-03
    2.27656e+24         2.66320e+16    1.85627e-03
    2.27829e+24         2.63156e+16    1.74497e-03
    2.28001e+24         2.59881e+16    1.63541e-03
    2.28174e+24         2.56483e+16    1.52746e-03
    2.28347e+24         2.52949e+16    1.42123e-03
    2.28519e+24         2.49269e+16    1.31683e-03
    2.28692e+24         2.45429e+16    1.21437e-03
    2.28864e+24         2.41413e+16    1.11401e-03
    2.29037e+24         2.37206e+16    1.01589e-03
    2.29210e+24         2.32791e+16    0.00000e+00
    2.29382e+24         2.28143e+16    0.00000e+00
    2.29555e+24         2.23236e+16    0.00000e+00
    2.29727e+24         2.18035e+16    0.00000e+00
    2.29900e+24         2.12471e+16    0.00000e+00
    2.30073e+24         2.06483e+16    0.00000e+00
    2.30245e+24         1.99995e+16    0.00000e+00
    2.30418e+24         1.92904e+16    0.00000e+00
    2.30590e+24         1.85073e+16    0.00000e+00
    2.30763e+24         1.76313e+16    0.00000e+00
    2.30936e+24         1.66347e+16    0.00000e+00
    2.31108e+24         1.54798e+16    0.00000e+00
    2.31281e+24         1.40977e+16    0.00000e+00
    2.31367e+24         1.32162e+16    0.00000e+00
    2.31453e+24         1.21730e+16    0.00000e+00
    2.31497e+24         1.15259e+16    0.00000e+00
    2.31540e+24         1.07851e+16    0.00000e+00
    2.31583e+24         9.90808e+15    0.00000e+00
    2.31604e+24         9.36382e+15    0.00000e+00
    2.31626e+24         8.73817e+15    0.00000e+00
    2.31648e+24         8.00387e+15    0.00000e+00
    2.31658e+24         7.55319e+15    0.00000e+00
    2.31669e+24         7.03928e+15    0.00000e+00
    2.31680e+24         6.43843e+15    0.00000e+00
    2.31685e+24         6.07449e+15    0.00000e+00
    2.31691e+24         5.66314e+15    0.00000e+00
    2.31696e+24         5.18633e+15    0.00000e+00
    2.31699e+24         4.90013e+15    0.00000e+00
    2.31702e+24         4.57851e+15    0.00000e+00
    2.31704e+24         4.20908e+15    0.00000e+00
    2.31706e+24         3.98994e+15    0.00000e+00
    2.31707e+24         3.74569e+15    0.00000e+00
    2.31708e+24         3.46816e+15    0.00000e+00
    2.31710e+24         3.14407e+15    0.00000e+00
    2.31710e+24         2.94666e+15    0.00000e+00
    2.31711e+24         2.72178e+15    0.00000e+00
    2.31712e+24         2.45805e+15    0.00000e+00
    2.31712e+24         2.29630e+15    0.00000e+00
    2.31712e+24         2.11091e+15    0.00000e+00
    2.31713e+24         2.00120e+15    0.00000e+00
    2.31713e+24         1.87911e+15    0.00000e+00
    2.31713e+24         1.74062e+15    0.00000e+00
    2.31713e+24         1.57920e+15    0.00000e+00
    2.31713e+24         1.48113e+15    0.00000e+00
    2.31713e+24         1.36960e+15    0.00000e+00
    2.31713e+24         1.23910e+15    0.00000e+00
    2.31713e+24         1.15926e+15    0.00000e+00
    2.31713e+24         1.06786e+15    0.00000e+00
    2.31713e+24         1.01378e+15    0.00000e+00
    2.31713e+24         9.53593e+14    0.00000e+00
    2.31713e+24         8.85261e+14    0.00000e+00
    2.31713e+24         8.05324e+14    0.00000e+00
    2.31713e+24         7.56286e+14    0.00000e+00
    2.31713e+24         6.99902e+14    0.00000e+00
    2.31713e+24         6.32757e+14    0.00000e+00
    2.31713e+24         5.90262e+14    0.00000e+00
    2.31713e+24         5.39901e+14    0.00000e+00
    2.31713e+24         5.08580e+14    0.00000e+00
    2.31713e+24         4.72449e+14    0.00000e+00
    2.31713e+24         4.29065e+14    0.00000e+00
    2.31713e+24         4.01556e+14    0.00000e+00
    2.31713e+24         3.69254e+14    0.00000e+00
    2.31713e+24         3.49586e+14    0.00000e+00
    2.31713e+24         3.27191e+14    0.00000e+00
    2.31713e+24         3.00998e+14    0.00000e+00
    2.31713e+24         2.85117e+14    0.00000e+00
    2.31713e+24         2.67191e+14    0.00000e+00
    2.31713e+24         2.46533e+14    0.00000e+00
    2.31713e+24         2.21963e+14    0.00000e+00
    2.31713e+24         2.06620e+14    0.00000e+00
    2.31713e+24         1.88825e+14    0.00000e+00
    2.31713e+24         1.78119e+14    0.00000e+00
    2.31713e+24         1.66057e+14    0.00000e+00
    2.31713e+24         1.52145e+14    0.00000e+00
    2.31713e+24         1.43842e+14    0.00000e+00
    2.31713e+24         1.34547e+14    0.00000e+00
    2.31713e+24         1.23913e+14    0.00000e+00
    2.31713e+24         1.17639e+14    0.00000e+00
    2.31713e+24         1.10674e+14    0.00000e+00
    2.31713e+24         1.02802e+14    0.00000e+00
    2.31713e+24         9.36731e+13    0.00000e+00
    2.31713e+24         8.81693e+13    0.00000e+00
    2.31713e+24         8.19492e+13    0.00000e+00
    2.31713e+24         7.47365e+13    0.00000e+00
    2.31713e+24         7.03868e+13    0.00000e+00
    2.31713e+24         6.54682e+13    0.00000e+00
    2.31713e+24         5.97551e+13    0.00000e+00
    2.31713e+24         5.63030e+13    0.00000e+00
    2.31713e+24         5.23833e+13    0.00000e+00
    2.31713e+24         4.78013e+13    0.00000e+00
    2.31713e+24         4.49972e+13    0.00000e+00
    2.31713e+24         4.17911e+13    0.00000e+00
    2.31713e+24         3.80138e+13    0.00000e+00
    2.31713e+24         3.56722e+13    0.00000e+00
    2.31713e+24         3.29677e+13    0.00000e+00
    2.31713e+24         2.97482e+13    0.00000e+00
    2.31713e+24         2.77243e+13    0.00000e+00
    2.31713e+24         2.53636e+13    0.00000e+00
    2.31713e+24         2.39310e+13    0.00000e+00
    2.31713e+24         2.23085e+13    0.00000e+00
    2.31713e+24         2.04251e+13    0.00000e+00
    2.31713e+24         1.92894e+13    0.00000e+00
    2.31713e+24         1.80069e+13    0.00000e+00
    2.31713e+24         1.65219e+13    0.00000e+00
    2.31713e+24         1.56291e+13    0.00000e+00
    2.31713e+24         1.46240e+13    0.00000e+00
    2.31713e+24         1.34634e+13    0.00000e+00
    2.31713e+24         1.27676e+13    0.00000e+00
    2.31713e+24         1.19857e+13    0.00000e+00
    2.31713e+24         1.10896e+13    0.00000e+00
    2.31713e+24         1.00280e+13    0.00000e+00
    2.31713e+24         9.36790e+12    0.00000e+00
    2.31713e+24         8.60446e+12    0.00000e+00
    2.31713e+24         8.14830e+12    0.00000e+00
    2.31713e+24         7.63749e+12    0.00000e+00
    2.31713e+24         7.05313e+12    0.00000e+00
    2.31713e+24         6.36474e+12    0.00000e+00
    2.31713e+24         5.94055e+12    0.00000e+00
    2.31713e+24         5.45252e+12    0.00000e+00
    2.31713e+24         5.16225e+12    0.00000e+00
    2.31713e+24         4.83810e+12    0.00000e+00
    2.31713e+24         4.46874e+12    0.00000e+00
    2.31713e+24         4.03545e+12    0.00000e+00
    2.31713e+24         3.76955e+12    0.00000e+00
    2.31713e+24         3.46469e+12    0.00000e+00
    2.31713e+24         3.28419e+12    0.00000e+00
    2.31713e+24         3.08327e+12    0.00000e+00
    2.31713e+24         2.85528e+12    0.00000e+00
    2.31713e+24         2.58937e+12    0.00000e+00
    2.31713e+24         2.42768e+12    0.00000e+00
    2.31713e+24         2.24373e+12    0.00000e+00
    2.31713e+24         2.02837e+12    0.00000e+00
    2.31713e+24         1.89659e+12    0.00000e+00
    2.31713e+24         1.74586e+12    0.00000e+00
    2.31713e+24         1.65691e+12    0.00000e+00
    2.31713e+24         1.55815e+12    0.00000e+00
    2.31713e+24         1.44645e+12    0.00000e+00
    2.31713e+24         1.31679e+12    0.00000e+00
    2.31713e+24         1.23852e+12    0.00000e+00
    2.31713e+24         1.14998e+12    0.00000e+00
    2.31713e+24         1.04716e+12    0.00000e+00
    2.31713e+24         9.85019e+11    0.00000e+00
    2.31713e+24         9.14625e+11    0.00000e+00
    2.31713e+24         8.32673e+11    0.00000e+00
    2.31713e+24         7.82941e+11    0.00000e+00
    2.31713e+24         7.26476e+11    0.00000e+00
    2.31713e+24         6.60585e+11    0.00000e+00
    2.31713e+24         6.20497e+11    0.00000e+00
    2.31713e+24         5.74893e+11    0.00000e+00
    2.31713e+24         5.21539e+11    0.00000e+00
    2.31713e+24         4.88929e+11    0.00000e+00
    2.31713e+24         4.51673e+11    0.00000e+00
    2.31713e+24         4.07812e+11    0.00000e+00
    2.31713e+24         3.80644e+11    0.00000e+00
    2.31713e+24         3.49199e+11    0.00000e+00
    2.31713e+24         3.30332e+11    0.00000e+00
    2.31713e+24         3.09054e+11    0.00000e+00
    2.31713e+24         2.84468e+11    0.00000e+00
    2.31713e+24         2.69746e+11    0.00000e+00
    2.31713e+24         2.53227e+11    0.00000e+00
    2.31713e+24         2.34343e+11    0.00000e+00
    2.31713e+24         2.12075e+11    0.00000e+00
    2.31713e+24         1.98329e+11    0.00000e+00
    2.31713e+24         1.82531e+11    0.00000e+00
    2.31713e+24         1.73158e+11    0.00000e+00
    2.31713e+24         1.62710e+11    0.00000e+00
    2.31713e+24         1.50842e+11    0.00000e+00
    2.31713e+24         1.36995e+11    0.00000e+00
    2.31713e+24         1.28581e+11    0.00000e+00
    2.31713e+24         1.19018e+11    0.00000e+00
    2.31713e+24         1.07842e+11    0.00000e+00
    2.31713e+24         1.01027e+11    0.00000e+00
    2.31713e+24         9.32573e+10    0.00000e+00
    2.31713e+24         8.41345e+10    0.00000e+00
    2.31713e+24         7.85272e+10    0.00000e+00
    2.31713e+24         7.20887e+10    0.00000e+00
    2.31713e+24         6.82679e+10    0.00000e+00
    2.31713e+24         6.40069e+10    0.00000e+00
    2.31713e+24         5.91590e+10    0.00000e+00
    2.31713e+24         5.34834e+10    0.00000e+00
    2.31713e+24         5.00109e+10    0.00000e+00
    2.31713e+24         4.60394e+10    0.00000e+00
    2.31713e+24         4.36961e+10    0.00000e+00
    2.31713e+24         4.10946e+10    0.00000e+00
    2.31713e+24         3.81533e+10    0.00000e+00
    2.31713e+24         3.47410e+10    0.00000e+00
    2.31713e+24         3.26831e+10    0.00000e+00
    2.31713e+24         3.03580e+10    0.00000e+00
    2.31713e+24         2.76629e+10    0.00000e+00
    2.31713e+24         2.60401e+10    0.00000e+00
    2.31713e+24         2.42086e+10    0.00000e+00
    2.31713e+24         2.20895e+10    0.00000e+00
    2.31713e+24         2.08169e+10    0.00000e+00
    2.31713e+24         1.93840e+10    0.00000e+00
    2.31713e+24         1.77314e+10    0.00000e+00
    2.31713e+24         1.67439e+10    0.00000e+00
    2.31713e+24         1.56364e+10    0.00000e+00
    2.31713e+24         1.43665e+10    0.00000e+00
    2.31713e+24         1.36144e+10    0.00000e+00
    2.31713e+24         1.27769e+10    0.00000e+00
    2.31713e+24         1.18259e+10    0.00000e+00
    2.31713e+24         1.07159e+10    0.00000e+00
    2.31713e+24         1.00399e+10    0.00000e+00
    2.31713e+24         9.26989e+09    0.00000e+00
    2.31713e+24         8.36660e+09    0.00000e+00
    2.31713e+24         7.81217e+09    0.00000e+00
    2.31713e+24         7.17625e+09    0.00000e+00
    2.31713e+24         6.79945e+09    0.00000e+00
    2.31713e+24         6.37972e+09    0.00000e+00
    2.31713e+24         5.90295e+09    0.00000e+00
    2.31713e+24         5.34605e+09    0.00000e+00
    2.31713e+24         5.00657e+09    0.00000e+00
    2.31713e+24         4.61948e+09    0.00000e+00
    2.31713e+24         4.16481e+09    0.00000e+00
    2.31713e+24         3.88513e+09    0.00000e+00
    2.31713e+24         3.56373e+09    0.00000e+00
    2.31713e+24         3.37274e+09    0.00000e+00
    2.31713e+24         3.15951e+09    0.00000e+00
    2.31713e+24         2.91652e+09    0.00000e+00
    2.31713e+24         2.63135e+09    0.00000e+00
    2.31713e+24         2.45619e+09    0.00000e+00
    2.31713e+24         2.25516e+09    0.00000e+00
    2.31713e+24         2.13592e+09    0.00000e+00
    2.31713e+24         2.00300e+09    0.00000e+00
    2.31713e+24         1.85186e+09    0.00000e+00
    2.31713e+24         1.67503e+09    0.00000e+00
    2.31713e+24         1.56696e+09    0.00000e+00
    2.31713e+24         1.44348e+09    0.00000e+00
    2.31713e+24         1.37072e+09    0.00000e+00
    2.31713e+24         1.29003e+09    0.00000e+00
    2.31713e+24         1.19893e+09    0.00000e+00
    2.31713e+24         1.09347e+09    0.00000e+00
    2.31713e+24         1.03007e+09    0.00000e+00
    2.31713e+24         9.58632e+08    0.00000e+00
    2.31713e+24         8.76147e+08    0.00000e+00
    2.31713e+24         8.26774e+08    0.00000e+00
    2.31713e+24         7.71328e+08    0.00000e+00
    2.31713e+24         7.07624e+08    0.00000e+00
    2.31713e+24         6.69779e+08    0.00000e+00
    2.31713e+24         6.27537e+08    0.00000e+00
    2.31713e+24         5.79416e+08    0.00000e+00
    2.31713e+24         5.22969e+08    0.00000e+00
    2.31713e+24         4.88325e+08    0.00000e+00
    2.31713e+24         4.48591e+08    0.00000e+00
    2.31713e+24         4.25048e+08    0.00000e+00
    2.31713e+24         3.98826e+08    0.00000e+00
    2.31713e+24         3.69041e+08    0.00000e+00
    2.31713e+24         3.34255e+08    0.00000e+00
    2.31713e+24         3.13054e+08    0.00000e+00
    2.31713e+24         2.88883e+08    0.00000e+00
    2.31713e+24         2.60498e+08    0.00000e+00
    2.31713e+24         2.43045e+08    0.00000e+00
    2.31713e+24         2.22995e+08    0.00000e+00
    2.31713e+24         2.11086e+08    0.00000e+00
    2.31713e+24         1.97795e+08    0.00000e+00
    2.31713e+24         1.82658e+08    0.00000e+00
    2.31713e+24         1.64909e+08    0.00000e+00
    2.31713e+24         1.54021e+08    0.00000e+00
    2.31713e+24         1.41539e+08    0.00000e+00
    2.31713e+24         1.34149e+08    0.00000e+00
    2.31713e+24         1.25922e+08    0.00000e+00
    2.31713e+24         1.16585e+08    0.00000e+00
    2.31713e+24         1.05693e+08    0.00000e+00
    2.31713e+24         9.90663e+07    0.00000e+00
    2.31713e+24         9.15237e+07    0.00000e+00
    2.31713e+24         8.26866e+07    0.00000e+00
    2.31713e+24         7.72731e+07    0.00000e+00
    2.31713e+24         7.10746e+07    0.00000e+00
    2.31713e+24         6.74112e+07    0.00000e+00
    2.31713e+24         6.33388e+07    0.00000e+00
    2.31713e+24         5.87259e+07    0.00000e+00
    2.31713e+24         5.33599e+07    0.00000e+00
    2.31713e+24         5.01101e+07    0.00000e+00
    2.31713e+24         4.64251e+07    0.00000e+00
    2.31713e+24         4.21320e+07    0.00000e+00
    2.31713e+24         3.95256e+07    0.00000e+00
    2.31713e+24         3.65642e+07    0.00000e+00
    2.31713e+24         3.31037e+07    0.00000e+00
    2.31713e+24         3.09928e+07    0.00000e+00
    2.31713e+24         2.85845e+07    0.00000e+00
    2.31713e+24         2.57534e+07    0.00000e+00
    2.31713e+24         2.40095e+07    0.00000e+00
    2.31713e+24         2.20030e+07    0.00000e+00
    2.31713e+24         2.08085e+07    0.00000e+00
    2.31713e+24         1.94728e+07    0.00000e+00
    2.31713e+24         1.79477e+07    0.00000e+00
    2.31713e+24         1.70500e+07    0.00000e+00
    2.31713e+24         1.60554e+07    0.00000e+00
    2.31713e+24         1.49336e+07    0.00000e+00
    2.31713e+24         1.36370e+07    0.00000e+00
    2.31713e+24         1.28596e+07    0.00000e+00
    2.31713e+24         1.19853e+07    0.00000e+00
    2.31713e+24         1.09788e+07    0.00000e+00
    2.31713e+24         1.03791e+07    0.00000e+00
    2.31713e+24         9.70804e+06    0.00000e+00
    2.31713e+24         8.94101e+06    0.00000e+00
    2.31713e+24         8.48887e+06    0.00000e+00
    2.31713e+24         7.98728e+06    0.00000e+00
    2.31713e+24         7.42072e+06    0.00000e+00
    2.31713e+24         6.76435e+06    0.00000e+00
    2.31713e+24         6.36938e+06    0.00000e+00
    2.31713e+24         5.92391e+06    0.00000e+00
    2.31713e+24         5.40892e+06    0.00000e+00
    2.31713e+24         5.10005e+06    0.00000e+00
    2.31713e+24         4.75265e+06    0.00000e+00
    2.31713e+24         4.35260e+06    0.00000e+00
    2.31713e+24         4.11412e+06    0.00000e+00
    2.31713e+24         3.84719e+06    0.00000e+00
    2.31713e+24         3.54193e+06    0.00000e+00
    2.31713e+24         3.36186e+06    0.00000e+00
    2.31713e+24         3.16198e+06    0.00000e+00
    2.31713e+24         2.93603e+06    0.00000e+00
    2.31713e+24         2.67397e+06    0.00000e+00
    2.31713e+24         2.51600e+06    0.00000e+00
    2.31713e+24         2.33757e+06    0.00000e+00
    2.31713e+24         2.13085e+06    0.00000e+00
    2.31713e+24         2.00647e+06    0.00000e+00
    2.31713e+24         1.86619e+06    0.00000e+00
    2.31713e+24         1.70403e+06    0.00000e+00
    2.31713e+24         1.60678e+06    0.00000e+00
    2.31713e+24         1.49740e+06    0.00000e+00
    2.31713e+24         1.37147e+06    0.00000e+00
    2.31713e+24         1.29640e+06    0.00000e+00
    2.31713e+24         1.21239e+06    0.00000e+00
    2.31713e+24         1.11634e+06    0.00000e+00
    2.31713e+24         1.05969e+06    0.00000e+00
    2.31713e+24         9.96825e+05    0.00000e+00
    2.31713e+24         9.25779e+05    0.00000e+00
    2.31713e+24         8.43411e+05    0.00000e+00
    2.31713e+24         7.93790e+05    0.00000e+00
    2.31713e+24         7.37771e+05    0.00000e+00
    2.31713e+24         6.72923e+05    0.00000e+00
    2.31713e+24         6.33948e+05    0.00000e+00
    2.31713e+24         5.90034e+05    0.00000e+00
    2.31713e+24         5.39339e+05    0.00000e+00
    2.31713e+24         5.09003e+05    0.00000e+00
    2.31713e+24         4.74943e+05    0.00000e+00
    2.31713e+24         4.35823e+05    0.00000e+00
    2.31713e+24         4.12593e+05    0.00000e+00
    2.31713e+24         3.86675e+05    0.00000e+00
    2.31713e+24         3.57165e+05    0.00000e+00
    2.31713e+24         3.22578e+05    0.00000e+00
    2.31713e+24         3.01377e+05    0.00000e+00
    2.31713e+24         2.77089e+05    0.00000e+00
    2.31713e+24         2.62722e+05    0.00000e+00
    2.31713e+24         2.46741e+05    0.00000e+00
    2.31713e+24         2.28623e+05    0.00000e+00
    2.31713e+24         2.07519e+05    0.00000e+00
    2.31713e+24         1.94713e+05    0.00000e+00
    2.31713e+24         1.80165e+05    0.00000e+00
    2.31713e+24         1.63174e+05    0.00000e+00
    2.31713e+24         1.52817e+05    0.00000e+00
    2.31713e+24         1.41009e+05    0.00000e+00
    2.31713e+24         1.27140e+05    0.00000e+00
    2.31713e+24         1.18610e+05    0.00000e+00
    2.31713e+24         1.08810e+05    0.00000e+00
    2.31713e+24         1.02987e+05    0.00000e+00
    2.31713e+24         9.64867e+04    0.00000e+00
    2.31713e+24         8.90815e+04    0.00000e+00
    2.31713e+24         8.03939e+04    0.00000e+00
    2.31713e+24         7.50606e+04    0.00000e+00
    2.31713e+24         6.89424e+04    0.00000e+00
    2.31713e+24         6.53163e+04    0.00000e+00
    2.31713e+24         6.12764e+04    0.00000e+00
    2.31713e+24         5.66862e+04    0.00000e+00
    2.31713e+24         5.13226e+04    0.00000e+00
    2.31713e+24         4.80509e+04    0.00000e+00
    2.31713e+24         4.43186e+04    0.00000e+00
    2.31713e+24         3.99311e+04    0.00000e+00
    2.31713e+24         3.72288e+04    0.00000e+00
    2.31713e+24         3.41200e+04    0.00000e+00
    2.31713e+24         3.22694e+04    0.00000e+00
    2.31713e+24         3.02005e+04    0.00000e+00
    2.31713e+24         2.78384e+04    0.00000e+00
    2.31713e+24         2.50585e+04    0.00000e+00
    2.31713e+24         2.33430e+04    0.00000e+00
    2.31713e+24         2.13661e+04    0.00000e+00
    2.31713e+24         2.01863e+04    0.00000e+00
    2.31713e+24         1.88646e+04    0.00000e+00
    2.31713e+24         1.73511e+04    0.00000e+00
    2.31713e+24         1.64566e+04    0.00000e+00
    2.31713e+24         1.54622e+04    0.00000e+00
    2.31713e+24         1.43358e+04    0.00000e+00
    2.31713e+24         1.30254e+04    0.00000e+00
    2.31713e+24         1.22318e+04    0.00000e+00
    2.31713e+24         1.13319e+04    0.00000e+00
    2.31713e+24         1.02833e+04    0.00000e+00
    2.31713e+24         9.64661e+03    0.00000e+00
    2.31713e+24         8.92313e+03    0.00000e+00
    2.31713e+24         8.07758e+03    0.00000e+00
    2.31713e+24         7.56166e+03    0.00000e+00
    2.31713e+24         6.97294e+03    0.00000e+00
    2.31713e+24         6.28061e+03    0.00000e+00
    2.31713e+24         5.85392e+03    0.00000e+00
    2.31713e+24         5.36276e+03    0.00000e+00
    2.31713e+24         5.07014e+03    0.00000e+00
    2.31713e+24         4.74277e+03    0.00000e+00
    2.31713e+24         4.36864e+03    0.00000e+00
    2.31713e+24         4.14816e+03    0.00000e+00
    2.31713e+24         3.90363e+03    0.00000e+00
    2.31713e+24         3.62749e+03    0.00000e+00
    2.31713e+24         3.30772e+03    0.00000e+00
    2.31713e+24         3.11543e+03    0.00000e+00
    2.31713e+24         2.89866e+03    0.00000e+00
    2.31713e+24         2.64827e+03    0.00000e+00
    2.31713e+24         2.49827e+03    0.00000e+00
    2.31713e+24         2.32973e+03    0.00000e+00
    2.31713e+24         2.13592e+03    0.00000e+00
    2.31713e+24         2.02062e+03    0.00000e+00
    2.31713e+24         1.89180e+03    0.00000e+00
    2.31713e+24         1.74484e+03    0.00000e+00
    2.31713e+24         1.57207e+03    0.00000e+00
    2.31713e+24         1.46566e+03    0.00000e+00
    2.31713e+24         1.34323e+03    0.00000e+00
    2.31713e+24         1.27036e+03    0.00000e+00
    2.31713e+24         1.18888e+03    0.00000e+00
    2.31713e+24         1.09584e+03    0.00000e+00
    2.31713e+24         9.86346e+02    0.00000e+00
    2.31713e+24         9.18766e+02    0.00000e+00
    2.31713e+24         8.40879e+02    0.00000e+00
    2.31713e+24         7.94387e+02    0.00000e+00
    2.31713e+24         7.42294e+02    0.00000e+00
    2.31713e+24         6.82632e+02    0.00000e+00
    2.31713e+24         6.47360e+02    0.00000e+00
    2.31713e+24         6.08138e+02    0.00000e+00
    2.31713e+24         5.63695e+02    0.00000e+00
    2.31713e+24         5.11966e+02    0.00000e+00
    2.31713e+24         4.80612e+02    0.00000e+00
    2.31713e+24         4.45033e+02    0.00000e+00
    2.31713e+24         4.03537e+02    0.00000e+00
    2.31713e+24         3.78303e+02    0.00000e+00
    2.31713e+24         3.49590e+02    0.00000e+00
    2.31713e+24         3.15967e+02    0.00000e+00
    2.31713e+24         2.95387e+02    0.00000e+00
    2.31713e+24         2.71840e+02    0.00000e+00
    2.31713e+24         2.57938e+02    0.00000e+00
    2.31713e+24         2.42498e+02    0.00000e+00
    2.31713e+24         2.25028e+02    0.00000e+00
    2.31713e+24         2.04741e+02    0.00000e+00
    2.31713e+24         1.92488e+02    0.00000e+00
    2.31713e+24         1.78625e+02    0.00000e+00
    2.31713e+24         1.62527e+02    0.00000e+00
    2.31713e+24         1.52804e+02    0.00000e+00
    2.31713e+24         1.41805e+02    0.00000e+00
    2.31713e+24         1.29033e+02    0.00000e+00
    2.31713e+24         1.21320e+02    0.00000e+00
    2.31713e+24         1.12596e+02    0.00000e+00
    2.31713e+24         1.02467e+02    0.00000e+00
    2.31713e+24         9.63520e+01    0.00000e+00
    2.31713e+24         8.94361e+01    0.00000e+00
    2.31713e+24         8.14091e+01    0.00000e+00
    2.31713e+24         7.65652e+01    0.00000e+00
    2.31713e+24         7.10890e+01    0.00000e+00
    2.31713e+24         6.47365e+01    0.00000e+00
    2.31713e+24         6.09064e+01    0.00000e+00
    2.31713e+24         5.65793e+01    0.00000e+00
    2.31713e+24         5.15652e+01    0.00000e+00
    2.31713e+24         4.85468e+01    0.00000e+00
    2.31713e+24         4.51415e+01    0.00000e+00
    2.31713e+24         4.12029e+01    0.00000e+00
    2.31713e+24         3.88392e+01    0.00000e+00
    2.31713e+24         3.61790e+01    0.00000e+00
    2.31713e+24         3.31132e+01    0.00000e+00
    2.31713e+24         3.12833e+01    0.00000e+00
    2.31713e+24         2.92331e+01    0.00000e+00
    2.31713e+24         2.68853e+01    0.00000e+00
    2.31713e+24         2.54973e+01    0.00000e+00
    2.31713e+24         2.39542e+01    0.00000e+00
    2.31713e+24         2.22058e+01    0.00000e+00
    2.31713e+24         2.01713e+01    0.00000e+00
    2.31713e+24         1.89385e+01    0.00000e+00
    2.31713e+24         1.75400e+01    0.00000e+00
    2.31713e+24         1.59095e+01    0.00000e+00
    2.31713e+24         1.49186e+01    0.00000e+00
    2.31713e+24         1.37917e+01    0.00000e+00
    2.31713e+24         1.24732e+01    0.00000e+00
    2.31713e+24         1.16672e+01    0.00000e+00
    2.31713e+24         1.07459e+01    0.00000e+00
    2.31713e+24         1.02030e+01    0.00000e+00
    2.31713e+24         9.60064e+00    0.00000e+00
    2.31713e+24         8.92038e+00    0.00000e+00
    2.31713e+24         8.13241e+00    0.00000e+00
    2.31713e+24         7.65838e+00    0.00000e+00
    2.31713e+24         7.12385e+00    0.00000e+00
    2.31713e+24         6.50610e+00    0.00000e+00
    2.31713e+24         6.13578e+00    0.00000e+00
    2.31713e+24         5.71941e+00    0.00000e+00
    2.31713e+24         5.24022e+00    0.00000e+00
    2.31713e+24         4.95480e+00    0.00000e+00
    2.31713e+24         4.63555e+00    0.00000e+00
    2.31713e+24         4.27081e+00    0.00000e+00
    2.31713e+24         4.05596e+00    0.00000e+00
    2.31713e+24         3.81774e+00    0.00000e+00
    2.31713e+24         3.54888e+00    0.00000e+00
    2.31713e+24         3.23772e+00    0.00000e+00
    2.31713e+24         3.05081e+00    0.00000e+00
    2.31713e+24         2.84029e+00    0.00000e+00
    2.31713e+24         2.59740e+00    0.00000e+00
    2.31713e+24         2.45218e+00    0.00000e+00
    2.31713e+24         2.28926e+00    0.00000e+00
    2.31713e+24         2.10232e+00    0.00000e+00
    2.31713e+24         1.99149e+00    0.00000e+00
    2.31713e+24         1.86797e+00    0.00000e+00
    2.31713e+24         1.72759e+00    0.00000e+00
    2.31713e+24         1.56346e+00    0.00000e+00
    2.31713e+24         1.46326e+00    0.00000e+00
    2.31713e+24         1.34887e+00    0.00000e+00
    2.31713e+24         1.21425e+00    0.00000e+00
    2.31713e+24         1.13119e+00    0.00000e+00
    2.31713e+24         1.03549e+00    0.00000e+00
    2.31713e+24         9.78385e-01    0.00000e+00
    2.31713e+24         9.14418e-01    0.00000e+00
    2.31713e+24         8.41188e-01    0.00000e+00
    2.31713e+24         7.97921e-01    0.00000e+00
    2.31713e+24         7.49834e-01    0.00000e+00
    2.31713e+24         6.95382e-01    0.00000e+00
    2.31713e+24         6.32069e-01    0.00000e+00
    2.31713e+24         5.93752e-01    0.00000e+00
    2.31713e+24         5.50331e-01    0.00000e+00
    2.31713e+24         4.99787e-01    0.00000e+00
    2.31713e+24         4.69145e-01    0.00000e+00
    2.31713e+24         4.34370e-01    0.00000e+00
    2.31713e+24         3.93804e-01    0.00000e+00
    2.31713e+24         3.69126e-01    0.00000e+00
    2.31713e+24         3.41039e-01    0.00000e+00
    2.31713e+24         3.08136e-01    0.00000e+00
    2.31713e+24         2.87983e-01    0.00000e+00
    2.31713e+24         2.64910e-01    0.00000e+00
    2.31713e+24         2.51277e-01    0.00000e+00
    2.31713e+24         2.36124e-01    0.00000e+00
    2.31713e+24         2.18964e-01    0.00000e+00
    2.31713e+24         1.99010e-01    0.00000e+00
    2.31713e+24         1.86931e-01    0.00000e+00
    2.31713e+24         1.73241e-01    0.00000e+00
    2.31713e+24         1.57302e-01    0.00000e+00
    2.31713e+24         1.47636e-01    0.00000e+00
    2.31713e+24         1.36662e-01    0.00000e+00
    2.31713e+24         1.23855e-01    0.00000e+00
    2.31713e+24         1.16059e-01    0.00000e+00
    2.31713e+24         1.07180e-01    0.00000e+00
    2.31713e+24         9.67697e-02    0.00000e+00
    2.31713e+24         9.03842e-02    0.00000e+00
    2.31713e+24         8.30645e-02    0.00000e+00
    2.31713e+24         7.87313e-02    0.00000e+00
    2.31713e+24         7.39079e-02    0.00000e+00
    2.31713e+24         6.84344e-02    0.00000e+00
    2.31713e+24         6.20504e-02    0.00000e+00
    2.31713e+24         5.81677e-02    0.00000e+00
    2.31713e+24         5.37495e-02    0.00000e+00
    2.31713e+24         4.85750e-02    0.00000e+00
    2.31713e+24         4.54072e-02    0.00000e+00
    2.31713e+24         4.17820e-02    0.00000e+00
    2.31713e+24         3.96412e-02    0.00000e+00
    2.31713e+24         3.72629e-02    0.00000e+00
    2.31713e+24         3.45714e-02    0.00000e+00
    2.31713e+24         3.14444e-02    0.00000e+00
    2.31713e+24         2.95545e-02    0.00000e+00
    2.31713e+24         2.74152e-02    0.00000e+00
    2.31713e+24         2.49290e-02    0.00000e+00
    2.31713e+24         2.34255e-02    0.00000e+00
    2.31713e+24         2.17229e-02    0.00000e+00
    2.31713e+24         1.97429e-02    0.00000e+00
    2.31713e+24         1.85444e-02    0.00000e+00
    2.31713e+24         1.71860e-02    0.00000e+00
    2.31713e+24         1.56043e-02    0.00000e+00
    2.31713e+24         1.46451e-02    0.00000e+00
    2.31713e+24         1.35560e-02    0.00000e+00
    2.31713e+24         1.22849e-02    0.00000e+00
    2.31713e+24         1.15111e-02    0.00000e+00
    2.31713e+24         1.06297e-02    0.00000e+00
    2.31713e+24         9.59603e-03    0.00000e+00
    2.31713e+24         8.96188e-03    0.00000e+00
    2.31713e+24         8.23480e-03    0.00000e+00
    2.31713e+24         7.80424e-03    0.00000e+00
    2.31713e+24         7.32485e-03    0.00000e+00
    2.31713e+24         6.78067e-03    0.00000e+00
    2.31713e+24         6.14563e-03    0.00000e+00
    2.31713e+24         5.75910e-03    0.00000e+00
    2.31713e+24         5.31895e-03    0.00000e+00
    2.31713e+24         4.80293e-03    0.00000e+00
    2.31713e+24         4.48651e-03    0.00000e+00
    2.31713e+24         4.12387e-03    0.00000e+00
    2.31713e+24         3.90927e-03    0.00000e+00
    2.31713e+24         3.67045e-03    0.00000e+00
    2.31713e+24         3.39954e-03    0.00000e+00
    2.31713e+24         3.08374e-03    0.00000e+00
    2.31713e+24         2.89185e-03    0.00000e+00
    2.31713e+24         2.67364e-03    0.00000e+00
    2.31713e+24         2.41835e-03    0.00000e+00
    2.31713e+24         2.26234e-03    0.00000e+00
    2.31713e+24         2.08407e-03    0.00000e+00
    2.31713e+24         1.97904e-03    0.00000e+00
    2.31713e+24         1.86256e-03    0.00000e+00
    2.31713e+24         1.73105e-03    0.00000e+00
    2.31713e+24         1.57880e-03    0.00000e+00
    2.31713e+24         1.48729e-03    0.00000e+00
    2.31713e+24         1.38417e-03    0.00000e+00
    2.31713e+24         1.26512e-03    0.00000e+00
    2.31713e+24         1.19386e-03    0.00000e+00
    2.31713e+24         1.11384e-03    0.00000e+00
    2.31713e+24         1.02190e-03    0.00000e+00
    2.31713e+24         9.67297e-04    0.00000e+00
    2.31713e+24         9.06350e-04    0.00000e+00
    2.31713e+24         8.36930e-04    0.00000e+00
    2.31713e+24         7.55516e-04    0.00000e+00
    2.31713e+24         7.05564e-04    0.00000e+00
    2.31713e+24         6.48288e-04    0.00000e+00
    2.31713e+24         6.14366e-04    0.00000e+00
    2.31713e+24         5.76595e-04    0.00000e+00
    2.31713e+24         5.33713e-04    0.00000e+00
    2.31713e+24         4.83664e-04    0.00000e+00
    2.31713e+24         4.53192e-04    0.00000e+00
    2.31713e+24         4.18485e-04    0.00000e+00
    2.31713e+24         3.77782e-04    0.00000e+00
    2.31713e+24         3.52808e-04    0.00000e+00
    2.31713e+24         3.24175e-04    0.00000e+00
    2.31713e+24         3.07217e-04    0.00000e+00
    2.31713e+24         2.88336e-04    0.00000e+00
    2.31713e+24         2.66901e-04    0.00000e+00
    2.31713e+24         2.41884e-04    0.00000e+00
    2.31713e+24         2.26655e-04    0.00000e+00
    2.31713e+24         2.09310e-04    0.00000e+00
    2.31713e+24         1.88972e-04    0.00000e+00
    2.31713e+24         1.76496e-04    0.00000e+00
    2.31713e+24         1.62194e-04    0.00000e+00
    2.31713e+24         1.53726e-04    0.00000e+00
    2.31713e+24         1.44300e-04    0.00000e+00
    2.31713e+24         1.33602e-04    0.00000e+00
    2.31713e+24         1.21122e-04    0.00000e+00
    2.31713e+24         1.13530e-04    0.00000e+00
    2.31713e+24         1.04889e-04    0.00000e+00
    2.31713e+24         9.47650e-05    0.00000e+00
    2.31713e+24         8.85637e-05    0.00000e+00
    2.31713e+24         8.14637e-05    0.00000e+00
    2.31713e+24         7.72679e-05    0.00000e+00
    2.31713e+24         7.26040e-05    0.00000e+00
    2.31713e+24         6.73217e-05    0.00000e+00
    2.31713e+24         6.11779e-05    0.00000e+00
    2.31713e+24         5.74580e-05    0.00000e+00
    2.31713e+24         5.32409e-05    0.00000e+00
    2.31713e+24         4.83293e-05    0.00000e+00
    2.31713e+24         4.53490e-05    0.00000e+00
    2.31713e+24         4.19641e-05    0.00000e+00
    2.31713e+24         3.80111e-05    0.00000e+00
    2.31713e+24         3.56021e-05    0.00000e+00
    2.31713e+24         3.28560e-05    0.00000e+00
    2.31713e+24         2.96318e-05    0.00000e+00
    2.31713e+24         2.76498e-05    0.00000e+00
    2.31713e+24         2.53734e-05    0.00000e+00
    2.31713e+24         2.40219e-05    0.00000e+00


