              t                   M              a
    1.23833e-21         1.00000e+17    8.00000e-01
    1.23833e-21         9.59985e+16    7.50091e-01
    1.23833e-21         9.22797e+16    7.10021e-01
    1.23833e-21         8.85342e+16    6.75897e-01
    1.23833e-21         8.46019e+16    6.46473e-01
    1.23833e-21         8.03613e+16    6.20574e-01
    1.23833e-21         7.57165e+16    5.96711e-01
    1.23833e-21         7.04835e+16    5.75068e-01
    1.23833e-21         6.43962e+16    5.55746e-01
    1.23833e-21         6.07390e+16    5.46495e-01
    1.23833e-21         5.66149e+16    5.37423e-01
    1.23833e-21         5.18525e+16    5.28526e-01
    1.23833e-21         4.90009e+16    5.24085e-01
    1.23833e-21         4.57970e+16    5.19664e-01
    1.23833e-21         4.21172e+16    5.15255e-01
    1.23833e-21         3.99347e+16    5.13053e-01
    1.23833e-21         3.75043e+16    5.10811e-01
    1.23833e-21         3.47437e+16    5.08564e-01
    1.23833e-21         3.15213e+16    5.06309e-01
    1.23833e-21         2.95609e+16    5.05163e-01
    1.23833e-21         2.73299e+16    5.04006e-01
    1.23833e-21         2.47174e+16    5.02839e-01
    1.23833e-21         2.31190e+16    5.02251e-01
    1.23833e-21         2.12912e+16    5.01652e-01
    1.23833e-21         2.02132e+16    5.01347e-01
    1.23833e-21         1.90169e+16    5.01038e-01
    1.23833e-21         1.76649e+16    5.00726e-01
    1.23833e-21         1.60978e+16    5.00407e-01
    1.23833e-21         1.51541e+16    5.00244e-01
    1.23833e-21         1.40890e+16    5.00079e-01
    1.23833e-21         1.28567e+16    4.99912e-01
    1.23833e-21         1.21166e+16    4.99824e-01
    1.23833e-21         1.12834e+16    4.99734e-01
    1.23833e-21         1.03224e+16    4.99640e-01
    1.23833e-21         9.74831e+15    4.99591e-01
    1.23833e-21         9.10454e+15    4.99541e-01
    1.23833e-21         8.36650e+15    4.99488e-01
    1.23833e-21         7.92947e+15    4.99460e-01
    1.23833e-21         7.44295e+15    4.99431e-01
    1.23833e-21         6.89073e+15    4.99401e-01
    1.23833e-21         6.24644e+15    4.99370e-01
    1.23833e-21         5.85440e+15    4.99353e-01
    1.23833e-21         5.40811e+15    4.99334e-01
    1.23833e-21         4.88510e+15    4.99315e-01
    1.23833e-21         4.56461e+15    4.99305e-01
    1.23833e-21         4.19752e+15    4.99294e-01
    1.23833e-21         3.98048e+15    4.99288e-01
    1.23833e-21         3.73911e+15    4.99282e-01
    1.23833e-21         3.46558e+15    4.99276e-01
    1.23833e-21         3.14716e+15    4.99268e-01
    1.23833e-21         2.95410e+15    4.99264e-01
    1.23833e-21         2.73499e+15    4.99261e-01
    1.23833e-21         2.47936e+15    4.99256e-01
    1.23833e-21         2.32383e+15    4.99254e-01
    1.23833e-21         2.14679e+15    4.99251e-01
    1.23833e-21         1.93934e+15    4.99249e-01
    1.23833e-21         1.81224e+15    4.99247e-01
    1.23833e-21         1.66668e+15    4.99245e-01
    1.23833e-21         1.58064e+15    4.99244e-01
    1.23833e-21         1.48497e+15    4.99243e-01
    1.23833e-21         1.37658e+15    4.99242e-01
    1.23833e-21         1.25044e+15    4.99241e-01
    1.23833e-21         1.17401e+15    4.99240e-01
    1.23833e-21         1.08731e+15    4.99240e-01
    1.23833e-21         9.86218e+14    4.99239e-01
    1.23833e-21         9.24782e+14    4.99238e-01
    1.23833e-21         8.54912e+14    4.99238e-01
    1.23833e-21         7.73154e+14    4.99237e-01
    1.23833e-21         7.23172e+14    4.99237e-01
    1.23833e-21         6.66043e+14    4.99237e-01
    1.23833e-21         6.32368e+14    4.99236e-01
    1.23833e-21         5.95011e+14    4.99236e-01
    1.23833e-21         5.52816e+14    4.99236e-01
    1.23833e-21         5.03934e+14    4.99236e-01
    1.23833e-21         4.74521e+14    4.99236e-01
    1.23833e-21         4.41349e+14    4.99235e-01
    1.23833e-21         4.03003e+14    4.99235e-01
    1.23833e-21         3.80008e+14    4.99235e-01
    1.23833e-21         3.54146e+14    4.99235e-01
    1.23833e-21         3.24369e+14    4.99235e-01
    1.23833e-21         3.06621e+14    4.99235e-01
    1.23833e-21         2.86759e+14    4.99235e-01
    1.23833e-21         2.64051e+14    4.99235e-01
    1.23833e-21         2.50659e+14    4.99235e-01
    1.23833e-21         2.35799e+14    4.99235e-01
    1.23833e-21         2.19007e+14    4.99235e-01
    1.23833e-21         1.99541e+14    4.99235e-01
    1.23833e-21         1.87817e+14    4.99235e-01
    1.23833e-21         1.74582e+14    4.99235e-01
    1.23833e-21         1.59266e+14    4.99235e-01
    1.23833e-21         1.50064e+14    4.99235e-01
    1.23833e-21         1.39699e+14    4.99235e-01
    1.23833e-21         1.27738e+14    4.99234e-01
    1.23833e-21         1.20586e+14    4.99234e-01
    1.23833e-21         1.12559e+14    4.99234e-01
    1.23833e-21         1.03348e+14    4.99234e-01
    1.23833e-21         9.78842e+13    4.99234e-01
    1.23833e-21         9.17938e+13    4.99234e-01
    1.23833e-21         8.48684e+13    4.99234e-01
    1.23833e-21         7.67667e+13    4.99234e-01
    1.23833e-21         7.18156e+13    4.99234e-01
    1.23833e-21         6.61584e+13    4.99234e-01
    1.23833e-21         6.28253e+13    4.99234e-01
    1.23833e-21         5.91292e+13    4.99234e-01
    1.23833e-21         5.49566e+13    4.99234e-01
    1.23833e-21         5.01264e+13    4.99234e-01
    1.23833e-21         4.72233e+13    4.99234e-01
    1.23833e-21         4.39524e+13    4.99234e-01
    1.23833e-21         4.01766e+13    4.99234e-01
    1.23833e-21         3.79171e+13    4.99234e-01
    1.23833e-21         3.53803e+13    4.99234e-01
    1.23833e-21         3.24667e+13    4.99234e-01
    1.23833e-21         3.07367e+13    4.99234e-01
    1.23833e-21         2.88065e+13    4.99234e-01
    1.23833e-21         2.66090e+13    4.99234e-01
    1.23833e-21         2.40334e+13    4.99234e-01
    1.23833e-21         2.24549e+13    4.99234e-01
    1.23833e-21         2.06466e+13    4.99234e-01
    1.23833e-21         1.95771e+13    4.99234e-01
    1.23833e-21         1.83876e+13    4.99234e-01
    1.23833e-21         1.70392e+13    4.99234e-01
    1.23833e-21         1.54690e+13    4.99234e-01
    1.23833e-21         1.45164e+13    4.99234e-01
    1.23833e-21         1.34347e+13    4.99234e-01
    1.23833e-21         1.21718e+13    4.99234e-01
    1.23833e-21         1.14025e+13    4.99234e-01
    1.23833e-21         1.05259e+13    4.99234e-01
    1.23833e-21         9.49720e+12    4.99234e-01
    1.23833e-21         8.86540e+12    4.99234e-01
    1.23833e-21         8.14034e+12    4.99234e-01
    1.23833e-21         7.71035e+12    4.99234e-01
    1.23833e-21         7.23106e+12    4.99234e-01
    1.23833e-21         6.68614e+12    4.99234e-01
    1.23833e-21         6.04877e+12    4.99234e-01
    1.23833e-21         5.65939e+12    4.99234e-01
    1.23833e-21         5.21458e+12    4.99234e-01
    1.23833e-21         4.95261e+12    4.99234e-01
    1.23833e-21         4.66220e+12    4.99234e-01
    1.23833e-21         4.33448e+12    4.99234e-01
    1.23833e-21         3.95534e+12    4.99234e-01
    1.23833e-21         3.72768e+12    4.99234e-01
    1.23833e-21         3.47136e+12    4.99234e-01
    1.23833e-21         3.17580e+12    4.99234e-01
    1.23833e-21         2.99923e+12    4.99234e-01
    1.23833e-21         2.80125e+12    4.99234e-01
    1.23833e-21         2.57431e+12    4.99234e-01
    1.23833e-21         2.43995e+12    4.99234e-01
    1.23833e-21         2.29039e+12    4.99234e-01
    1.23833e-21         2.12065e+12    4.99234e-01
    1.23833e-21         1.92265e+12    4.99234e-01
    1.23833e-21         1.80222e+12    4.99234e-01
    1.23833e-21         1.66515e+12    4.99234e-01
    1.23833e-21         1.50458e+12    4.99234e-01
    1.23833e-21         1.40624e+12    4.99234e-01
    1.23833e-21         1.29368e+12    4.99234e-01
    1.23833e-21         1.22717e+12    4.99234e-01
    1.23833e-21         1.15326e+12    4.99234e-01
    1.23833e-21         1.06958e+12    4.99234e-01
    1.23833e-21         9.72289e+11    4.99234e-01
    1.23833e-21         9.13421e+11    4.99234e-01
    1.23833e-21         8.46720e+11    4.99234e-01
    1.23833e-21         7.69097e+11    4.99234e-01
    1.23833e-21         7.22055e+11    4.99234e-01
    1.23833e-21         6.68685e+11    4.99234e-01
    1.23833e-21         6.06455e+11    4.99234e-01
    1.23833e-21         5.68627e+11    4.99234e-01
    1.23833e-21         5.25598e+11    4.99234e-01
    1.23833e-21         4.75236e+11    4.99234e-01
    1.23833e-21         4.44436e+11    4.99234e-01
    1.23833e-21         4.09218e+11    4.99234e-01
    1.23833e-21         3.88447e+11    4.99234e-01
    1.23833e-21         3.65396e+11    4.99234e-01
    1.23833e-21         3.39345e+11    4.99234e-01
    1.23833e-21         3.09141e+11    4.99234e-01
    1.23833e-21         2.90944e+11    4.99234e-01
    1.23833e-21         2.70399e+11    4.99234e-01
    1.23833e-21         2.46613e+11    4.99234e-01
    1.23833e-21         2.32316e+11    4.99234e-01
    1.23833e-21         2.16204e+11    4.99234e-01
    1.23833e-21         1.97602e+11    4.99234e-01
    1.23833e-21         1.86468e+11    4.99234e-01
    1.23833e-21         1.73964e+11    4.99234e-01
    1.23833e-21         1.59597e+11    4.99234e-01
    1.23833e-21         1.51063e+11    4.99234e-01
    1.23833e-21         1.41536e+11    4.99234e-01
    1.23833e-21         1.30685e+11    4.99234e-01
    1.23833e-21         1.17956e+11    4.99234e-01
    1.23833e-21         1.10144e+11    4.99234e-01
    1.23833e-21         1.01185e+11    4.99234e-01
    1.23833e-21         9.58767e+10    4.99234e-01
    1.23833e-21         8.99645e+10    4.99234e-01
    1.23833e-21         8.32498e+10    4.99234e-01
    1.23833e-21         7.54082e+10    4.99234e-01
    1.23833e-21         7.06295e+10    4.99234e-01
    1.23833e-21         6.51824e+10    4.99234e-01
    1.23833e-21         5.87867e+10    4.99234e-01
    1.23833e-21         5.48553e+10    4.99234e-01
    1.23833e-21         5.03401e+10    4.99234e-01
    1.23833e-21         4.76594e+10    4.99234e-01
    1.23833e-21         4.46686e+10    4.99234e-01
    1.23833e-21         4.12639e+10    4.99234e-01
    1.23833e-21         3.72742e+10    4.99234e-01
    1.23833e-21         3.48294e+10    4.99234e-01
    1.23833e-21         3.20294e+10    4.99234e-01
    1.23833e-21         3.03739e+10    4.99234e-01
    1.23833e-21         2.85331e+10    4.99234e-01
    1.23833e-21         2.64470e+10    4.99234e-01
    1.23833e-21         2.40189e+10    4.99234e-01
    1.23833e-21         2.25470e+10    4.99234e-01
    1.23833e-21         2.08766e+10    4.99234e-01
    1.23833e-21         1.89283e+10    4.99234e-01
    1.23833e-21         1.77432e+10    4.99234e-01
    1.23833e-21         1.63945e+10    4.99234e-01
    1.23833e-21         1.48149e+10    4.99234e-01
    1.23833e-21         1.38476e+10    4.99234e-01
    1.23833e-21         1.27406e+10    4.99234e-01
    1.23833e-21         1.20866e+10    4.99234e-01
    1.23833e-21         1.13600e+10    4.99234e-01
    1.23833e-21         1.05375e+10    4.99234e-01
    1.23833e-21         9.58160e+09    4.99234e-01
    1.23833e-21         9.00351e+09    4.99234e-01
    1.23833e-21         8.34880e+09    4.99234e-01
    1.23833e-21         7.58739e+09    4.99234e-01
    1.23833e-21         7.12643e+09    4.99234e-01
    1.23833e-21         6.60392e+09    4.99234e-01
    1.23833e-21         5.99545e+09    4.99234e-01
    1.23833e-21         5.62633e+09    4.99234e-01
    1.23833e-21         5.20718e+09    4.99234e-01
    1.23833e-21         4.71785e+09    4.99234e-01
    1.23833e-21         4.41980e+09    4.99234e-01
    1.23833e-21         4.08019e+09    4.99234e-01
    1.23833e-21         3.68170e+09    4.99234e-01
    1.23833e-21         3.43698e+09    4.99234e-01
    1.23833e-21         3.15618e+09    4.99234e-01
    1.23833e-21         2.98969e+09    4.99234e-01
    1.23833e-21         2.80414e+09    4.99234e-01
    1.23833e-21         2.59321e+09    4.99234e-01
    1.23833e-21         2.34658e+09    4.99234e-01
    1.23833e-21         2.19598e+09    4.99234e-01
    1.23833e-21         2.02402e+09    4.99234e-01
    1.23833e-21         1.92281e+09    4.99234e-01
    1.23833e-21         1.81066e+09    4.99234e-01
    1.23833e-21         1.68419e+09    4.99234e-01
    1.23833e-21         1.53801e+09    4.99234e-01
    1.23833e-21         1.45037e+09    4.99234e-01
    1.23833e-21         1.35182e+09    4.99234e-01
    1.23833e-21         1.23837e+09    4.99234e-01
    1.23833e-21         1.17078e+09    4.99234e-01
    1.23833e-21         1.09516e+09    4.99234e-01
    1.23833e-21         1.00873e+09    4.99234e-01
    1.23833e-21         9.57793e+08    4.99234e-01
    1.23833e-21         9.01296e+08    4.99234e-01
    1.23833e-21         8.37494e+08    4.99234e-01
    1.23833e-21         7.63600e+08    4.99234e-01
    1.23833e-21         7.19156e+08    4.99234e-01
    1.23833e-21         6.69049e+08    4.99234e-01
    1.23833e-21         6.11156e+08    4.99234e-01
    1.23833e-21         5.76466e+08    4.99234e-01
    1.23833e-21         5.37475e+08    4.99234e-01
    1.23833e-21         4.92621e+08    4.99234e-01
    1.23833e-21         4.65925e+08    4.99234e-01
    1.23833e-21         4.36081e+08    4.99234e-01
    1.23833e-21         4.02013e+08    4.99234e-01
    1.23833e-21         3.61927e+08    4.99234e-01
    1.23833e-21         3.37197e+08    4.99234e-01
    1.23833e-21         3.08708e+08    4.99234e-01
    1.23833e-21         2.91713e+08    4.99234e-01
    1.23833e-21         2.72679e+08    4.99234e-01
    1.23833e-21         2.50897e+08    4.99234e-01
    1.23833e-21         2.38032e+08    4.99234e-01
    1.23833e-21         2.23739e+08    4.99234e-01
    1.23833e-21         2.07561e+08    4.99234e-01
    1.23833e-21         1.88764e+08    4.99234e-01
    1.23833e-21         1.77400e+08    4.99234e-01
    1.23833e-21         1.64534e+08    4.99234e-01
    1.23833e-21         1.49576e+08    4.99234e-01
    1.23833e-21         1.40527e+08    4.99234e-01
    1.23833e-21         1.30275e+08    4.99234e-01
    1.23833e-21         1.18346e+08    4.99234e-01
    1.23833e-21         1.11119e+08    4.99234e-01
    1.23833e-21         1.02920e+08    4.99234e-01
    1.23833e-21         9.33637e+07    4.99234e-01
    1.23833e-21         8.75571e+07    4.99234e-01
    1.23833e-21         8.09549e+07    4.99234e-01
    1.23833e-21         7.32319e+07    4.99234e-01
    1.23833e-21         6.85130e+07    4.99234e-01
    1.23833e-21         6.31217e+07    4.99234e-01
    1.23833e-21         5.99459e+07    4.99234e-01
    1.23833e-21         5.64247e+07    4.99234e-01
    1.23833e-21         5.24502e+07    4.99234e-01
    1.23833e-21         4.78507e+07    4.99234e-01
    1.23833e-21         4.50875e+07    4.99234e-01
    1.23833e-21         4.19753e+07    4.99234e-01
    1.23833e-21         3.83844e+07    4.99234e-01
    1.23833e-21         3.62374e+07    4.99234e-01
    1.23833e-21         3.38284e+07    4.99234e-01
    1.23833e-21         3.10641e+07    4.99234e-01
    1.23833e-21         2.94250e+07    4.99234e-01
    1.23833e-21         2.75982e+07    4.99234e-01
    1.23833e-21         2.55215e+07    4.99234e-01
    1.23833e-21         2.30932e+07    4.99234e-01
    1.23833e-21         2.16102e+07    4.99234e-01
    1.23833e-21         1.99168e+07    4.99234e-01
    1.23833e-21         1.89200e+07    4.99234e-01
    1.23833e-21         1.78153e+07    4.99234e-01
    1.23833e-21         1.65694e+07    4.99234e-01
    1.23833e-21         1.51292e+07    4.99234e-01
    1.23833e-21         1.42654e+07    4.99234e-01
    1.23833e-21         1.32938e+07    4.99234e-01
    1.23833e-21         1.21751e+07    4.99234e-01
    1.23833e-21         1.15082e+07    4.99234e-01
    1.23833e-21         1.07618e+07    4.99234e-01
    1.23833e-21         9.90820e+06    4.99234e-01
    1.23833e-21         9.40472e+06    4.99234e-01
    1.23833e-21         8.84589e+06    4.99234e-01
    1.23833e-21         8.21422e+06    4.99234e-01
    1.23833e-21         7.48167e+06    4.99234e-01
    1.23833e-21         7.04016e+06    4.99234e-01
    1.23833e-21         6.54153e+06    4.99234e-01
    1.23833e-21         5.96398e+06    4.99234e-01
    1.23833e-21         5.61658e+06    4.99234e-01
    1.23833e-21         5.22486e+06    4.99234e-01
    1.23833e-21         4.77221e+06    4.99234e-01
    1.23833e-21         4.50092e+06    4.99234e-01
    1.23833e-21         4.19593e+06    4.99234e-01
    1.23833e-21         3.84500e+06    4.99234e-01
    1.23833e-21         3.63604e+06    4.99234e-01
    1.23833e-21         3.40237e+06    4.99234e-01
    1.23833e-21         3.13551e+06    4.99234e-01
    1.23833e-21         2.97840e+06    4.99234e-01
    1.23833e-21         2.80428e+06    4.99234e-01
    1.23833e-21         2.60786e+06    4.99234e-01
    1.23833e-21         2.38074e+06    4.99234e-01
    1.23833e-21         2.24448e+06    4.99234e-01
    1.23833e-21         2.09117e+06    4.99234e-01
    1.23833e-21         1.91456e+06    4.99234e-01
    1.23833e-21         1.80922e+06    4.99234e-01
    1.23833e-21         1.69124e+06    4.99234e-01
    1.23833e-21         1.55624e+06    4.99234e-01
    1.23833e-21         1.47652e+06    4.99234e-01
    1.23833e-21         1.38795e+06    4.99234e-01
    1.23833e-21         1.28773e+06    4.99234e-01
    1.23833e-21         1.17129e+06    4.99234e-01
    1.23833e-21         1.10092e+06    4.99234e-01
    1.23833e-21         1.02127e+06    4.99234e-01
    1.23833e-21         9.28716e+05    4.99234e-01
    1.23833e-21         8.72752e+05    4.99234e-01
    1.23833e-21         8.09381e+05    4.99234e-01
    1.23833e-21         7.35698e+05    4.99234e-01
    1.23833e-21         6.91108e+05    4.99234e-01
    1.23833e-21         6.40577e+05    4.99234e-01
    1.23833e-21         5.81761e+05    4.99234e-01
    1.23833e-21         5.46106e+05    4.99234e-01
    1.23833e-21         5.05643e+05    4.99234e-01
    1.23833e-21         4.58445e+05    4.99234e-01
    1.23833e-21         4.29736e+05    4.99234e-01
    1.23833e-21         3.97064e+05    4.99234e-01
    1.23833e-21         3.58794e+05    4.99234e-01
    1.23833e-21         3.35359e+05    4.99234e-01
    1.23833e-21         3.08534e+05    4.99234e-01
    1.23833e-21         2.92688e+05    4.99234e-01
    1.23833e-21         2.75080e+05    4.99234e-01
    1.23833e-21         2.55146e+05    4.99234e-01
    1.23833e-21         2.31975e+05    4.99234e-01
    1.23833e-21         2.17959e+05    4.99234e-01
    1.23833e-21         2.02083e+05    4.99234e-01
    1.23833e-21         1.83615e+05    4.99234e-01
    1.23833e-21         1.72430e+05    4.99234e-01
    1.23833e-21         1.59746e+05    4.99234e-01
    1.23833e-21         1.44969e+05    4.99234e-01
    1.23833e-21         1.35997e+05    4.99234e-01
    1.23833e-21         1.25802e+05    4.99234e-01
    1.23833e-21         1.13888e+05    4.99234e-01
    1.23833e-21         1.06619e+05    4.99234e-01
    1.23833e-21         9.83260e+04    4.99234e-01
    1.23833e-21         8.85746e+04    4.99234e-01
    1.23833e-21         8.25662e+04    4.99234e-01
    1.23833e-21         7.56516e+04    4.99234e-01
    1.23833e-21         7.15335e+04    4.99234e-01
    1.23833e-21         6.69275e+04    4.99234e-01
    1.23833e-21         6.16657e+04    4.99234e-01
    1.23833e-21         5.85667e+04    4.99234e-01
    1.23833e-21         5.51310e+04    4.99234e-01
    1.23833e-21         5.12538e+04    4.99234e-01
    1.23833e-21         4.67677e+04    4.99234e-01
    1.23833e-21         4.40738e+04    4.99234e-01
    1.23833e-21         4.10405e+04    4.99234e-01
    1.23833e-21         3.75421e+04    4.99234e-01
    1.23833e-21         3.54518e+04    4.99234e-01
    1.23833e-21         3.31077e+04    4.99234e-01
    1.23833e-21         3.04199e+04    4.99234e-01
    1.23833e-21         2.88281e+04    4.99234e-01
    1.23833e-21         2.70556e+04    4.99234e-01
    1.23833e-21         2.50432e+04    4.99234e-01
    1.23833e-21         2.26944e+04    4.99234e-01
    1.23833e-21         2.12643e+04    4.99234e-01
    1.23833e-21         1.96355e+04    4.99234e-01
    1.23833e-21         1.77251e+04    4.99234e-01
    1.23833e-21         1.65530e+04    4.99234e-01
    1.23833e-21         1.52089e+04    4.99234e-01
    1.23833e-21         1.44129e+04    4.99234e-01
    1.23833e-21         1.35265e+04    4.99234e-01
    1.23833e-21         1.25201e+04    4.99234e-01
    1.23833e-21         1.13454e+04    4.99234e-01
    1.23833e-21         1.06302e+04    4.99234e-01
    1.23833e-21         9.81545e+03    4.99234e-01
    1.23833e-21         8.85983e+03    4.99234e-01
    1.23833e-21         8.27340e+03    4.99234e-01
    1.23833e-21         7.60088e+03    4.99234e-01
    1.23833e-21         7.20248e+03    4.99234e-01
    1.23833e-21         6.75879e+03    4.99234e-01
    1.23833e-21         6.25494e+03    4.99234e-01
    1.23833e-21         5.66664e+03    4.99234e-01
    1.23833e-21         5.30825e+03    4.99234e-01
    1.23833e-21         4.89983e+03    4.99234e-01
    1.23833e-21         4.42048e+03    4.99234e-01
    1.23833e-21         4.12601e+03    4.99234e-01
    1.23833e-21         3.78801e+03    4.99234e-01
    1.23833e-21         3.58750e+03    4.99234e-01
    1.23833e-21         3.36395e+03    4.99234e-01
    1.23833e-21         3.10971e+03    4.99234e-01
    1.23833e-21         2.81219e+03    4.99234e-01
    1.23833e-21         2.63029e+03    4.99234e-01
    1.23833e-21         2.42236e+03    4.99234e-01
    1.23833e-21         2.29978e+03    4.99234e-01
    1.23833e-21         2.16378e+03    4.99234e-01
    1.23833e-21         2.01016e+03    4.99234e-01
    1.23833e-21         1.83215e+03    4.99234e-01
    1.23833e-21         1.72502e+03    4.99234e-01
    1.23833e-21         1.60416e+03    4.99234e-01
    1.23833e-21         1.46440e+03    4.99234e-01
    1.23833e-21         1.38055e+03    4.99234e-01
    1.23833e-21         1.28621e+03    4.99234e-01
    1.23833e-21         1.17751e+03    4.99234e-01
    1.23833e-21         1.11267e+03    4.99234e-01
    1.23833e-21         1.04005e+03    4.99234e-01
    1.23833e-21         9.56926e+02    4.99234e-01
    1.23833e-21         9.07834e+02    4.99234e-01
    1.23833e-21         8.53288e+02    4.99234e-01
    1.23833e-21         7.91546e+02    4.99234e-01
    1.23833e-21         7.19797e+02    4.99234e-01
    1.23833e-21         6.76413e+02    4.99234e-01
    1.23833e-21         6.27287e+02    4.99234e-01
    1.23833e-21         5.70164e+02    4.99234e-01
    1.23833e-21         5.35593e+02    4.99234e-01
    1.23833e-21         4.96415e+02    4.99234e-01
    1.23833e-21         4.50808e+02    4.99234e-01
    1.23833e-21         4.23158e+02    4.99234e-01
    1.23833e-21         3.91777e+02    4.99234e-01
    1.23833e-21         3.55166e+02    4.99234e-01
    1.23833e-21         3.32893e+02    4.99234e-01
    1.23833e-21         3.07539e+02    4.99234e-01
    1.23833e-21         2.77832e+02    4.99234e-01
    1.23833e-21         2.59633e+02    4.99234e-01
    1.23833e-21         2.38792e+02    4.99234e-01
    1.23833e-21         2.26474e+02    4.99234e-01
    1.23833e-21         2.12779e+02    4.99234e-01
    1.23833e-21         1.97265e+02    4.99234e-01
    1.23833e-21         1.79214e+02    4.99234e-01
    1.23833e-21         1.68279e+02    4.99234e-01
    1.23833e-21         1.55877e+02    4.99234e-01
    1.23833e-21         1.41423e+02    4.99234e-01
    1.23833e-21         1.32643e+02    4.99234e-01
    1.23833e-21         1.22662e+02    4.99234e-01
    1.23833e-21         1.10991e+02    4.99234e-01
    1.23833e-21         1.03863e+02    4.99234e-01
    1.23833e-21         9.57244e+01    4.99234e-01
    1.23833e-21         9.09334e+01    4.99234e-01
    1.23833e-21         8.56242e+01    4.99234e-01
    1.23833e-21         7.96363e+01    4.99234e-01
    1.23833e-21         7.27140e+01    4.99234e-01
    1.23833e-21         6.85624e+01    4.99234e-01
    1.23833e-21         6.38929e+01    4.99234e-01
    1.23833e-21         5.85160e+01    4.99234e-01
    1.23833e-21         5.53107e+01    4.99234e-01
    1.23833e-21         5.17232e+01    4.99234e-01
    1.23833e-21         4.76208e+01    4.99234e-01
    1.23833e-21         4.52009e+01    4.99234e-01
    1.23833e-21         4.25150e+01    4.99234e-01
    1.23833e-21         3.94791e+01    4.99234e-01
    1.23833e-21         3.59582e+01    4.99234e-01
    1.23833e-21         3.38361e+01    4.99234e-01
    1.23833e-21         3.14396e+01    4.99234e-01
    1.23833e-21         2.86637e+01    4.99234e-01
    1.23833e-21         2.69939e+01    4.99234e-01
    1.23833e-21         2.51112e+01    4.99234e-01
    1.23833e-21         2.29355e+01    4.99234e-01
    1.23833e-21         2.16315e+01    4.99234e-01
    1.23833e-21         2.01656e+01    4.99234e-01
    1.23833e-21         1.84788e+01    4.99234e-01
    1.23833e-21         1.74743e+01    4.99234e-01
    1.23833e-21         1.63511e+01    4.99234e-01
    1.23833e-21         1.50683e+01    4.99234e-01
    1.23833e-21         1.43130e+01    4.99234e-01
    1.23833e-21         1.34760e+01    4.99234e-01
    1.23833e-21         1.25316e+01    4.99234e-01
    1.23833e-21         1.14397e+01    4.99234e-01
    1.23833e-21         1.07845e+01    4.99234e-01
    1.23833e-21         1.00472e+01    4.99234e-01
    1.23833e-21         9.19783e+00    4.99234e-01
    1.23833e-21         8.69107e+00    4.99234e-01
    1.23833e-21         8.12349e+00    4.99234e-01
    1.23833e-21         7.47383e+00    4.99234e-01
    1.23833e-21         7.09008e+00    4.99234e-01
    1.23833e-21         6.66365e+00    4.99234e-01
    1.23833e-21         6.18091e+00    4.99234e-01
    1.23833e-21         5.61981e+00    4.99234e-01
    1.23833e-21         5.28045e+00    4.99234e-01
    1.23833e-21         4.89606e+00    4.99234e-01
    1.23833e-21         4.44894e+00    4.99234e-01
    1.23833e-21         4.17819e+00    4.99234e-01
    1.23833e-21         3.87122e+00    4.99234e-01
    1.23833e-21         3.51363e+00    4.99234e-01
    1.23833e-21         3.29658e+00    4.99234e-01
    1.23833e-21         3.05002e+00    4.99234e-01
    1.23833e-21         2.76199e+00    4.99234e-01
    1.23833e-21         2.58637e+00    4.99234e-01
    1.23833e-21         2.38608e+00    4.99234e-01
    1.23833e-21         2.15077e+00    4.99234e-01
    1.23833e-21         2.00596e+00    4.99234e-01
    1.23833e-21         1.83948e+00    4.99234e-01
    1.23833e-21         1.74049e+00    4.99234e-01
    1.23833e-21         1.62993e+00    4.99234e-01
    1.23833e-21         1.50386e+00    4.99234e-01
    1.23833e-21         1.35576e+00    4.99234e-01
    1.23833e-21         1.26465e+00    4.99234e-01
    1.23833e-21         1.15993e+00    4.99234e-01
    1.23833e-21         1.09770e+00    4.99234e-01
    1.23833e-21         1.02821e+00    4.99234e-01
    1.23833e-21         9.49005e-01    4.99234e-01
    1.23833e-21         8.56030e-01    4.99234e-01
    1.23833e-21         7.98896e-01    4.99234e-01
    1.23833e-21         7.33298e-01    4.99234e-01
    1.23833e-21         6.94368e-01    4.99234e-01
    1.23833e-21         6.50951e-01    4.99234e-01
    1.23833e-21         6.01549e-01    4.99234e-01
    1.23833e-21         5.43699e-01    4.99234e-01
    1.23833e-21         5.08292e-01    4.99234e-01
    1.23833e-21         4.67779e-01    4.99234e-01
    1.23833e-21         4.43863e-01    4.99234e-01
    1.23833e-21         4.17299e-01    4.99234e-01
    1.23833e-21         3.87246e-01    4.99234e-01
    1.23833e-21         3.52348e-01    4.99234e-01
    1.23833e-21         3.31271e-01    4.99234e-01
    1.23833e-21         3.07426e-01    4.99234e-01
    1.23833e-21         2.79740e-01    4.99234e-01
    1.23833e-21         2.63021e-01    4.99234e-01
    1.23833e-21         2.44108e-01    4.99234e-01
    1.23833e-21         2.22152e-01    4.99234e-01
    1.23833e-21         2.08897e-01    4.99234e-01
    1.23833e-21         1.93906e-01    4.99234e-01
    1.23833e-21         1.76507e-01    4.99234e-01
    1.23833e-21         1.66009e-01    4.99234e-01
    1.23833e-21         1.54140e-01    4.99234e-01
    1.23833e-21         1.40373e-01    4.99234e-01
    1.23833e-21         1.32074e-01    4.99234e-01
    1.23833e-21         1.22698e-01    4.99234e-01
    1.23833e-21         1.11835e-01    4.99234e-01
    1.23833e-21         1.05297e-01    4.99234e-01
    1.23833e-21         9.79215e-02    4.99234e-01
    1.23833e-21         8.93936e-02    4.99234e-01
    1.23833e-21         8.42772e-02    4.99234e-01
    1.23833e-21         7.85208e-02    4.99234e-01
    1.23833e-21         7.18894e-02    4.99234e-01
    1.23833e-21         6.79338e-02    4.99234e-01
    1.23833e-21         6.35042e-02    4.99234e-01
    1.23833e-21         5.84350e-02    4.99234e-01
    1.23833e-21         5.54416e-02    4.99234e-01
    1.23833e-21         5.21162e-02    4.99234e-01
    1.23833e-21         4.83529e-02    4.99234e-01
    1.23833e-21         4.39811e-02    4.99234e-01
    1.23833e-21         4.13389e-02    4.99234e-01
    1.23833e-21         3.83483e-02    4.99234e-01
    1.23833e-21         3.48730e-02    4.99234e-01
    1.23833e-21         3.27718e-02    4.99234e-01
    1.23833e-21         3.03925e-02    4.99234e-01
    1.23833e-21         2.76260e-02    4.99234e-01
    1.23833e-21         2.59519e-02    4.99234e-01
    1.23833e-21         2.40549e-02    4.99234e-01
    1.23833e-21         2.18468e-02    4.99234e-01
    1.23833e-21         2.05083e-02    4.99234e-01
    1.23833e-21         1.89894e-02    4.99234e-01
    1.23833e-21         1.72177e-02    4.99234e-01
    1.23833e-21         1.61402e-02    4.99234e-01
    1.23833e-21         1.49141e-02    4.99234e-01
    1.23833e-21         1.34781e-02    4.99234e-01
    1.23833e-21         1.25989e-02    4.99234e-01
    1.23833e-21         1.15927e-02    4.99234e-01
    1.23833e-21         1.09985e-02    4.99234e-01
    1.23833e-21         1.03384e-02    4.99234e-01
    1.23833e-21         9.59123e-03    4.99234e-01
    1.23833e-21         8.72317e-03    4.99234e-01
    1.23833e-21         8.19845e-03    4.99234e-01
    1.23833e-21         7.60442e-03    4.99234e-01
    1.23833e-21         6.91396e-03    4.99234e-01
    1.23833e-21         6.49633e-03    4.99234e-01
    1.23833e-21         6.02328e-03    4.99234e-01
    1.23833e-21         5.47301e-03    4.99234e-01
    1.23833e-21         5.13976e-03    4.99234e-01
    1.23833e-21         4.76191e-03    4.99234e-01
    1.23833e-21         4.32171e-03    4.99234e-01
    1.23833e-21         4.05449e-03    4.99234e-01
    1.23833e-21         3.75088e-03    4.99234e-01
    1.23833e-21         3.39613e-03    4.99234e-01
    1.23833e-21         3.17977e-03    4.99234e-01
    1.23833e-21         2.93296e-03    4.99234e-01
    1.23833e-21         2.64287e-03    4.99234e-01
    1.23833e-21         2.46423e-03    4.99234e-01
    1.23833e-21         2.25875e-03    4.99234e-01
    1.23833e-21         2.13647e-03    4.99234e-01
    1.23833e-21         1.99980e-03    4.99234e-01
    1.23833e-21         1.84380e-03    4.99234e-01
    1.23833e-21         1.66029e-03    4.99234e-01
    1.23833e-21         1.54712e-03    4.99234e-01
    1.23833e-21         1.41680e-03    4.99234e-01
    1.23833e-21         1.33910e-03    4.99234e-01
    1.23833e-21         1.25213e-03    4.99234e-01
    1.23833e-21         1.15265e-03    4.99234e-01
    1.23833e-21         1.09395e-03    4.99234e-01
    1.23833e-21         1.02879e-03    4.99234e-01
    1.23833e-21         9.55109e-04    4.99234e-01
    1.23833e-21         8.69622e-04    4.99234e-01
    1.23833e-21         8.18062e-04    4.99234e-01
    1.23833e-21         7.59798e-04    4.99234e-01
    1.23833e-21         6.92256e-04    4.99234e-01
    1.23833e-21         6.51573e-04    4.99234e-01
    1.23833e-21         6.05652e-04    4.99234e-01
    1.23833e-21         5.52503e-04    4.99234e-01
    1.23833e-21         5.20569e-04    4.99234e-01
    1.23833e-21         4.84598e-04    4.99234e-01
    1.23833e-21         4.43088e-04    4.99234e-01
    1.23833e-21         4.18263e-04    4.99234e-01
    1.23833e-21         3.90403e-04    4.99234e-01
    1.23833e-21         3.58424e-04    4.99234e-01
    1.23833e-21         3.39455e-04    4.99234e-01
    1.23833e-21         3.18306e-04    4.99234e-01
    1.23833e-21         2.94253e-04    4.99234e-01
    1.23833e-21         2.66107e-04    4.99234e-01
    1.23833e-21         2.48900e-04    4.99234e-01
    1.23833e-21         2.29231e-04    4.99234e-01
    1.23833e-21         2.17637e-04    4.99234e-01
    1.23833e-21         2.04775e-04    4.99234e-01
    1.23833e-21         1.90245e-04    4.99234e-01
    1.23833e-21         1.73412e-04    4.99234e-01
    1.23833e-21         1.63282e-04    4.99234e-01
    1.23833e-21         1.51857e-04    4.99234e-01
    1.23833e-21         1.38647e-04    4.99234e-01
    1.23833e-21         1.30724e-04    4.99234e-01
    1.23833e-21         1.21811e-04    4.99234e-01
    1.23833e-21         1.11545e-04    4.99234e-01
    1.23833e-21         1.05425e-04    4.99234e-01
    1.23833e-21         9.85727e-05    4.99234e-01
    1.23833e-21         9.07350e-05    4.99234e-01
    1.23833e-21         8.61099e-05    4.99234e-01
    1.23833e-21         8.09746e-05    4.99234e-01
    1.23833e-21         7.51673e-05    4.99234e-01
    1.23833e-21         6.84280e-05    4.99234e-01
    1.23833e-21         6.43619e-05    4.99234e-01
    1.23833e-21         5.97659e-05    4.99234e-01
    1.23833e-21         5.44358e-05    4.99234e-01
    1.23833e-21         5.12233e-05    4.99234e-01
    1.23833e-21         4.75952e-05    4.99234e-01
    1.23833e-21         4.33929e-05    4.99234e-01
    1.23833e-21         4.08651e-05    4.99234e-01
    1.23833e-21         3.80149e-05    4.99234e-01
    1.23833e-21         3.47212e-05    4.99234e-01
    1.23833e-21         3.27472e-05    4.99234e-01
    1.23833e-21         3.05279e-05    4.99234e-01
    1.23833e-21         2.79743e-05    4.99234e-01
    1.23833e-21         2.64537e-05    4.99234e-01
    1.23833e-21         2.47533e-05    4.99234e-01


