              t                   M              a
    1.23833e-21         1.00000e+17    8.00000e-01
    2.47665e-21         1.00000e+17    8.00000e-01
    4.95331e-21         1.00000e+17    8.00000e-01
    9.90662e-21         1.00000e+17    8.00000e-01
    1.98132e-20         1.00000e+17    8.00000e-01
    3.96265e-20         1.00000e+17    8.00000e-01
    7.92530e-20         1.00000e+17    8.00000e-01
    1.58506e-19         1.00000e+17    8.00000e-01
    3.17012e-19         1.00000e+17    8.00000e-01
    6.34024e-19         1.00000e+17    8.00000e-01
    1.26805e-18         1.00000e+17    8.00000e-01
    2.53609e-18         1.00000e+17    8.00000e-01
    5.07219e-18         1.00000e+17    8.00000e-01
    1.01444e-17         1.00000e+17    8.00000e-01
    2.02888e-17         1.00000e+17    8.00000e-01
    4.05775e-17         1.00000e+17    8.00000e-01
    8.11550e-17         1.00000e+17    8.00000e-01
    1.62310e-16         1.00000e+17    8.00000e-01
    3.24620e-16         1.00000e+17    8.00000e-01
    6.49240e-16         1.00000e+17    8.00000e-01
    1.29848e-15         1.00000e+17    8.00000e-01
    2.59696e-15         1.00000e+17    8.00000e-01
    5.19392e-15         1.00000e+17    8.00000e-01
    1.03878e-14         1.00000e+17    8.00000e-01
    2.07757e-14         1.00000e+17    8.00000e-01
    4.15514e-14         1.00000e+17    8.00000e-01
    8.31027e-14         1.00000e+17    8.00000e-01
    1.66205e-13         1.00000e+17    8.00000e-01
    3.32411e-13         1.00000e+17    8.00000e-01
    6.64822e-13         1.00000e+17    8.00000e-01
    1.32964e-12         1.00000e+17    8.00000e-01
    2.65929e-12         1.00000e+17    8.00000e-01
    5.31858e-12         1.00000e+17    8.00000e-01
    1.06372e-11         1.00000e+17    8.00000e-01
    2.12743e-11         1.00000e+17    8.00000e-01
    4.25486e-11         9.99999e+16    7.99999e-01
    8.50972e-11         9.99998e+16    7.99998e-01
    1.70194e-10         9.99997e+16    7.99997e-01
    3.40389e-10         9.99994e+16    7.99993e-01
    6.80778e-10         9.99988e+16    7.99986e-01
    1.36156e-09         9.99975e+16    7.99972e-01
    2.72311e-09         9.99951e+16    7.99944e-01
    5.44622e-09         9.99901e+16    7.99889e-01
    1.08924e-08         9.99802e+16    7.99777e-01
    2.17849e-08         9.99605e+16    7.99555e-01
    4.35698e-08         9.99209e+16    7.99110e-01
    8.71395e-08         9.98420e+16    7.98222e-01
    1.74279e-07         9.96844e+16    7.96455e-01
    3.48558e-07         9.93705e+16    7.92952e-01
    6.97116e-07         9.87478e+16    7.86070e-01
    1.39423e-06         9.75126e+16    7.72719e-01
    2.09135e-06         9.62893e+16    7.60116e-01
    2.78847e-06         9.50767e+16    7.48229e-01
    3.48558e-06         9.38649e+16    7.36936e-01
    4.18270e-06         9.26455e+16    7.26133e-01
    4.87981e-06         9.14171e+16    7.15803e-01
    5.57693e-06         9.01766e+16    7.05911e-01
    6.27405e-06         8.89162e+16    6.96374e-01
    6.97116e-06         8.76343e+16    6.87182e-01
    7.66828e-06         8.63288e+16    6.78326e-01
    8.36540e-06         8.49948e+16    6.69773e-01
    9.06251e-06         8.36252e+16    6.61482e-01
    9.75963e-06         8.22172e+16    6.53446e-01
    1.04567e-05         8.07672e+16    6.45657e-01
    1.11539e-05         7.92714e+16    6.38109e-01
    1.18510e-05         7.77254e+16    6.30679e-01
    1.25481e-05         7.61244e+16    6.23358e-01
    1.32452e-05         7.44624e+16    6.16143e-01
    1.39423e-05         7.27328e+16    6.09031e-01
    1.46394e-05         7.09276e+16    6.02017e-01
    1.53366e-05         6.90299e+16    5.95116e-01
    1.60337e-05         6.70271e+16    5.88321e-01
    1.67308e-05         6.49035e+16    5.81627e-01
    1.74279e-05         6.26393e+16    5.75029e-01
    1.81250e-05         6.02092e+16    5.68521e-01
    1.88221e-05         5.75821e+16    5.61971e-01
    1.95193e-05         5.47145e+16    5.55280e-01
    2.02164e-05         5.15438e+16    5.48410e-01
    2.09135e-05         4.79772e+16    5.41309e-01
    2.16106e-05         4.38680e+16    5.33901e-01
    2.19592e-05         4.14133e+16    5.29978e-01
    2.23077e-05         3.86587e+16    5.25874e-01
    2.26563e-05         3.54971e+16    5.21538e-01
    2.28306e-05         3.36219e+16    5.19214e-01
    2.30048e-05         3.15315e+16    5.16776e-01
    2.31791e-05         2.91546e+16    5.14195e-01
    2.33534e-05         2.63741e+16    5.11425e-01
    2.34405e-05         2.46751e+16    5.09911e-01
    2.35277e-05         2.27340e+16    5.08298e-01
    2.35712e-05         2.15906e+16    5.07427e-01
    2.36148e-05         2.03228e+16    5.06509e-01
    2.36584e-05         1.88919e+16    5.05536e-01
    2.37020e-05         1.72359e+16    5.04489e-01
    2.37237e-05         1.62412e+16    5.03918e-01
    2.37455e-05         1.51208e+16    5.03310e-01
    2.37673e-05         1.38283e+16    5.02658e-01
    2.37782e-05         1.30555e+16    5.02301e-01
    2.37891e-05         1.21885e+16    5.01923e-01
    2.38000e-05         1.11939e+16    5.01517e-01
    2.38054e-05         1.06042e+16    5.01296e-01
    2.38109e-05         9.94711e+15    5.01062e-01
    2.38163e-05         9.20036e+15    5.00812e-01
    2.38218e-05         8.32746e+15    5.00542e-01
    2.38245e-05         7.79471e+15    5.00392e-01
    2.38272e-05         7.18664e+15    5.00232e-01
    2.38299e-05         6.47132e+15    5.00058e-01
    2.38313e-05         6.03022e+15    4.99962e-01
    2.38327e-05         5.52222e+15    4.99857e-01
    2.38333e-05         5.21933e+15    4.99799e-01
    2.38340e-05         4.88027e+15    4.99736e-01
    2.38347e-05         4.49246e+15    4.99668e-01
    2.38350e-05         4.26363e+15    4.99630e-01
    2.38354e-05         4.00958e+15    4.99590e-01
    2.38357e-05         3.72232e+15    4.99547e-01
    2.38361e-05         3.38900e+15    4.99499e-01
    2.38362e-05         3.18794e+15    4.99472e-01
    2.38364e-05         2.96073e+15    4.99443e-01
    2.38366e-05         2.69730e+15    4.99412e-01
    2.38367e-05         2.53860e+15    4.99394e-01
    2.38368e-05         2.35944e+15    4.99375e-01
    2.38368e-05         2.15203e+15    4.99354e-01
    2.38369e-05         2.02738e+15    4.99342e-01
    2.38369e-05         1.88693e+15    4.99329e-01
    2.38370e-05         1.72478e+15    4.99315e-01
    2.38370e-05         1.62775e+15    4.99308e-01
    2.38370e-05         1.51881e+15    4.99299e-01
    2.38370e-05         1.39368e+15    4.99290e-01
    2.38370e-05         1.31937e+15    4.99285e-01
    2.38370e-05         1.23646e+15    4.99280e-01
    2.38371e-05         1.14206e+15    4.99274e-01
    2.38371e-05         1.03140e+15    4.99267e-01
    2.38371e-05         9.63568e+14    4.99264e-01
    2.38371e-05         8.85844e+14    4.99260e-01
    2.38371e-05         8.39863e+14    4.99257e-01
    2.38371e-05         7.88710e+14    4.99255e-01
    2.38371e-05         7.30707e+14    4.99252e-01
    2.38371e-05         6.63129e+14    4.99250e-01
    2.38371e-05         6.22103e+14    4.99248e-01
    2.38371e-05         5.75487e+14    4.99246e-01
    2.38371e-05         5.21014e+14    4.99244e-01
    2.38371e-05         4.87783e+14    4.99243e-01
    2.38371e-05         4.49872e+14    4.99242e-01
    2.38371e-05         4.05301e+14    4.99241e-01
    2.38371e-05         3.77844e+14    4.99240e-01
    2.38371e-05         3.46253e+14    4.99239e-01
    2.38371e-05         3.27443e+14    4.99239e-01
    2.38371e-05         3.06410e+14    4.99238e-01
    2.38371e-05         2.82390e+14    4.99238e-01
    2.38371e-05         2.68251e+14    4.99237e-01
    2.38371e-05         2.52581e+14    4.99237e-01
    2.38371e-05         2.34907e+14    4.99237e-01
    2.38371e-05         2.14473e+14    4.99236e-01
    2.38371e-05         2.02217e+14    4.99236e-01
    2.38371e-05         1.88430e+14    4.99236e-01
    2.38371e-05         1.72551e+14    4.99236e-01
    2.38371e-05         1.63084e+14    4.99236e-01
    2.38371e-05         1.52485e+14    4.99236e-01
    2.38371e-05         1.40361e+14    4.99235e-01
    2.38371e-05         1.33207e+14    4.99235e-01
    2.38371e-05         1.25264e+14    4.99235e-01
    2.38371e-05         1.16282e+14    4.99235e-01
    2.38371e-05         1.05858e+14    4.99235e-01
    2.38371e-05         9.95689e+13    4.99235e-01
    2.38371e-05         9.24604e+13    4.99235e-01
    2.38371e-05         8.42170e+13    4.99235e-01
    2.38371e-05         7.92489e+13    4.99235e-01
    2.38371e-05         7.36384e+13    4.99235e-01
    2.38371e-05         6.71404e+13    4.99235e-01
    2.38371e-05         6.32321e+13    4.99235e-01
    2.38371e-05         5.88257e+13    4.99235e-01
    2.38371e-05         5.37344e+13    4.99235e-01
    2.38371e-05         5.06835e+13    4.99235e-01
    2.38371e-05         4.72543e+13    4.99235e-01
    2.38371e-05         4.33093e+13    4.99234e-01
    2.38371e-05         4.09611e+13    4.99234e-01
    2.38371e-05         3.83360e+13    4.99234e-01
    2.38371e-05         3.53390e+13    4.99234e-01
    2.38371e-05         3.18121e+13    4.99234e-01
    2.38371e-05         2.96359e+13    4.99234e-01
    2.38371e-05         2.71285e+13    4.99234e-01
    2.38371e-05         2.56323e+13    4.99234e-01
    2.38371e-05         2.39563e+13    4.99234e-01
    2.38371e-05         2.20377e+13    4.99234e-01
    2.38371e-05         2.09040e+13    4.99234e-01
    2.38371e-05         1.96441e+13    4.99234e-01
    2.38371e-05         1.82173e+13    4.99234e-01
    2.38371e-05         1.65583e+13    4.99234e-01
    2.38371e-05         1.55543e+13    4.99234e-01
    2.38371e-05         1.44165e+13    4.99234e-01
    2.38371e-05         1.30919e+13    4.99234e-01
    2.38371e-05         1.22889e+13    4.99234e-01
    2.38371e-05         1.13775e+13    4.99234e-01
    2.38371e-05         1.03142e+13    4.99234e-01
    2.38371e-05         9.66724e+12    4.99234e-01
    2.38371e-05         8.93083e+12    4.99234e-01
    2.38371e-05         8.06798e+12    4.99234e-01
    2.38371e-05         7.53935e+12    4.99234e-01
    2.38371e-05         6.93397e+12    4.99234e-01
    2.38371e-05         6.57613e+12    4.99234e-01
    2.38371e-05         6.17828e+12    4.99234e-01
    2.38371e-05         5.72754e+12    4.99234e-01
    2.38371e-05         5.20307e+12    4.99234e-01
    2.38371e-05         4.88530e+12    4.99234e-01
    2.38371e-05         4.52485e+12    4.99234e-01
    2.38371e-05         4.10468e+12    4.99234e-01
    2.38371e-05         3.84939e+12    4.99234e-01
    2.38371e-05         3.55911e+12    4.99234e-01
    2.38371e-05         3.21955e+12    4.99234e-01
    2.38371e-05         3.01207e+12    4.99234e-01
    2.38371e-05         2.77502e+12    4.99234e-01
    2.38371e-05         2.63538e+12    4.99234e-01
    2.38371e-05         2.48055e+12    4.99234e-01
    2.38371e-05         2.30579e+12    4.99234e-01
    2.38371e-05         2.10353e+12    4.99234e-01
    2.38371e-05         1.98202e+12    4.99234e-01
    2.38371e-05         1.84515e+12    4.99234e-01
    2.38371e-05         1.68723e+12    4.99234e-01
    2.38371e-05         1.59280e+12    4.99234e-01
    2.38371e-05         1.48683e+12    4.99234e-01
    2.38371e-05         1.36523e+12    4.99234e-01
    2.38371e-05         1.29311e+12    4.99234e-01
    2.38371e-05         1.21272e+12    4.99234e-01
    2.38371e-05         1.12133e+12    4.99234e-01
    2.38371e-05         1.01443e+12    4.99234e-01
    2.38371e-05         9.49116e+11    4.99234e-01
    2.38371e-05         8.74509e+11    4.99234e-01
    2.38371e-05         8.30569e+11    4.99234e-01
    2.38371e-05         7.81857e+11    4.99234e-01
    2.38371e-05         7.26885e+11    4.99234e-01
    2.38371e-05         6.63285e+11    4.99234e-01
    2.38371e-05         6.25095e+11    4.99234e-01
    2.38371e-05         5.82095e+11    4.99234e-01
    2.38371e-05         5.32507e+11    4.99234e-01
    2.38371e-05         5.02881e+11    4.99234e-01
    2.38371e-05         4.69661e+11    4.99234e-01
    2.38371e-05         4.31575e+11    4.99234e-01
    2.38371e-05         4.09023e+11    4.99234e-01
    2.38371e-05         3.83916e+11    4.99234e-01
    2.38371e-05         3.55417e+11    4.99234e-01
    2.38371e-05         3.22164e+11    4.99234e-01
    2.38371e-05         3.01929e+11    4.99234e-01
    2.38371e-05         2.78890e+11    4.99234e-01
    2.38371e-05         2.51887e+11    4.99234e-01
    2.38371e-05         2.35336e+11    4.99234e-01
    2.38371e-05         2.16375e+11    4.99234e-01
    2.38371e-05         2.05160e+11    4.99234e-01
    2.38371e-05         1.92686e+11    4.99234e-01
    2.38371e-05         1.78544e+11    4.99234e-01
    2.38371e-05         1.62073e+11    4.99234e-01
    2.38371e-05         1.52079e+11    4.99234e-01
    2.38371e-05         1.40727e+11    4.99234e-01
    2.38371e-05         1.27471e+11    4.99234e-01
    2.38371e-05         1.19393e+11    4.99234e-01
    2.38371e-05         1.10184e+11    4.99234e-01
    2.38371e-05         9.93718e+10    4.99234e-01
    2.38371e-05         9.27252e+10    4.99234e-01
    2.38371e-05         8.50917e+10    4.99234e-01
    2.38371e-05         8.05595e+10    4.99234e-01
    2.38371e-05         7.55029e+10    4.99234e-01
    2.38371e-05         6.97464e+10    4.99234e-01
    2.38371e-05         6.30004e+10    4.99234e-01
    2.38371e-05         5.88663e+10    4.99234e-01
    2.38371e-05         5.41313e+10    4.99234e-01
    2.38371e-05         5.13314e+10    4.99234e-01
    2.38371e-05         4.82178e+10    4.99234e-01
    2.38371e-05         4.46892e+10    4.99234e-01
    2.38371e-05         4.05812e+10    4.99234e-01
    2.38371e-05         3.80903e+10    4.99234e-01
    2.38371e-05         3.52631e+10    4.99234e-01
    2.38371e-05         3.19642e+10    4.99234e-01
    2.38371e-05         2.99568e+10    4.99234e-01
    2.38371e-05         2.76713e+10    4.99234e-01
    2.38371e-05         2.49927e+10    4.99234e-01
    2.38371e-05         2.33509e+10    4.99234e-01
    2.38371e-05         2.14702e+10    4.99234e-01
    2.38371e-05         2.03578e+10    4.99234e-01
    2.38371e-05         1.91206e+10    4.99234e-01
    2.38371e-05         1.77181e+10    4.99234e-01
    2.38371e-05         1.60848e+10    4.99234e-01
    2.38371e-05         1.50938e+10    4.99234e-01
    2.38371e-05         1.39685e+10    4.99234e-01
    2.38371e-05         1.26545e+10    4.99234e-01
    2.38371e-05         1.18540e+10    4.99234e-01
    2.38371e-05         1.09418e+10    4.99234e-01
    2.38371e-05         9.87103e+09    4.99234e-01
    2.38371e-05         9.21323e+09    4.99234e-01
    2.38371e-05         8.45815e+09    4.99234e-01
    2.38371e-05         8.01019e+09    4.99234e-01
    2.38371e-05         7.51073e+09    4.99234e-01
    2.38371e-05         6.94263e+09    4.99234e-01
    2.38371e-05         6.27775e+09    4.99234e-01
    2.38371e-05         5.87116e+09    4.99234e-01
    2.38371e-05         5.40631e+09    4.99234e-01
    2.38371e-05         5.13220e+09    4.99234e-01
    2.38371e-05         4.82803e+09    4.99234e-01
    2.38371e-05         4.48432e+09    4.99234e-01
    2.38371e-05         4.08590e+09    4.99234e-01
    2.38371e-05         3.84595e+09    4.99234e-01
    2.38371e-05         3.57513e+09    4.99234e-01
    2.38371e-05         3.26171e+09    4.99234e-01
    2.38371e-05         3.07344e+09    4.99234e-01
    2.38371e-05         2.86140e+09    4.99234e-01
    2.38371e-05         2.61677e+09    4.99234e-01
    2.38371e-05         2.47052e+09    4.99234e-01
    2.38371e-05         2.30644e+09    4.99234e-01
    2.38371e-05         2.11818e+09    4.99234e-01
    2.38371e-05         2.00657e+09    4.99234e-01
    2.38371e-05         1.88221e+09    4.99234e-01
    2.38371e-05         1.74086e+09    4.99234e-01
    2.38371e-05         1.57564e+09    4.99234e-01
    2.38371e-05         1.47479e+09    4.99234e-01
    2.38371e-05         1.35968e+09    4.99234e-01
    2.38371e-05         1.22425e+09    4.99234e-01
    2.38371e-05         1.14072e+09    4.99234e-01
    2.38371e-05         1.04452e+09    4.99234e-01
    2.38371e-05         9.87152e+08    4.99234e-01
    2.38371e-05         9.22920e+08    4.99234e-01
    2.38371e-05         8.49436e+08    4.99234e-01
    2.38371e-05         8.06063e+08    4.99234e-01
    2.38371e-05         7.57895e+08    4.99234e-01
    2.38371e-05         7.03411e+08    4.99234e-01
    2.38371e-05         6.40160e+08    4.99234e-01
    2.38371e-05         6.01975e+08    4.99234e-01
    2.38371e-05         5.58793e+08    4.99234e-01
    2.38371e-05         5.08680e+08    4.99234e-01
    2.38371e-05         4.78443e+08    4.99234e-01
    2.38371e-05         4.44263e+08    4.99234e-01
    2.38371e-05         4.04621e+08    4.99234e-01
    2.38371e-05         3.80726e+08    4.99234e-01
    2.38371e-05         3.53738e+08    4.99234e-01
    2.38371e-05         3.22475e+08    4.99234e-01
    2.38371e-05         3.03665e+08    4.99234e-01
    2.38371e-05         2.82454e+08    4.99234e-01
    2.38371e-05         2.57936e+08    4.99234e-01
    2.38371e-05         2.43236e+08    4.99234e-01
    2.38371e-05         2.26706e+08    4.99234e-01
    2.38371e-05         2.07677e+08    4.99234e-01
    2.38371e-05         1.96339e+08    4.99234e-01
    2.38371e-05         1.83654e+08    4.99234e-01
    2.38371e-05         1.69156e+08    4.99234e-01
    2.38371e-05         1.60611e+08    4.99234e-01
    2.38371e-05         1.51132e+08    4.99234e-01
    2.38371e-05         1.40428e+08    4.99234e-01
    2.38371e-05         1.28029e+08    4.99234e-01
    2.38371e-05         1.20571e+08    4.99234e-01
    2.38371e-05         1.12162e+08    4.99234e-01
    2.38371e-05         1.02444e+08    4.99234e-01
    2.38371e-05         9.66197e+07    4.99234e-01
    2.38371e-05         9.00720e+07    4.99234e-01
    2.38371e-05         8.25377e+07    4.99234e-01
    2.38371e-05         7.80514e+07    4.99234e-01
    2.38371e-05         7.30346e+07    4.99234e-01
    2.38371e-05         6.73049e+07    4.99234e-01
    2.38371e-05         6.39315e+07    4.99234e-01
    2.38371e-05         6.01928e+07    4.99234e-01
    2.38371e-05         5.59751e+07    4.99234e-01
    2.38371e-05         5.10979e+07    4.99234e-01
    2.38371e-05         4.81716e+07    4.99234e-01
    2.38371e-05         4.48789e+07    4.99234e-01
    2.38371e-05         4.10854e+07    4.99234e-01
    2.38371e-05         3.88222e+07    4.99234e-01
    2.38371e-05         3.62874e+07    4.99234e-01
    2.38371e-05         3.33861e+07    4.99234e-01
    2.38371e-05         3.16724e+07    4.99234e-01
    2.38371e-05         2.97682e+07    4.99234e-01
    2.38371e-05         2.76127e+07    4.99234e-01
    2.38371e-05         2.51074e+07    4.99234e-01
    2.38371e-05         2.35923e+07    4.99234e-01
    2.38371e-05         2.18764e+07    4.99234e-01
    2.38371e-05         1.98807e+07    4.99234e-01
    2.38371e-05         1.86725e+07    4.99234e-01
    2.38371e-05         1.73029e+07    4.99234e-01
    2.38371e-05         1.57078e+07    4.99234e-01
    2.38371e-05         1.47401e+07    4.99234e-01
    2.38371e-05         1.36411e+07    4.99234e-01
    2.38371e-05         1.23580e+07    4.99234e-01
    2.38371e-05         1.15763e+07    4.99234e-01
    2.38371e-05         1.06854e+07    4.99234e-01
    2.38371e-05         9.63977e+06    4.99234e-01
    2.38371e-05         8.99740e+06    4.99234e-01
    2.38371e-05         8.26003e+06    4.99234e-01
    2.38371e-05         7.82258e+06    4.99234e-01
    2.38371e-05         7.33484e+06    4.99234e-01
    2.38371e-05         6.78008e+06    4.99234e-01
    2.38371e-05         6.13082e+06    4.99234e-01
    2.38371e-05         5.73379e+06    4.99234e-01
    2.38371e-05         5.27987e+06    4.99234e-01
    2.38371e-05         5.01221e+06    4.99234e-01
    2.38371e-05         4.71520e+06    4.99234e-01
    2.38371e-05         4.37959e+06    4.99234e-01
    2.38371e-05         3.99058e+06    4.99234e-01
    2.38371e-05         3.75631e+06    4.99234e-01
    2.38371e-05         3.49190e+06    4.99234e-01
    2.38371e-05         3.18593e+06    4.99234e-01
    2.38371e-05         3.00215e+06    4.99234e-01
    2.38371e-05         2.79518e+06    4.99234e-01
    2.38371e-05         2.55643e+06    4.99234e-01
    2.38371e-05         2.41371e+06    4.99234e-01
    2.38371e-05         2.25362e+06    4.99234e-01
    2.38371e-05         2.06997e+06    4.99234e-01
    2.38371e-05         1.96113e+06    4.99234e-01
    2.38371e-05         1.83988e+06    4.99234e-01
    2.38371e-05         1.70212e+06    4.99234e-01
    2.38371e-05         1.54115e+06    4.99234e-01
    2.38371e-05         1.44298e+06    4.99234e-01
    2.38371e-05         1.33100e+06    4.99234e-01
    2.38371e-05         1.19938e+06    4.99234e-01
    2.38371e-05         1.11833e+06    4.99234e-01
    2.38371e-05         1.02511e+06    4.99234e-01
    2.38371e-05         9.69635e+05    4.99234e-01
    2.38371e-05         9.07633e+05    4.99234e-01
    2.38371e-05         8.36871e+05    4.99234e-01
    2.38371e-05         7.53637e+05    4.99234e-01
    2.38371e-05         7.02319e+05    4.99234e-01
    2.38371e-05         6.43229e+05    4.99234e-01
    2.38371e-05         6.08005e+05    4.99234e-01
    2.38371e-05         5.68583e+05    4.99234e-01
    2.38371e-05         5.23504e+05    4.99234e-01
    2.38371e-05         4.96916e+05    4.99234e-01
    2.38371e-05         4.67406e+05    4.99234e-01
    2.38371e-05         4.34053e+05    4.99234e-01
    2.38371e-05         3.95376e+05    4.99234e-01
    2.38371e-05         3.72070e+05    4.99234e-01
    2.38371e-05         3.45752e+05    4.99234e-01
    2.38371e-05         3.15275e+05    4.99234e-01
    2.38371e-05         2.96948e+05    4.99234e-01
    2.38371e-05         2.76289e+05    4.99234e-01
    2.38371e-05         2.52425e+05    4.99234e-01
    2.38371e-05         2.38130e+05    4.99234e-01
    2.38371e-05         2.22068e+05    4.99234e-01
    2.38371e-05         2.03598e+05    4.99234e-01
    2.38371e-05         1.92611e+05    4.99234e-01
    2.38371e-05         1.80335e+05    4.99234e-01
    2.38371e-05         1.66331e+05    4.99234e-01
    2.38371e-05         1.49870e+05    4.99234e-01
    2.38371e-05         1.39732e+05    4.99234e-01
    2.38371e-05         1.28070e+05    4.99234e-01
    2.38371e-05         1.21128e+05    4.99234e-01
    2.38371e-05         1.13368e+05    4.99234e-01
    2.38371e-05         1.04510e+05    4.99234e-01
    2.38371e-05         9.40856e+04    4.99234e-01
    2.38371e-05         8.76547e+04    4.99234e-01
    2.38371e-05         8.02455e+04    4.99234e-01
    2.38371e-05         7.58253e+04    4.99234e-01
    2.38371e-05         7.08746e+04    4.99234e-01
    2.38371e-05         6.52082e+04    4.99234e-01
    2.38371e-05         6.18612e+04    4.99234e-01
    2.38371e-05         5.81422e+04    4.99234e-01
    2.38371e-05         5.39323e+04    4.99234e-01
    2.38371e-05         4.90394e+04    4.99234e-01
    2.38371e-05         4.60804e+04    4.99234e-01
    2.38371e-05         4.27293e+04    4.99234e-01
    2.38371e-05         3.88318e+04    4.99234e-01
    2.38371e-05         3.64723e+04    4.99234e-01
    2.38371e-05         3.37976e+04    4.99234e-01
    2.38371e-05         3.06828e+04    4.99234e-01
    2.38371e-05         2.87932e+04    4.99234e-01
    2.38371e-05         2.66474e+04    4.99234e-01
    2.38371e-05         2.41421e+04    4.99234e-01
    2.38371e-05         2.26160e+04    4.99234e-01
    2.38371e-05         2.08769e+04    4.99234e-01
    2.38371e-05         1.88361e+04    4.99234e-01
    2.38371e-05         1.75826e+04    4.99234e-01
    2.38371e-05         1.61440e+04    4.99234e-01
    2.38371e-05         1.52908e+04    4.99234e-01
    2.38371e-05         1.43397e+04    4.99234e-01
    2.38371e-05         1.32583e+04    4.99234e-01
    2.38371e-05         1.19932e+04    4.99234e-01
    2.38371e-05         1.12202e+04    4.99234e-01
    2.38371e-05         1.03370e+04    4.99234e-01
    2.38371e-05         9.81678e+03    4.99234e-01
    2.38371e-05         9.23990e+03    4.99234e-01
    2.38371e-05         8.58875e+03    4.99234e-01
    2.38371e-05         7.83512e+03    4.99234e-01
    2.38371e-05         7.38232e+03    4.99234e-01
    2.38371e-05         6.87228e+03    4.99234e-01
    2.38371e-05         6.28373e+03    4.99234e-01
    2.38371e-05         5.93174e+03    4.99234e-01
    2.38371e-05         5.53674e+03    4.99234e-01
    2.38371e-05         5.08338e+03    4.99234e-01
    2.38371e-05         4.81445e+03    4.99234e-01
    2.38371e-05         4.51465e+03    4.99234e-01
    2.38371e-05         4.17371e+03    4.99234e-01
    2.38371e-05         3.77479e+03    4.99234e-01
    2.38371e-05         3.53094e+03    4.99234e-01
    2.38371e-05         3.25226e+03    4.99234e-01
    2.38371e-05         3.08801e+03    4.99234e-01
    2.38371e-05         2.90582e+03    4.99234e-01
    2.38371e-05         2.70008e+03    4.99234e-01
    2.38371e-05         2.46178e+03    4.99234e-01
    2.38371e-05         2.31845e+03    4.99234e-01
    2.38371e-05         2.15685e+03    4.99234e-01
    2.38371e-05         1.97012e+03    4.99234e-01
    2.38371e-05         1.85822e+03    4.99234e-01
    2.38371e-05         1.73244e+03    4.99234e-01
    2.38371e-05         1.58774e+03    4.99234e-01
    2.38371e-05         1.50159e+03    4.99234e-01
    2.38371e-05         1.40528e+03    4.99234e-01
    2.38371e-05         1.29532e+03    4.99234e-01
    2.38371e-05         1.16589e+03    4.99234e-01
    2.38371e-05         1.08601e+03    4.99234e-01
    2.38371e-05         9.93948e+02    4.99234e-01
    2.38371e-05         9.38995e+02    4.99234e-01
    2.38371e-05         8.77422e+02    4.99234e-01
    2.38371e-05         8.06903e+02    4.99234e-01
    2.38371e-05         7.65212e+02    4.99234e-01
    2.38371e-05         7.18854e+02    4.99234e-01
    2.38371e-05         6.66323e+02    4.99234e-01
    2.38371e-05         6.05184e+02    4.99234e-01
    2.38371e-05         5.68126e+02    4.99234e-01
    2.38371e-05         5.26075e+02    4.99234e-01
    2.38371e-05         4.77034e+02    4.99234e-01
    2.38371e-05         4.47212e+02    4.99234e-01
    2.38371e-05         4.13281e+02    4.99234e-01
    2.38371e-05         3.73549e+02    4.99234e-01
    2.38371e-05         3.49232e+02    4.99234e-01
    2.38371e-05         3.21411e+02    4.99234e-01
    2.38371e-05         3.04989e+02    4.99234e-01
    2.38371e-05         2.86749e+02    4.99234e-01
    2.38371e-05         2.66116e+02    4.99234e-01
    2.38371e-05         2.42160e+02    4.99234e-01
    2.38371e-05         2.27694e+02    4.99234e-01
    2.38371e-05         2.11332e+02    4.99234e-01
    2.38371e-05         1.92338e+02    4.99234e-01
    2.38371e-05         1.80873e+02    4.99234e-01
    2.38371e-05         1.67909e+02    4.99234e-01
    2.38371e-05         1.52865e+02    4.99234e-01
    2.38371e-05         1.43789e+02    4.99234e-01
    2.38371e-05         1.33532e+02    4.99234e-01
    2.38371e-05         1.21639e+02    4.99234e-01
    2.38371e-05         1.14472e+02    4.99234e-01
    2.38371e-05         1.06380e+02    4.99234e-01
    2.38371e-05         9.70104e+01    4.99234e-01
    2.38371e-05         9.13769e+01    4.99234e-01
    2.38371e-05         8.50272e+01    4.99234e-01
    2.38371e-05         7.76939e+01    4.99234e-01
    2.38371e-05         7.33023e+01    4.99234e-01
    2.38371e-05         6.83688e+01    4.99234e-01
    2.38371e-05         6.26976e+01    4.99234e-01
    2.38371e-05         5.93259e+01    4.99234e-01
    2.38371e-05         5.55600e+01    4.99234e-01
    2.38371e-05         5.12662e+01    4.99234e-01
    2.38371e-05         4.62231e+01    4.99234e-01
    2.38371e-05         4.31213e+01    4.99234e-01
    2.38371e-05         3.95573e+01    4.99234e-01
    2.38371e-05         3.74397e+01    4.99234e-01
    2.38371e-05         3.50757e+01    4.99234e-01
    2.38371e-05         3.23824e+01    4.99234e-01
    2.38371e-05         2.92224e+01    4.99234e-01
    2.38371e-05         2.72823e+01    4.99234e-01
    2.38371e-05         2.50564e+01    4.99234e-01
    2.38371e-05         2.37369e+01    4.99234e-01
    2.38371e-05         2.22666e+01    4.99234e-01
    2.38371e-05         2.05958e+01    4.99234e-01
    2.38371e-05         1.86429e+01    4.99234e-01
    2.38371e-05         1.74511e+01    4.99234e-01
    2.38371e-05         1.60911e+01    4.99234e-01
    2.38371e-05         1.44914e+01    4.99234e-01
    2.38371e-05         1.35052e+01    4.99234e-01
    2.38371e-05         1.23697e+01    4.99234e-01
    2.38371e-05         1.16929e+01    4.99234e-01
    2.38371e-05         1.09356e+01    4.99234e-01
    2.38371e-05         1.00697e+01    4.99234e-01
    2.38371e-05         9.55904e+00    4.99234e-01
    2.38371e-05         8.99242e+00    4.99234e-01
    2.38371e-05         8.35214e+00    4.99234e-01
    2.38371e-05         7.60994e+00    4.99234e-01
    2.38371e-05         7.16292e+00    4.99234e-01
    2.38371e-05         6.65836e+00    4.99234e-01
    2.38371e-05         6.07444e+00    4.99234e-01
    2.38371e-05         5.72365e+00    4.99234e-01
    2.38371e-05         5.32854e+00    4.99234e-01
    2.38371e-05         4.87267e+00    4.99234e-01
    2.38371e-05         4.60009e+00    4.99234e-01
    2.38371e-05         4.29425e+00    4.99234e-01
    2.38371e-05         3.94329e+00    4.99234e-01
    2.38371e-05         3.73518e+00    4.99234e-01
    2.38371e-05         3.50324e+00    4.99234e-01
    2.38371e-05         3.23957e+00    4.99234e-01
    2.38371e-05         2.93124e+00    4.99234e-01
    2.38371e-05         2.74293e+00    4.99234e-01
    2.38371e-05         2.52788e+00    4.99234e-01
    2.38371e-05         2.40128e+00    4.99234e-01
    2.38371e-05         2.26098e+00    4.99234e-01
    2.38371e-05         2.10273e+00    4.99234e-01
    2.38371e-05         1.91977e+00    4.99234e-01
    2.38371e-05         1.81001e+00    4.99234e-01
    2.38371e-05         1.68655e+00    4.99234e-01
    2.38371e-05         1.54434e+00    4.99234e-01
    2.38371e-05         1.45954e+00    4.99234e-01
    2.38371e-05         1.36460e+00    4.99234e-01
    2.38371e-05         1.25600e+00    4.99234e-01
    2.38371e-05         1.19189e+00    4.99234e-01
    2.38371e-05         1.12071e+00    4.99234e-01
    2.38371e-05         1.04020e+00    4.99234e-01
    2.38371e-05         9.46740e-01    4.99234e-01
    2.38371e-05         8.90330e-01    4.99234e-01
    2.38371e-05         8.26545e-01    4.99234e-01
    2.38371e-05         7.52535e-01    4.99234e-01
    2.38371e-05         7.07894e-01    4.99234e-01
    2.38371e-05         6.57445e-01    4.99234e-01
    2.38371e-05         5.98956e-01    4.99234e-01
    2.38371e-05         5.63721e-01    4.99234e-01
    2.38371e-05         5.23944e-01    4.99234e-01
    2.38371e-05         4.77899e-01    4.99234e-01
    2.38371e-05         4.50225e-01    4.99234e-01
    2.38371e-05         4.19046e-01    4.99234e-01
    2.38371e-05         3.83054e-01    4.99234e-01
    2.38371e-05         3.61517e-01    4.99234e-01
    2.38371e-05         3.37338e-01    4.99234e-01
    2.38371e-05         3.09568e-01    4.99234e-01
    2.38371e-05         2.93081e-01    4.99234e-01
    2.38371e-05         2.74686e-01    4.99234e-01
    2.38371e-05         2.53745e-01    4.99234e-01
    2.38371e-05         2.29205e-01    4.99234e-01
    2.38371e-05         2.14167e-01    4.99234e-01
    2.38371e-05         1.96942e-01    4.99234e-01
    2.38371e-05         1.86758e-01    4.99234e-01
    2.38371e-05         1.75433e-01    4.99234e-01
    2.38371e-05         1.62598e-01    4.99234e-01
    2.38371e-05         1.47657e-01    4.99234e-01
    2.38371e-05         1.38598e-01    4.99234e-01
    2.38371e-05         1.28316e-01    4.99234e-01
    2.38371e-05         1.16321e-01    4.99234e-01
    2.38371e-05         1.09023e-01    4.99234e-01
    2.38371e-05         1.00714e-01    4.99234e-01
    2.38371e-05         9.09783e-02    4.99234e-01
    2.38371e-05         8.50129e-02    4.99234e-01
    2.38371e-05         7.81808e-02    4.99234e-01
    2.38371e-05         7.41417e-02    4.99234e-01
    2.38371e-05         6.96505e-02    4.99234e-01
    2.38371e-05         6.45614e-02    4.99234e-01
    2.38371e-05         5.86383e-02    4.99234e-01
    2.38371e-05         5.50483e-02    4.99234e-01
    2.38371e-05         5.09748e-02    4.99234e-01
    2.38371e-05         4.62241e-02    4.99234e-01
    2.38371e-05         4.33355e-02    4.99234e-01
    2.38371e-05         4.00490e-02    4.99234e-01
    2.38371e-05         3.62008e-02    4.99234e-01
    2.38371e-05         3.38460e-02    4.99234e-01
    2.38371e-05         3.11521e-02    4.99234e-01
    2.38371e-05         2.95621e-02    4.99234e-01
    2.38371e-05         2.77964e-02    4.99234e-01
    2.38371e-05         2.57994e-02    4.99234e-01
    2.38371e-05         2.34812e-02    4.99234e-01
    2.38371e-05         2.20819e-02    4.99234e-01
    2.38371e-05         2.04997e-02    4.99234e-01
    2.38371e-05         1.86638e-02    4.99234e-01
    2.38371e-05         1.75564e-02    4.99234e-01
    2.38371e-05         1.63049e-02    4.99234e-01
    2.38371e-05         1.48538e-02    4.99234e-01
    2.38371e-05         1.39796e-02    4.99234e-01
    2.38371e-05         1.29927e-02    4.99234e-01
    2.38371e-05         1.18501e-02    4.99234e-01
    2.38371e-05         1.11634e-02    4.99234e-01
    2.38371e-05         1.03895e-02    4.99234e-01
    2.38371e-05         9.49612e-03    4.99234e-01
    2.38371e-05         8.96139e-03    4.99234e-01
    2.38371e-05         8.36095e-03    4.99234e-01
    2.38371e-05         7.67118e-03    4.99234e-01
    2.38371e-05         7.26148e-03    4.99234e-01
    2.38371e-05         6.80424e-03    4.99234e-01
    2.38371e-05         6.28349e-03    4.99234e-01
    2.38371e-05         5.67285e-03    4.99234e-01
    2.38371e-05         5.29825e-03    4.99234e-01
    2.38371e-05         4.86882e-03    4.99234e-01
    2.38371e-05         4.61456e-03    4.99234e-01
    2.38371e-05         4.33151e-03    4.99234e-01
    2.38371e-05         4.01025e-03    4.99234e-01
    2.38371e-05         3.63546e-03    4.99234e-01
    2.38371e-05         3.40743e-03    4.99234e-01
    2.38371e-05         3.14787e-03    4.99234e-01
    2.38371e-05         2.84374e-03    4.99234e-01
    2.38371e-05         2.65740e-03    4.99234e-01
    2.38371e-05         2.44402e-03    4.99234e-01
    2.38371e-05         2.31789e-03    4.99234e-01
    2.38371e-05         2.17765e-03    4.99234e-01
    2.38371e-05         2.01877e-03    4.99234e-01
    2.38371e-05         1.83390e-03    4.99234e-01
    2.38371e-05         1.72189e-03    4.99234e-01
    2.38371e-05         1.59484e-03    4.99234e-01
    2.38371e-05         1.44673e-03    4.99234e-01
    2.38371e-05         1.35674e-03    4.99234e-01
    2.38371e-05         1.25441e-03    4.99234e-01
    2.38371e-05         1.13471e-03    4.99234e-01
    2.38371e-05         1.06157e-03    4.99234e-01
    2.38371e-05         9.77996e-04    4.99234e-01
    2.38371e-05         9.28764e-04    4.99234e-01
    2.38371e-05         8.74174e-04    4.99234e-01
    2.38371e-05         8.12554e-04    4.99234e-01
    2.38371e-05         7.41233e-04    4.99234e-01
    2.38371e-05         6.98380e-04    4.99234e-01
    2.38371e-05         6.50107e-04    4.99234e-01
    2.38371e-05         5.94399e-04    4.99234e-01
    2.38371e-05         5.61079e-04    4.99234e-01
    2.38371e-05         5.23684e-04    4.99234e-01
    2.38371e-05         4.80758e-04    4.99234e-01
    2.38371e-05         4.55291e-04    4.99234e-01
    2.38371e-05         4.26895e-04    4.99234e-01
    2.38371e-05         3.94596e-04    4.99234e-01
    2.38371e-05         3.56793e-04    4.99234e-01
    2.38371e-05         3.33675e-04    4.99234e-01
    2.38371e-05         3.07241e-04    4.99234e-01
    2.38371e-05         2.91652e-04    4.99234e-01
    2.38371e-05         2.74353e-04    4.99234e-01
    2.38371e-05         2.54802e-04    4.99234e-01
    2.38371e-05         2.32137e-04    4.99234e-01
    2.38371e-05         2.18483e-04    4.99234e-01
    2.38371e-05         2.03070e-04    4.99234e-01
    2.38371e-05         1.85227e-04    4.99234e-01
    2.38371e-05         1.74505e-04    4.99234e-01
    2.38371e-05         1.62424e-04    4.99234e-01
    2.38371e-05         1.48479e-04    4.99234e-01
    2.38371e-05         1.40136e-04    4.99234e-01
    2.38371e-05         1.30769e-04    4.99234e-01
    2.38371e-05         1.20013e-04    4.99234e-01
    2.38371e-05         1.13627e-04    4.99234e-01
    2.38371e-05         1.06504e-04    4.99234e-01
    2.38371e-05         9.83955e-05    4.99234e-01
    2.38371e-05         8.88960e-05    4.99234e-01
    2.38371e-05         8.30769e-05    4.99234e-01
    2.38371e-05         7.64141e-05    4.99234e-01
    2.38371e-05         7.24764e-05    4.99234e-01
    2.38371e-05         6.80991e-05    4.99234e-01
    2.38371e-05         6.31411e-05    4.99234e-01
    2.38371e-05         5.73739e-05    4.99234e-01
    2.38371e-05         5.38815e-05    4.99234e-01
    2.38371e-05         4.99216e-05    4.99234e-01
    2.38371e-05         4.53086e-05    4.99234e-01
    2.38371e-05         4.25086e-05    4.99234e-01
    2.38371e-05         3.93274e-05    4.99234e-01
    2.38371e-05         3.56109e-05    4.99234e-01
    2.38371e-05         3.33445e-05    4.99234e-01
    2.38371e-05         3.07596e-05    4.99234e-01
    2.38371e-05         2.77219e-05    4.99234e-01
    2.38371e-05         2.58520e-05    4.99234e-01


