              t                   M              a
    1.23833e-21         1.00000e+17    8.00000e-01
    1.23837e-21         9.31388e+16    7.22677e-01
    1.23840e-21         8.65903e+16    6.69086e-01
    1.23844e-21         7.94399e+16    6.26853e-01
    1.23846e-21         7.52949e+16    6.08991e-01
    1.23848e-21         7.07291e+16    5.91865e-01
    1.23850e-21         6.55589e+16    5.75551e-01
    1.23852e-21         5.95457e+16    5.60011e-01
    1.23853e-21         5.59133e+16    5.52099e-01
    1.23854e-21         5.18018e+16    5.43927e-01
    1.23854e-21         4.70215e+16    5.35400e-01
    1.23855e-21         4.41262e+16    5.30883e-01
    1.23855e-21         4.08380e+16    5.26142e-01
    1.23856e-21         3.69983e+16    5.21104e-01
    1.23856e-21         3.46590e+16    5.18379e-01
    1.23856e-21         3.19929e+16    5.15494e-01
    1.23857e-21         2.88638e+16    5.12398e-01
    1.23857e-21         2.69414e+16    5.10704e-01
    1.23857e-21         2.47347e+16    5.08896e-01
    1.23857e-21         2.34256e+16    5.07917e-01
    1.23857e-21         2.19661e+16    5.06884e-01
    1.23857e-21         2.03062e+16    5.05783e-01
    1.23857e-21         1.83637e+16    5.04596e-01
    1.23857e-21         1.71761e+16    5.03941e-01
    1.23857e-21         1.58185e+16    5.03242e-01
    1.23857e-21         1.50182e+16    5.02862e-01
    1.23857e-21         1.41303e+16    5.02462e-01
    1.23857e-21         1.31273e+16    5.02036e-01
    1.23857e-21         1.19651e+16    5.01576e-01
    1.23857e-21         1.12657e+16    5.01324e-01
    1.23857e-21         1.04767e+16    5.01056e-01
    1.23857e-21         9.56439e+15    5.00767e-01
    1.23857e-21         9.01705e+15    5.00609e-01
    1.23857e-21         8.40126e+15    5.00441e-01
    1.23857e-21         7.69187e+15    5.00260e-01
    1.23857e-21         7.26874e+15    5.00161e-01
    1.23857e-21         6.79490e+15    5.00056e-01
    1.23857e-21         6.25268e+15    4.99943e-01
    1.23857e-21         5.93250e+15    4.99881e-01
    1.23857e-21         5.57683e+15    4.99815e-01
    1.23857e-21         5.17435e+15    4.99743e-01
    1.23857e-21         4.70681e+15    4.99665e-01
    1.23857e-21         4.42429e+15    4.99621e-01
    1.23857e-21         4.10454e+15    4.99573e-01
    1.23857e-21         3.73302e+15    4.99521e-01
    1.23857e-21         3.50845e+15    4.99491e-01
    1.23857e-21         3.25421e+15    4.99460e-01
    1.23857e-21         2.95869e+15    4.99425e-01
    1.23857e-21         2.77994e+15    4.99405e-01
    1.23857e-21         2.57746e+15    4.99384e-01
    1.23857e-21         2.34191e+15    4.99361e-01
    1.23857e-21         2.19926e+15    4.99348e-01
    1.23857e-21         2.03750e+15    4.99333e-01
    1.23857e-21         1.84903e+15    4.99318e-01
    1.23857e-21         1.73461e+15    4.99309e-01
    1.23857e-21         1.60460e+15    4.99299e-01
    1.23857e-21         1.45266e+15    4.99289e-01
    1.23857e-21         1.35997e+15    4.99283e-01
    1.23857e-21         1.25421e+15    4.99277e-01
    1.23857e-21         1.12987e+15    4.99269e-01
    1.23857e-21         1.05326e+15    4.99265e-01
    1.23857e-21         9.65098e+14    4.99261e-01
    1.23857e-21         9.12597e+14    4.99258e-01
    1.23857e-21         8.53882e+14    4.99256e-01
    1.23857e-21         7.86814e+14    4.99253e-01
    1.23857e-21         7.47320e+14    4.99251e-01
    1.23857e-21         7.03541e+14    4.99250e-01
    1.23857e-21         6.54144e+14    4.99248e-01
    1.23857e-21         5.97005e+14    4.99246e-01
    1.23857e-21         5.62705e+14    4.99245e-01
    1.23857e-21         5.24096e+14    4.99244e-01
    1.23857e-21         4.79589e+14    4.99242e-01
    1.23857e-21         4.53013e+14    4.99241e-01
    1.23857e-21         4.23228e+14    4.99241e-01
    1.23857e-21         3.89103e+14    4.99240e-01
    1.23857e-21         3.68917e+14    4.99239e-01
    1.23857e-21         3.46461e+14    4.99239e-01
    1.23857e-21         3.20999e+14    4.99238e-01
    1.23857e-21         2.91339e+14    4.99238e-01
    1.23857e-21         2.73335e+14    4.99237e-01
    1.23857e-21         2.52881e+14    4.99237e-01
    1.23857e-21         2.28985e+14    4.99237e-01
    1.23857e-21         2.14413e+14    4.99236e-01
    1.23857e-21         1.97794e+14    4.99236e-01
    1.23857e-21         1.78263e+14    4.99236e-01
    1.23857e-21         1.66242e+14    4.99236e-01
    1.23857e-21         1.52418e+14    4.99235e-01
    1.23857e-21         1.44196e+14    4.99235e-01
    1.23857e-21         1.35009e+14    4.99235e-01
    1.23857e-21         1.24529e+14    4.99235e-01
    1.23857e-21         1.12211e+14    4.99235e-01
    1.23857e-21         1.04626e+14    4.99235e-01
    1.23857e-21         9.59014e+13    4.99235e-01
    1.23857e-21         9.07090e+13    4.99235e-01
    1.23857e-21         8.49053e+13    4.99235e-01
    1.23857e-21         7.82810e+13    4.99235e-01
    1.23857e-21         7.04881e+13    4.99235e-01
    1.23857e-21         6.56825e+13    4.99235e-01
    1.23857e-21         6.01480e+13    4.99235e-01
    1.23857e-21         5.68481e+13    4.99235e-01
    1.23857e-21         5.31539e+13    4.99235e-01
    1.23857e-21         4.89284e+13    4.99235e-01
    1.23857e-21         4.64349e+13    4.99234e-01
    1.23857e-21         4.36665e+13    4.99234e-01
    1.23857e-21         4.05360e+13    4.99234e-01
    1.23857e-21         3.69032e+13    4.99234e-01
    1.23857e-21         3.47116e+13    4.99234e-01
    1.23857e-21         3.22345e+13    4.99234e-01
    1.23857e-21         2.93621e+13    4.99234e-01
    1.23857e-21         2.76312e+13    4.99234e-01
    1.23857e-21         2.56765e+13    4.99234e-01
    1.23857e-21         2.34130e+13    4.99234e-01
    1.23857e-21         2.20518e+13    4.99234e-01
    1.23857e-21         2.05174e+13    4.99234e-01
    1.23857e-21         1.87449e+13    4.99234e-01
    1.23857e-21         1.76831e+13    4.99234e-01
    1.23857e-21         1.64900e+13    4.99234e-01
    1.23857e-21         1.51180e+13    4.99234e-01
    1.23857e-21         1.43019e+13    4.99234e-01
    1.23857e-21         1.33899e+13    4.99234e-01
    1.23857e-21         1.23494e+13    4.99234e-01
    1.23857e-21         1.11263e+13    4.99234e-01
    1.23857e-21         1.03729e+13    4.99234e-01
    1.23857e-21         9.50603e+12    4.99234e-01
    1.23857e-21         8.98996e+12    4.99234e-01
    1.23857e-21         8.41293e+12    4.99234e-01
    1.23857e-21         7.75404e+12    4.99234e-01
    1.23857e-21         7.36623e+12    4.99234e-01
    1.23857e-21         6.93650e+12    4.99234e-01
    1.23857e-21         6.45188e+12    4.99234e-01
    1.23857e-21         5.89173e+12    4.99234e-01
    1.23857e-21         5.55587e+12    4.99234e-01
    1.23857e-21         5.17817e+12    4.99234e-01
    1.23857e-21         4.74336e+12    4.99234e-01
    1.23857e-21         4.48427e+12    4.99234e-01
    1.23857e-21         4.19438e+12    4.99234e-01
    1.23857e-21         3.86303e+12    4.99234e-01
    1.23857e-21         3.66772e+12    4.99234e-01
    1.23857e-21         3.45105e+12    4.99234e-01
    1.23857e-21         3.20632e+12    4.99234e-01
    1.23857e-21         2.92280e+12    4.99234e-01
    1.23857e-21         2.75221e+12    4.99234e-01
    1.23857e-21         2.55982e+12    4.99234e-01
    1.23857e-21         2.33741e+12    4.99234e-01
    1.23857e-21         2.20404e+12    4.99234e-01
    1.23857e-21         2.05404e+12    4.99234e-01
    1.23857e-21         1.88133e+12    4.99234e-01
    1.23857e-21         1.77840e+12    4.99234e-01
    1.23857e-21         1.66320e+12    4.99234e-01
    1.23857e-21         1.53149e+12    4.99234e-01
    1.23857e-21         1.45382e+12    4.99234e-01
    1.23857e-21         1.36764e+12    4.99234e-01
    1.23857e-21         1.27024e+12    4.99234e-01
    1.23857e-21         1.15734e+12    4.99234e-01
    1.23857e-21         1.08934e+12    4.99234e-01
    1.23857e-21         1.01259e+12    4.99234e-01
    1.23857e-21         9.23753e+11    4.99234e-01
    1.23857e-21         8.70383e+11    4.99234e-01
    1.23857e-21         8.10267e+11    4.99234e-01
    1.23857e-21         7.40900e+11    4.99234e-01
    1.23857e-21         6.99418e+11    4.99234e-01
    1.23857e-21         6.52869e+11    4.99234e-01
    1.23857e-21         5.99446e+11    4.99234e-01
    1.23857e-21         5.67762e+11    4.99234e-01
    1.23857e-21         5.32442e+11    4.99234e-01
    1.23857e-21         4.92281e+11    4.99234e-01
    1.23857e-21         4.45299e+11    4.99234e-01
    1.23857e-21         4.16591e+11    4.99234e-01
    1.23857e-21         3.83789e+11    4.99234e-01
    1.23857e-21         3.64464e+11    4.99234e-01
    1.23857e-21         3.43036e+11    4.99234e-01
    1.23857e-21         3.18848e+11    4.99234e-01
    1.23857e-21         2.90850e+11    4.99234e-01
    1.23857e-21         2.74026e+11    4.99234e-01
    1.23857e-21         2.55073e+11    4.99234e-01
    1.23857e-21         2.33199e+11    4.99234e-01
    1.23857e-21         2.20114e+11    4.99234e-01
    1.23857e-21         2.05427e+11    4.99234e-01
    1.23857e-21         1.88565e+11    4.99234e-01
    1.23857e-21         1.78559e+11    4.99234e-01
    1.23857e-21         1.67399e+11    4.99234e-01
    1.23857e-21         1.54703e+11    4.99234e-01
    1.23857e-21         1.39836e+11    4.99234e-01
    1.23857e-21         1.30739e+11    4.99234e-01
    1.23857e-21         1.20331e+11    4.99234e-01
    1.23857e-21         1.14188e+11    4.99234e-01
    1.23857e-21         1.07366e+11    4.99234e-01
    1.23857e-21         9.96496e+10    4.99234e-01
    1.23857e-21         9.06921e+10    4.99234e-01
    1.23857e-21         8.52849e+10    4.99234e-01
    1.23857e-21         7.91704e+10    4.99234e-01
    1.23857e-21         7.20748e+10    4.99234e-01
    1.23857e-21         6.77942e+10    4.99234e-01
    1.23857e-21         6.29558e+10    4.99234e-01
    1.23857e-21         5.73452e+10    4.99234e-01
    1.23857e-21         5.39642e+10    4.99234e-01
    1.23857e-21         5.01461e+10    4.99234e-01
    1.23857e-21         4.57246e+10    4.99234e-01
    1.23857e-21         4.30656e+10    4.99234e-01
    1.23857e-21         4.00681e+10    4.99234e-01
    1.23857e-21         3.66053e+10    4.99234e-01
    1.23857e-21         3.45309e+10    4.99234e-01
    1.23857e-21         3.21997e+10    4.99234e-01
    1.23857e-21         2.95188e+10    4.99234e-01
    1.23857e-21         2.79237e+10    4.99234e-01
    1.23857e-21         2.61413e+10    4.99234e-01
    1.23857e-21         2.41075e+10    4.99234e-01
    1.23857e-21         2.17161e+10    4.99234e-01
    1.23857e-21         2.02426e+10    4.99234e-01
    1.23857e-21         1.85467e+10    4.99234e-01
    1.23857e-21         1.75366e+10    4.99234e-01
    1.23857e-21         1.64067e+10    4.99234e-01
    1.23857e-21         1.51160e+10    4.99234e-01
    1.23857e-21         1.43556e+10    4.99234e-01
    1.23857e-21         1.35126e+10    4.99234e-01
    1.23857e-21         1.25612e+10    4.99234e-01
    1.23857e-21         1.14601e+10    4.99234e-01
    1.23857e-21         1.07987e+10    4.99234e-01
    1.23857e-21         1.00538e+10    4.99234e-01
    1.23857e-21         9.19448e+09    4.99234e-01
    1.23857e-21         8.68072e+09    4.99234e-01
    1.23857e-21         8.10436e+09    4.99234e-01
    1.23857e-21         7.44310e+09    4.99234e-01
    1.23857e-21         7.05111e+09    4.99234e-01
    1.23857e-21         6.61433e+09    4.99234e-01
    1.23857e-21         6.11795e+09    4.99234e-01
    1.23857e-21         5.53777e+09    4.99234e-01
    1.23857e-21         5.18371e+09    4.99234e-01
    1.23857e-21         4.77962e+09    4.99234e-01
    1.23857e-21         4.30433e+09    4.99234e-01
    1.23857e-21         4.01130e+09    4.99234e-01
    1.23857e-21         3.67390e+09    4.99234e-01
    1.23857e-21         3.47279e+09    4.99234e-01
    1.23857e-21         3.24771e+09    4.99234e-01
    1.23857e-21         2.99035e+09    4.99234e-01
    1.23857e-21         2.83857e+09    4.99234e-01
    1.23857e-21         2.67013e+09    4.99234e-01
    1.23857e-21         2.47976e+09    4.99234e-01
    1.23857e-21         2.25904e+09    4.99234e-01
    1.23857e-21         2.12606e+09    4.99234e-01
    1.23857e-21         1.97593e+09    4.99234e-01
    1.23857e-21         1.80211e+09    4.99234e-01
    1.23857e-21         1.69763e+09    4.99234e-01
    1.23857e-21         1.57989e+09    4.99234e-01
    1.23857e-21         1.44395e+09    4.99234e-01
    1.23857e-21         1.36258e+09    4.99234e-01
    1.23857e-21         1.27121e+09    4.99234e-01
    1.23857e-21         1.16622e+09    4.99234e-01
    1.23857e-21         1.10385e+09    4.99234e-01
    1.23857e-21         1.03423e+09    4.99234e-01
    1.23857e-21         9.54924e+08    4.99234e-01
    1.23857e-21         8.61898e+08    4.99234e-01
    1.23857e-21         8.04803e+08    4.99234e-01
    1.23857e-21         7.39319e+08    4.99234e-01
    1.23857e-21         7.00521e+08    4.99234e-01
    1.23857e-21         6.57306e+08    4.99234e-01
    1.23857e-21         6.08221e+08    4.99234e-01
    1.23857e-21         5.50894e+08    4.99234e-01
    1.23857e-21         5.15955e+08    4.99234e-01
    1.23857e-21         4.76124e+08    4.99234e-01
    1.23857e-21         4.29349e+08    4.99234e-01
    1.23857e-21         4.00588e+08    4.99234e-01
    1.23857e-21         3.67549e+08    4.99234e-01
    1.23857e-21         3.47927e+08    4.99234e-01
    1.23857e-21         3.26028e+08    4.99234e-01
    1.23857e-21         3.01089e+08    4.99234e-01
    1.23857e-21         2.71848e+08    4.99234e-01
    1.23857e-21         2.53913e+08    4.99234e-01
    1.23857e-21         2.33354e+08    4.99234e-01
    1.23857e-21         2.21184e+08    4.99234e-01
    1.23857e-21         2.07637e+08    4.99234e-01
    1.23857e-21         1.92266e+08    4.99234e-01
    1.23857e-21         1.74338e+08    4.99234e-01
    1.23857e-21         1.63436e+08    4.99234e-01
    1.23857e-21         1.51030e+08    4.99234e-01
    1.23857e-21         1.36504e+08    4.99234e-01
    1.23857e-21         1.27612e+08    4.99234e-01
    1.23857e-21         1.17438e+08    4.99234e-01
    1.23857e-21         1.11432e+08    4.99234e-01
    1.23857e-21         1.04760e+08    4.99234e-01
    1.23857e-21         9.72119e+07    4.99234e-01
    1.23857e-21         8.84459e+07    4.99234e-01
    1.23857e-21         8.31510e+07    4.99234e-01
    1.23857e-21         7.71604e+07    4.99234e-01
    1.23857e-21         7.02034e+07    4.99234e-01
    1.23857e-21         6.60013e+07    4.99234e-01
    1.23857e-21         6.12471e+07    4.99234e-01
    1.23857e-21         5.57263e+07    4.99234e-01
    1.23857e-21         5.23918e+07    4.99234e-01
    1.23857e-21         4.86193e+07    4.99234e-01
    1.23857e-21         4.42387e+07    4.99234e-01
    1.23857e-21         4.15932e+07    4.99234e-01
    1.23857e-21         3.86004e+07    4.99234e-01
    1.23857e-21         3.51256e+07    4.99234e-01
    1.23857e-21         3.30274e+07    4.99234e-01
    1.23857e-21         3.06541e+07    4.99234e-01
    1.23857e-21         2.78992e+07    4.99234e-01
    1.23857e-21         2.62363e+07    4.99234e-01
    1.23857e-21         2.43558e+07    4.99234e-01
    1.23857e-21         2.21738e+07    4.99234e-01
    1.23857e-21         2.08576e+07    4.99234e-01
    1.23857e-21         1.93699e+07    4.99234e-01
    1.23857e-21         1.76450e+07    4.99234e-01
    1.23857e-21         1.66056e+07    4.99234e-01
    1.23857e-21         1.54321e+07    4.99234e-01
    1.23857e-21         1.40733e+07    4.99234e-01
    1.23857e-21         1.32564e+07    4.99234e-01
    1.23857e-21         1.23357e+07    4.99234e-01
    1.23857e-21         1.12724e+07    4.99234e-01
    1.23857e-21         1.06358e+07    4.99234e-01
    1.23857e-21         9.92061e+06    4.99234e-01
    1.23857e-21         9.09863e+06    4.99234e-01
    1.23857e-21         8.61003e+06    4.99234e-01
    1.23857e-21         8.06439e+06    4.99234e-01
    1.23857e-21         7.44243e+06    4.99234e-01
    1.23857e-21         6.71216e+06    4.99234e-01
    1.23857e-21         6.26326e+06    4.99234e-01
    1.23857e-21         5.74769e+06    4.99234e-01
    1.23857e-21         5.44160e+06    4.99234e-01
    1.23857e-21         5.10009e+06    4.99234e-01
    1.23857e-21         4.71132e+06    4.99234e-01
    1.23857e-21         4.25574e+06    4.99234e-01
    1.23857e-21         3.97657e+06    4.99234e-01
    1.23857e-21         3.65682e+06    4.99234e-01
    1.23857e-21         3.46777e+06    4.99234e-01
    1.23857e-21         3.25754e+06    4.99234e-01
    1.23857e-21         3.01931e+06    4.99234e-01
    1.23857e-21         2.74199e+06    4.99234e-01
    1.23857e-21         2.57386e+06    4.99234e-01
    1.23857e-21         2.38306e+06    4.99234e-01
    1.23857e-21         2.16048e+06    4.99234e-01
    1.23857e-21         2.02507e+06    4.99234e-01
    1.23857e-21         1.87096e+06    4.99234e-01
    1.23857e-21         1.69041e+06    4.99234e-01
    1.23857e-21         1.57982e+06    4.99234e-01
    1.23857e-21         1.45320e+06    4.99234e-01
    1.23857e-21         1.37838e+06    4.99234e-01
    1.23857e-21         1.29522e+06    4.99234e-01
    1.23857e-21         1.20103e+06    4.99234e-01
    1.23857e-21         1.09150e+06    4.99234e-01
    1.23857e-21         1.02518e+06    4.99234e-01
    1.23857e-21         9.50014e+05    4.99234e-01
    1.23857e-21         8.62479e+05    4.99234e-01
    1.23857e-21         8.09377e+05    4.99234e-01
    1.23857e-21         7.49078e+05    4.99234e-01
    1.23857e-21         6.78681e+05    4.99234e-01
    1.23857e-21         6.35801e+05    4.99234e-01
    1.23857e-21         5.86943e+05    4.99234e-01
    1.23857e-21         5.29613e+05    4.99234e-01
    1.23857e-21         4.94405e+05    4.99234e-01
    1.23857e-21         4.54005e+05    4.99234e-01
    1.23857e-21         4.30050e+05    4.99234e-01
    1.23857e-21         4.03352e+05    4.99234e-01
    1.23857e-21         3.73002e+05    4.99234e-01
    1.23857e-21         3.37513e+05    4.99234e-01
    1.23857e-21         3.15840e+05    4.99234e-01
    1.23857e-21         2.91091e+05    4.99234e-01
    1.23857e-21         2.76523e+05    4.99234e-01
    1.23857e-21         2.60380e+05    4.99234e-01
    1.23857e-21         2.42172e+05    4.99234e-01
    1.23857e-21         2.21124e+05    4.99234e-01
    1.23857e-21         2.08502e+05    4.99234e-01
    1.23857e-21         1.94304e+05    4.99234e-01
    1.23857e-21         1.77956e+05    4.99234e-01
    1.23857e-21         1.68211e+05    4.99234e-01
    1.23857e-21         1.57305e+05    4.99234e-01
    1.23857e-21         1.44833e+05    4.99234e-01
    1.23857e-21         1.37477e+05    4.99234e-01
    1.23857e-21         1.29313e+05    4.99234e-01
    1.23857e-21         1.20086e+05    4.99234e-01
    1.23857e-21         1.09386e+05    4.99234e-01
    1.23857e-21         1.02938e+05    4.99234e-01
    1.23857e-21         9.56566e+04    4.99234e-01
    1.23857e-21         8.72250e+04    4.99234e-01
    1.23857e-21         8.21548e+04    4.99234e-01
    1.23857e-21         7.64394e+04    4.99234e-01
    1.23857e-21         6.98374e+04    4.99234e-01
    1.23857e-21         6.58828e+04    4.99234e-01
    1.23857e-21         6.14392e+04    4.99234e-01
    1.23857e-21         5.63295e+04    4.99234e-01
    1.23857e-21         5.32902e+04    4.99234e-01
    1.23857e-21         4.98943e+04    4.99234e-01
    1.23857e-21         4.60204e+04    4.99234e-01
    1.23857e-21         4.14669e+04    4.99234e-01
    1.23857e-21         3.86626e+04    4.99234e-01
    1.23857e-21         3.54368e+04    4.99234e-01
    1.23857e-21         3.35169e+04    4.99234e-01
    1.23857e-21         3.13707e+04    4.99234e-01
    1.23857e-21         2.89209e+04    4.99234e-01
    1.23857e-21         2.60384e+04    4.99234e-01
    1.23857e-21         2.42604e+04    4.99234e-01
    1.23857e-21         2.22122e+04    4.99234e-01
    1.23857e-21         2.09906e+04    4.99234e-01
    1.23857e-21         1.96226e+04    4.99234e-01
    1.23857e-21         1.80572e+04    4.99234e-01
    1.23857e-21         1.71329e+04    4.99234e-01
    1.23857e-21         1.61063e+04    4.99234e-01
    1.23857e-21         1.49445e+04    4.99234e-01
    1.23857e-21         1.35951e+04    4.99234e-01
    1.23857e-21         1.27799e+04    4.99234e-01
    1.23857e-21         1.18573e+04    4.99234e-01
    1.23857e-21         1.07855e+04    4.99234e-01
    1.23857e-21         1.01378e+04    4.99234e-01
    1.23857e-21         9.40472e+03    4.99234e-01
    1.23857e-21         8.55290e+03    4.99234e-01
    1.23857e-21         8.03793e+03    4.99234e-01
    1.23857e-21         7.45486e+03    4.99234e-01
    1.23857e-21         6.77701e+03    4.99234e-01
    1.23857e-21         6.36690e+03    4.99234e-01
    1.23857e-21         5.90225e+03    4.99234e-01
    1.23857e-21         5.36156e+03    4.99234e-01
    1.23857e-21         5.03394e+03    4.99234e-01
    1.23857e-21         4.66229e+03    4.99234e-01
    1.23857e-21         4.22903e+03    4.99234e-01
    1.23857e-21         3.96574e+03    4.99234e-01
    1.23857e-21         3.66632e+03    4.99234e-01
    1.23857e-21         3.31601e+03    4.99234e-01
    1.23857e-21         3.10189e+03    4.99234e-01
    1.23857e-21         2.85718e+03    4.99234e-01
    1.23857e-21         2.71298e+03    4.99234e-01
    1.23857e-21         2.55303e+03    4.99234e-01
    1.23857e-21         2.37242e+03    4.99234e-01
    1.23857e-21         2.16326e+03    4.99234e-01
    1.23857e-21         2.03748e+03    4.99234e-01
    1.23857e-21         1.89569e+03    4.99234e-01
    1.23857e-21         1.73190e+03    4.99234e-01
    1.23857e-21         1.63378e+03    4.99234e-01
    1.23857e-21         1.52352e+03    4.99234e-01
    1.23857e-21         1.39673e+03    4.99234e-01
    1.23857e-21         1.32130e+03    4.99234e-01
    1.23857e-21         1.23701e+03    4.99234e-01
    1.23857e-21         1.14084e+03    4.99234e-01
    1.23857e-21         1.02778e+03    4.99234e-01
    1.23857e-21         9.58130e+02    4.99234e-01
    1.23857e-21         8.77982e+02    4.99234e-01
    1.23857e-21         8.30258e+02    4.99234e-01
    1.23857e-21         7.76889e+02    4.99234e-01
    1.23857e-21         7.15937e+02    4.99234e-01
    1.23857e-21         6.80050e+02    4.99234e-01
    1.23857e-21         6.40276e+02    4.99234e-01
    1.23857e-21         5.95407e+02    4.99234e-01
    1.23857e-21         5.43521e+02    4.99234e-01
    1.23857e-21         5.12388e+02    4.99234e-01
    1.23857e-21         4.77357e+02    4.99234e-01
    1.23857e-21         4.36996e+02    4.99234e-01
    1.23857e-21         4.12916e+02    4.99234e-01
    1.23857e-21         3.85945e+02    4.99234e-01
    1.23857e-21         3.55073e+02    4.99234e-01
    1.23857e-21         3.36835e+02    4.99234e-01
    1.23857e-21         3.16570e+02    4.99234e-01
    1.23857e-21         2.93627e+02    4.99234e-01
    1.23857e-21         2.66959e+02    4.99234e-01
    1.23857e-21         2.50827e+02    4.99234e-01
    1.23857e-21         2.32554e+02    4.99234e-01
    1.23857e-21         2.11297e+02    4.99234e-01
    1.23857e-21         1.98422e+02    4.99234e-01
    1.23857e-21         1.83822e+02    4.99234e-01
    1.23857e-21         1.66810e+02    4.99234e-01
    1.23857e-21         1.56482e+02    4.99234e-01
    1.23857e-21         1.44744e+02    4.99234e-01
    1.23857e-21         1.31026e+02    4.99234e-01
    1.23857e-21         1.22655e+02    4.99234e-01
    1.23857e-21         1.13103e+02    4.99234e-01
    1.23857e-21         1.01869e+02    4.99234e-01
    1.23857e-21         9.49456e+01    4.99234e-01
    1.23857e-21         8.69750e+01    4.99234e-01
    1.23857e-21         8.22258e+01    4.99234e-01
    1.23857e-21         7.69121e+01    4.99234e-01
    1.23857e-21         7.08389e+01    4.99234e-01
    1.23857e-21         6.72592e+01    4.99234e-01
    1.23857e-21         6.32884e+01    4.99234e-01
    1.23857e-21         5.88038e+01    4.99234e-01
    1.23857e-21         5.36090e+01    4.99234e-01
    1.23857e-21         5.04838e+01    4.99234e-01
    1.23857e-21         4.69597e+01    4.99234e-01
    1.23857e-21         4.28868e+01    4.99234e-01
    1.23857e-21         4.04452e+01    4.99234e-01
    1.23857e-21         3.77000e+01    4.99234e-01
    1.23857e-21         3.45403e+01    4.99234e-01
    1.23857e-21         3.26582e+01    4.99234e-01
    1.23857e-21         3.05530e+01    4.99234e-01
    1.23857e-21         2.81476e+01    4.99234e-01
    1.23857e-21         2.67306e+01    4.99234e-01
    1.23857e-21         2.51593e+01    4.99234e-01
    1.23857e-21         2.33857e+01    4.99234e-01
    1.23857e-21         2.13328e+01    4.99234e-01
    1.23857e-21         2.00994e+01    4.99234e-01
    1.23857e-21         1.87098e+01    4.99234e-01
    1.23857e-21         1.71062e+01    4.99234e-01
    1.23857e-21         1.61471e+01    4.99234e-01
    1.23857e-21         1.50706e+01    4.99234e-01
    1.23857e-21         1.38348e+01    4.99234e-01
    1.23857e-21         1.31016e+01    4.99234e-01
    1.23857e-21         1.22841e+01    4.99234e-01
    1.23857e-21         1.13540e+01    4.99234e-01
    1.23857e-21         1.02654e+01    4.99234e-01
    1.23857e-21         9.59958e+00    4.99234e-01
    1.23857e-21         8.83814e+00    4.99234e-01
    1.23857e-21         8.38899e+00    4.99234e-01
    1.23857e-21         7.89046e+00    4.99234e-01
    1.23857e-21         7.32694e+00    4.99234e-01
    1.23857e-21         6.67342e+00    4.99234e-01
    1.23857e-21         6.27952e+00    4.99234e-01
    1.23857e-21         5.83465e+00    4.99234e-01
    1.23857e-21         5.31937e+00    4.99234e-01
    1.23857e-21         5.00939e+00    4.99234e-01
    1.23857e-21         4.65986e+00    4.99234e-01
    1.23857e-21         4.25593e+00    4.99234e-01
    1.23857e-21         4.01381e+00    4.99234e-01
    1.23857e-21         3.74160e+00    4.99234e-01
    1.23857e-21         3.42834e+00    4.99234e-01
    1.23857e-21         3.24178e+00    4.99234e-01
    1.23857e-21         3.03313e+00    4.99234e-01
    1.23857e-21         2.79478e+00    4.99234e-01
    1.23857e-21         2.65441e+00    4.99234e-01
    1.23857e-21         2.49881e+00    4.99234e-01
    1.23857e-21         2.32322e+00    4.99234e-01
    1.23857e-21         2.12009e+00    4.99234e-01
    1.23857e-21         1.99812e+00    4.99234e-01
    1.23857e-21         1.86082e+00    4.99234e-01
    1.23857e-21         1.70250e+00    4.99234e-01
    1.23857e-21         1.60794e+00    4.99234e-01
    1.23857e-21         1.50193e+00    4.99234e-01
    1.23857e-21         1.38042e+00    4.99234e-01
    1.23857e-21         1.30850e+00    4.99234e-01
    1.23857e-21         1.22846e+00    4.99234e-01
    1.23857e-21         1.13765e+00    4.99234e-01
    1.23857e-21         1.03176e+00    4.99234e-01
    1.23857e-21         9.67385e-01    4.99234e-01
    1.23857e-21         8.94163e-01    4.99234e-01
    1.23857e-21         8.08458e-01    4.99234e-01
    1.23857e-21         7.56038e-01    4.99234e-01
    1.23857e-21         6.96097e-01    4.99234e-01
    1.23857e-21         6.60743e-01    4.99234e-01
    1.23857e-21         6.21504e-01    4.99234e-01
    1.23857e-21         5.77154e-01    4.99234e-01
    1.23857e-21         5.25726e-01    4.99234e-01
    1.23857e-21         4.94736e-01    4.99234e-01
    1.23857e-21         4.59741e-01    4.99234e-01
    1.23857e-21         4.19216e-01    4.99234e-01
    1.23857e-21         3.94846e-01    4.99234e-01
    1.23857e-21         3.67376e-01    4.99234e-01
    1.23857e-21         3.35644e-01    4.99234e-01
    1.23857e-21         3.16636e-01    4.99234e-01
    1.23857e-21         2.95277e-01    4.99234e-01
    1.23857e-21         2.70717e-01    4.99234e-01
    1.23857e-21         2.56108e-01    4.99234e-01
    1.23857e-21         2.39784e-01    4.99234e-01
    1.23857e-21         2.21163e-01    4.99234e-01
    1.23857e-21         1.99273e-01    4.99234e-01
    1.23857e-21         1.85792e-01    4.99234e-01
    1.23857e-21         1.70283e-01    4.99234e-01
    1.23857e-21         1.61052e-01    4.99234e-01
    1.23857e-21         1.50732e-01    4.99234e-01
    1.23857e-21         1.38951e-01    4.99234e-01
    1.23857e-21         1.25087e-01    4.99234e-01
    1.23857e-21         1.16534e-01    4.99234e-01
    1.23857e-21         1.06679e-01    4.99234e-01
    1.23857e-21         1.00799e-01    4.99234e-01
    1.23857e-21         9.42124e-02    4.99234e-01
    1.23857e-21         8.66733e-02    4.99234e-01
    1.23857e-21         8.22194e-02    4.99234e-01
    1.23857e-21         7.72699e-02    4.99234e-01
    1.23857e-21         7.16660e-02    4.99234e-01
    1.23857e-21         6.51514e-02    4.99234e-01
    1.23857e-21         6.12102e-02    4.99234e-01
    1.23857e-21         5.67451e-02    4.99234e-01
    1.23857e-21         5.15496e-02    4.99234e-01
    1.23857e-21         4.84019e-02    4.99234e-01
    1.23857e-21         4.48314e-02    4.99234e-01
    1.23857e-21         4.06695e-02    4.99234e-01
    1.23857e-21         3.81409e-02    4.99234e-01
    1.23857e-21         3.52659e-02    4.99234e-01
    1.23857e-21         3.19031e-02    4.99234e-01
    1.23857e-21         2.98485e-02    4.99234e-01
    1.23857e-21         2.75013e-02    4.99234e-01
    1.23857e-21         2.61188e-02    4.99234e-01
    1.23857e-21         2.45861e-02    4.99234e-01
    1.23857e-21         2.28564e-02    4.99234e-01
    1.23857e-21         2.08550e-02    4.99234e-01
    1.23857e-21         1.96529e-02    4.99234e-01
    1.23857e-21         1.82994e-02    4.99234e-01
    1.23857e-21         1.67382e-02    4.99234e-01
    1.23857e-21         1.58052e-02    4.99234e-01
    1.23857e-21         1.47588e-02    4.99234e-01
    1.23857e-21         1.35587e-02    4.99234e-01
    1.23857e-21         1.28478e-02    4.99234e-01
    1.23857e-21         1.20560e-02    4.99234e-01
    1.23857e-21         1.11568e-02    4.99234e-01
    1.23857e-21         1.01068e-02    4.99234e-01
    1.23857e-21         9.46705e-03    4.99234e-01
    1.23857e-21         8.73791e-03    4.99234e-01
    1.23857e-21         7.88200e-03    4.99234e-01
    1.23857e-21         7.35606e-03    4.99234e-01
    1.23857e-21         6.75222e-03    4.99234e-01
    1.23857e-21         6.39389e-03    4.99234e-01
    1.23857e-21         5.99426e-03    4.99234e-01
    1.23857e-21         5.53958e-03    4.99234e-01
    1.23857e-21         5.00720e-03    4.99234e-01
    1.23857e-21         4.68139e-03    4.99234e-01
    1.23857e-21         4.30865e-03    4.99234e-01
    1.23857e-21         4.08865e-03    4.99234e-01
    1.23857e-21         3.84432e-03    4.99234e-01
    1.23857e-21         3.56796e-03    4.99234e-01
    1.23857e-21         3.24713e-03    4.99234e-01
    1.23857e-21         3.05344e-03    4.99234e-01
    1.23857e-21         2.83441e-03    4.99234e-01
    1.23857e-21         2.58022e-03    4.99234e-01
    1.23857e-21         2.42684e-03    4.99234e-01
    1.23857e-21         2.25347e-03    4.99234e-01
    1.23857e-21         2.05240e-03    4.99234e-01
    1.23857e-21         1.93120e-03    4.99234e-01
    1.23857e-21         1.79431e-03    4.99234e-01
    1.23857e-21         1.63573e-03    4.99234e-01
    1.23857e-21         1.54032e-03    4.99234e-01
    1.23857e-21         1.43273e-03    4.99234e-01
    1.23857e-21         1.30837e-03    4.99234e-01
    1.23857e-21         1.23381e-03    4.99234e-01
    1.23857e-21         1.14997e-03    4.99234e-01
    1.23857e-21         1.05346e-03    4.99234e-01
    1.23857e-21         9.95951e-04    4.99234e-01
    1.23857e-21         9.31613e-04    4.99234e-01
    1.23857e-21         8.58082e-04    4.99234e-01
    1.23857e-21         8.14746e-04    4.99234e-01
    1.23857e-21         7.66677e-04    4.99234e-01
    1.23857e-21         7.12391e-04    4.99234e-01
    1.23857e-21         6.49517e-04    4.99234e-01
    1.23857e-21         6.11699e-04    4.99234e-01
    1.23857e-21         5.69060e-04    4.99234e-01
    1.23857e-21         5.19792e-04    4.99234e-01
    1.23857e-21         4.90267e-04    4.99234e-01
    1.23857e-21         4.57078e-04    4.99234e-01
    1.23857e-21         4.18895e-04    4.99234e-01
    1.23857e-21         3.96165e-04    4.99234e-01
    1.23857e-21         3.70751e-04    4.99234e-01
    1.23857e-21         3.41734e-04    4.99234e-01
    1.23857e-21         3.07579e-04    4.99234e-01
    1.23857e-21         2.86499e-04    4.99234e-01
    1.23857e-21         2.62203e-04    4.99234e-01
    1.23857e-21         2.47699e-04    4.99234e-01
    1.23857e-21         2.31446e-04    4.99234e-01
    1.23857e-21         2.12832e-04    4.99234e-01
    1.23857e-21         2.01825e-04    4.99234e-01
    1.23857e-21         1.89585e-04    4.99234e-01
    1.23857e-21         1.75713e-04    4.99234e-01
    1.23857e-21         1.59565e-04    4.99234e-01
    1.23857e-21         1.49774e-04    4.99234e-01
    1.23857e-21         1.38662e-04    4.99234e-01
    1.23857e-21         1.25696e-04    4.99234e-01
    1.23857e-21         1.17807e-04    4.99234e-01
    1.23857e-21         1.08826e-04    4.99234e-01
    1.23857e-21         9.83015e-05    4.99234e-01
    1.23857e-21         9.18521e-05    4.99234e-01
    1.23857e-21         8.44652e-05    4.99234e-01
    1.23857e-21         8.00974e-05    4.99234e-01
    1.23857e-21         7.52404e-05    4.99234e-01
    1.23857e-21         6.97360e-05    4.99234e-01
    1.23857e-21         6.33284e-05    4.99234e-01
    1.23857e-21         5.94434e-05    4.99234e-01
    1.23857e-21         5.50341e-05    4.99234e-01
    1.23857e-21         4.98899e-05    4.99234e-01
    1.23857e-21         4.67600e-05    4.99234e-01
    1.23857e-21         4.31972e-05    4.99234e-01
    1.23857e-21         3.90223e-05    4.99234e-01
    1.23857e-21         3.64644e-05    4.99234e-01
    1.23857e-21         3.35349e-05    4.99234e-01
    1.23857e-21         3.18031e-05    4.99234e-01
    1.23857e-21         2.98776e-05    4.99234e-01
    1.23857e-21         2.76959e-05    4.99234e-01
    1.23857e-21         2.51569e-05    4.99234e-01


