              t                   M              a
    1.23833e-21         1.00000e+17    8.00000e-01
    2.47665e-21         1.00000e+17    8.00000e-01
    4.95331e-21         1.00000e+17    8.00000e-01
    9.90662e-21         1.00000e+17    8.00000e-01
    1.98132e-20         1.00000e+17    8.00000e-01
    3.96265e-20         1.00000e+17    8.00000e-01
    7.92530e-20         1.00000e+17    8.00000e-01
    1.58506e-19         1.00000e+17    8.00000e-01
    3.17012e-19         1.00000e+17    8.00000e-01
    6.34024e-19         1.00000e+17    8.00000e-01
    1.26805e-18         1.00000e+17    8.00000e-01
    2.53609e-18         1.00000e+17    8.00000e-01
    5.07219e-18         1.00000e+17    8.00000e-01
    1.01444e-17         1.00000e+17    8.00000e-01
    2.02888e-17         1.00000e+17    8.00000e-01
    4.05775e-17         1.00000e+17    8.00000e-01
    8.11550e-17         1.00000e+17    8.00000e-01
    1.62310e-16         1.00000e+17    8.00000e-01
    3.24620e-16         1.00000e+17    8.00000e-01
    6.49240e-16         1.00000e+17    8.00000e-01
    1.29848e-15         1.00000e+17    8.00000e-01
    2.59696e-15         1.00000e+17    8.00000e-01
    5.19392e-15         1.00000e+17    8.00000e-01
    1.03878e-14         1.00000e+17    8.00000e-01
    2.07757e-14         1.00000e+17    8.00000e-01
    4.15514e-14         1.00000e+17    8.00000e-01
    8.31027e-14         1.00000e+17    8.00000e-01
    1.66205e-13         1.00000e+17    8.00000e-01
    3.32411e-13         1.00000e+17    8.00000e-01
    6.64822e-13         1.00000e+17    8.00000e-01
    1.32964e-12         1.00000e+17    8.00000e-01
    2.65929e-12         1.00000e+17    8.00000e-01
    5.31858e-12         1.00000e+17    8.00000e-01
    1.06372e-11         1.00000e+17    8.00000e-01
    2.12743e-11         1.00000e+17    8.00000e-01
    4.25486e-11         1.00000e+17    8.00000e-01
    8.50972e-11         1.00000e+17    8.00000e-01
    1.70194e-10         1.00000e+17    8.00000e-01
    3.40389e-10         1.00000e+17    8.00000e-01
    6.80778e-10         1.00000e+17    8.00000e-01
    1.36156e-09         1.00000e+17    8.00000e-01
    2.72311e-09         1.00000e+17    8.00000e-01
    5.44622e-09         1.00000e+17    8.00000e-01
    1.08924e-08         1.00000e+17    8.00000e-01
    2.17849e-08         1.00000e+17    8.00000e-01
    4.35698e-08         1.00000e+17    8.00000e-01
    8.71395e-08         1.00000e+17    8.00000e-01
    1.74279e-07         1.00000e+17    8.00000e-01
    3.48558e-07         1.00000e+17    8.00000e-01
    6.97116e-07         1.00000e+17    8.00000e-01
    1.39423e-06         1.00000e+17    8.00000e-01
    2.78847e-06         1.00000e+17    8.00000e-01
    5.57693e-06         1.00000e+17    8.00000e-01
    1.11539e-05         1.00000e+17    8.00000e-01
    2.23077e-05         1.00000e+17    8.00000e-01
    4.46154e-05         1.00000e+17    8.00000e-01
    8.92309e-05         1.00000e+17    8.00000e-01
    1.78462e-04         1.00000e+17    8.00000e-01
    3.56924e-04         1.00000e+17    8.00000e-01
    7.13847e-04         1.00000e+17    8.00000e-01
    1.42769e-03         1.00000e+17    8.00000e-01
    2.85539e-03         1.00000e+17    8.00000e-01
    5.71078e-03         1.00000e+17    8.00000e-01
    1.14216e-02         1.00000e+17    8.00000e-01
    2.28431e-02         1.00000e+17    8.00000e-01
    4.56862e-02         1.00000e+17    8.00000e-01
    9.13724e-02         1.00000e+17    8.00000e-01
    1.82745e-01         1.00000e+17    8.00000e-01
    3.65490e-01         1.00000e+17    8.00000e-01
    7.30979e-01         1.00000e+17    8.00000e-01
    1.46196e+00         1.00000e+17    8.00000e-01
    2.92392e+00         1.00000e+17    8.00000e-01
    5.84784e+00         1.00000e+17    8.00000e-01
    1.16957e+01         1.00000e+17    8.00000e-01
    2.33913e+01         1.00000e+17    8.00000e-01
    4.67827e+01         1.00000e+17    8.00000e-01
    9.35654e+01         1.00000e+17    8.00000e-01
    1.87131e+02         1.00000e+17    8.00000e-01
    3.74261e+02         1.00000e+17    8.00000e-01
    7.48523e+02         1.00000e+17    8.00000e-01
    1.49705e+03         1.00000e+17    8.00000e-01
    2.99409e+03         1.00000e+17    8.00000e-01
    5.98818e+03         1.00000e+17    8.00000e-01
    1.19764e+04         1.00000e+17    8.00000e-01
    2.39527e+04         1.00000e+17    8.00000e-01
    4.79055e+04         9.99999e+16    7.99999e-01
    9.58109e+04         9.99998e+16    7.99998e-01
    1.91622e+05         9.99997e+16    7.99996e-01
    3.83244e+05         9.99993e+16    7.99992e-01
    7.66488e+05         9.99986e+16    7.99984e-01
    1.53298e+06         9.99972e+16    7.99969e-01
    3.06595e+06         9.99944e+16    7.99937e-01
    6.13190e+06         9.99889e+16    7.99875e-01
    1.22638e+07         9.99777e+16    7.99749e-01
    2.45276e+07         9.99555e+16    7.99499e-01
    4.90552e+07         9.99110e+16    7.98998e-01
    9.81104e+07         9.98221e+16    7.97999e-01
    1.96221e+08         9.96448e+16    7.96012e-01
    3.92442e+08         9.92918e+16    7.92076e-01
    7.84883e+08         9.85921e+16    7.84363e-01
    1.56977e+09         9.72031e+16    7.69438e-01
    2.35465e+09         9.58290e+16    7.55458e-01
    3.13953e+09         9.44682e+16    7.42380e-01
    3.92442e+09         9.31000e+16    7.29954e-01
    4.70930e+09         9.17212e+16    7.18141e-01
    5.49418e+09         9.03300e+16    7.06917e-01
    6.27907e+09         8.89141e+16    6.96147e-01
    7.06395e+09         8.74711e+16    6.85817e-01
    7.84883e+09         8.59982e+16    6.75913e-01
    8.63372e+09         8.44867e+16    6.66380e-01
    9.41860e+09         8.29291e+16    6.57176e-01
    1.02035e+10         8.13211e+16    6.48292e-01
    1.09884e+10         7.96573e+16    6.39719e-01
    1.17732e+10         7.79319e+16    6.31345e-01
    1.25581e+10         7.61381e+16    6.23112e-01
    1.33430e+10         7.42679e+16    6.15015e-01
    1.41279e+10         7.23116e+16    6.07049e-01
    1.49128e+10         7.02555e+16    5.99213e-01
    1.56977e+10         6.80781e+16    5.91520e-01
    1.64825e+10         6.57601e+16    5.83960e-01
    1.72674e+10         6.32766e+16    5.76528e-01
    1.80523e+10         6.05952e+16    5.69215e-01
    1.88372e+10         5.76744e+16    5.61898e-01
    1.96221e+10         5.44561e+16    5.54410e-01
    2.04070e+10         5.08531e+16    5.46701e-01
    2.11918e+10         4.67294e+16    5.38696e-01
    2.15843e+10         4.42925e+16    5.34491e-01
    2.19767e+10         4.15816e+16    5.30122e-01
    2.23692e+10         3.85052e+16    5.25535e-01
    2.27616e+10         3.49170e+16    5.20660e-01
    2.29578e+10         3.27349e+16    5.18024e-01
    2.31541e+10         3.02520e+16    5.15234e-01
    2.33503e+10         2.73445e+16    5.12243e-01
    2.34484e+10         2.55651e+16    5.10607e-01
    2.35465e+10         2.35291e+16    5.08865e-01
    2.35956e+10         2.23273e+16    5.07923e-01
    2.36446e+10         2.09926e+16    5.06931e-01
    2.36937e+10         1.94827e+16    5.05877e-01
    2.37427e+10         1.77296e+16    5.04743e-01
    2.37672e+10         1.66712e+16    5.04122e-01
    2.37918e+10         1.54740e+16    5.03462e-01
    2.38163e+10         1.40844e+16    5.02750e-01
    2.38286e+10         1.32457e+16    5.02359e-01
    2.38408e+10         1.22974e+16    5.01944e-01
    2.38531e+10         1.11972e+16    5.01495e-01
    2.38592e+10         1.05337e+16    5.01249e-01
    2.38654e+10         9.78401e+15    5.00987e-01
    2.38715e+10         8.91498e+15    5.00704e-01
    2.38746e+10         8.39161e+15    5.00549e-01
    2.38776e+10         7.80092e+15    5.00383e-01
    2.38807e+10         7.11739e+15    5.00205e-01
    2.38822e+10         6.70683e+15    5.00107e-01
    2.38838e+10         6.24446e+15    5.00003e-01
    2.38853e+10         5.71108e+15    4.99891e-01
    2.38861e+10         5.39224e+15    4.99828e-01
    2.38868e+10         5.03459e+15    4.99761e-01
    2.38876e+10         4.62431e+15    4.99688e-01
    2.38880e+10         4.38115e+15    4.99647e-01
    2.38884e+10         4.11025e+15    4.99604e-01
    2.38887e+10         3.80247e+15    4.99557e-01
    2.38891e+10         3.44284e+15    4.99505e-01
    2.38893e+10         3.22350e+15    4.99475e-01
    2.38895e+10         2.97329e+15    4.99443e-01
    2.38897e+10         2.67919e+15    4.99408e-01
    2.38898e+10         2.49809e+15    4.99388e-01
    2.38899e+10         2.28978e+15    4.99366e-01
    2.38899e+10         2.16581e+15    4.99354e-01
    2.38900e+10         2.02724e+15    4.99341e-01
    2.38900e+10         1.86908e+15    4.99327e-01
    2.38901e+10         1.68302e+15    4.99311e-01
    2.38901e+10         1.56829e+15    4.99302e-01
    2.38901e+10         1.43615e+15    4.99292e-01
    2.38901e+10         1.35736e+15    4.99287e-01
    2.38901e+10         1.26917e+15    4.99281e-01
    2.38902e+10         1.16829e+15    4.99275e-01
    2.38902e+10         1.10876e+15    4.99271e-01
    2.38902e+10         1.04267e+15    4.99268e-01
    2.38902e+10         9.67933e+14    4.99264e-01
    2.38902e+10         8.81211e+14    4.99259e-01
    2.38902e+10         8.28896e+14    4.99257e-01
    2.38902e+10         7.69769e+14    4.99254e-01
    2.38902e+10         7.01209e+14    4.99251e-01
    2.38902e+10         6.59898e+14    4.99249e-01
    2.38902e+10         6.13253e+14    4.99247e-01
    2.38902e+10         5.59243e+14    4.99245e-01
    2.38902e+10         5.26769e+14    4.99244e-01
    2.38902e+10         4.90169e+14    4.99243e-01
    2.38902e+10         4.47898e+14    4.99242e-01
    2.38902e+10         4.22586e+14    4.99241e-01
    2.38902e+10         3.94150e+14    4.99240e-01
    2.38902e+10         3.61462e+14    4.99240e-01
    2.38902e+10         3.42029e+14    4.99239e-01
    2.38902e+10         3.20325e+14    4.99239e-01
    2.38902e+10         2.95580e+14    4.99238e-01
    2.38902e+10         2.66519e+14    4.99237e-01
    2.38902e+10         2.48646e+14    4.99237e-01
    2.38902e+10         2.28112e+14    4.99237e-01
    2.38902e+10         2.15914e+14    4.99236e-01
    2.38902e+10         2.02298e+14    4.99236e-01
    2.38902e+10         1.86787e+14    4.99236e-01
    2.38902e+10         1.68593e+14    4.99236e-01
    2.38902e+10         1.57427e+14    4.99236e-01
    2.38902e+10         1.44621e+14    4.99235e-01
    2.38902e+10         1.37034e+14    4.99235e-01
    2.38902e+10         1.28583e+14    4.99235e-01
    2.38902e+10         1.18985e+14    4.99235e-01
    2.38902e+10         1.07777e+14    4.99235e-01
    2.38902e+10         1.00946e+14    4.99235e-01
    2.38902e+10         9.31593e+13    4.99235e-01
    2.38902e+10         8.40168e+13    4.99235e-01
    2.38902e+10         7.83965e+13    4.99235e-01
    2.38902e+10         7.19415e+13    4.99235e-01
    2.38902e+10         6.81088e+13    4.99235e-01
    2.38902e+10         6.38327e+13    4.99235e-01
    2.38902e+10         5.89645e+13    4.99235e-01
    2.38902e+10         5.32592e+13    4.99235e-01
    2.38902e+10         4.97626e+13    4.99235e-01
    2.38902e+10         4.57574e+13    4.99235e-01
    2.38902e+10         4.33889e+13    4.99234e-01
    2.38902e+10         4.07547e+13    4.99234e-01
    2.38902e+10         3.77690e+13    4.99234e-01
    2.38902e+10         3.42927e+13    4.99234e-01
    2.38902e+10         3.21842e+13    4.99234e-01
    2.38902e+10         2.97904e+13    4.99234e-01
    2.38902e+10         2.69965e+13    4.99234e-01
    2.38902e+10         2.52954e+13    4.99234e-01
    2.38902e+10         2.33579e+13    4.99234e-01
    2.38902e+10         2.10855e+13    4.99234e-01
    2.38902e+10         1.96913e+13    4.99234e-01
    2.38902e+10         1.80926e+13    4.99234e-01
    2.38902e+10         1.71457e+13    4.99234e-01
    2.38902e+10         1.60914e+13    4.99234e-01
    2.38902e+10         1.48944e+13    4.99234e-01
    2.38902e+10         1.34973e+13    4.99234e-01
    2.38902e+10         1.26467e+13    4.99234e-01
    2.38902e+10         1.16777e+13    4.99234e-01
    2.38902e+10         1.05413e+13    4.99234e-01
    2.38902e+10         9.84401e+12    4.99234e-01
    2.38902e+10         9.04441e+12    4.99234e-01
    2.38902e+10         8.57079e+12    4.99234e-01
    2.38902e+10         8.04338e+12    4.99234e-01
    2.38902e+10         7.44454e+12    4.99234e-01
    2.38902e+10         6.74548e+12    4.99234e-01
    2.38902e+10         6.31975e+12    4.99234e-01
    2.38902e+10         5.83473e+12    4.99234e-01
    2.38902e+10         5.26573e+12    4.99234e-01
    2.38902e+10         4.91642e+12    4.99234e-01
    2.38902e+10         4.51571e+12    4.99234e-01
    2.38902e+10         4.27821e+12    4.99234e-01
    2.38902e+10         4.01362e+12    4.99234e-01
    2.38902e+10         3.71300e+12    4.99234e-01
    2.38902e+10         3.36172e+12    4.99234e-01
    2.38902e+10         3.14746e+12    4.99234e-01
    2.38902e+10         2.90303e+12    4.99234e-01
    2.38902e+10         2.61571e+12    4.99234e-01
    2.38902e+10         2.43876e+12    4.99234e-01
    2.38902e+10         2.23519e+12    4.99234e-01
    2.38902e+10         2.11403e+12    4.99234e-01
    2.38902e+10         1.97858e+12    4.99234e-01
    2.38902e+10         1.82394e+12    4.99234e-01
    2.38902e+10         1.64198e+12    4.99234e-01
    2.38902e+10         1.52971e+12    4.99234e-01
    2.38902e+10         1.40037e+12    4.99234e-01
    2.38902e+10         1.32319e+12    4.99234e-01
    2.38902e+10         1.23676e+12    4.99234e-01
    2.38902e+10         1.13781e+12    4.99234e-01
    2.38902e+10         1.07936e+12    4.99234e-01
    2.38902e+10         1.01441e+12    4.99234e-01
    2.38902e+10         9.40879e+11    4.99234e-01
    2.38902e+10         8.55402e+11    4.99234e-01
    2.38902e+10         8.03695e+11    4.99234e-01
    2.38902e+10         7.45121e+11    4.99234e-01
    2.38902e+10         6.76975e+11    4.99234e-01
    2.38902e+10         6.35698e+11    4.99234e-01
    2.38902e+10         5.88886e+11    4.99234e-01
    2.38902e+10         5.34335e+11    4.99234e-01
    2.38902e+10         5.01207e+11    4.99234e-01
    2.38902e+10         4.63554e+11    4.99234e-01
    2.38902e+10         4.19536e+11    4.99234e-01
    2.38902e+10         3.92667e+11    4.99234e-01
    2.38902e+10         3.61994e+11    4.99234e-01
    2.38902e+10         3.25903e+11    4.99234e-01
    2.38902e+10         3.03640e+11    4.99234e-01
    2.38902e+10         2.77992e+11    4.99234e-01
    2.38902e+10         2.62693e+11    4.99234e-01
    2.38902e+10         2.45559e+11    4.99234e-01
    2.38902e+10         2.25952e+11    4.99234e-01
    2.38902e+10         2.14373e+11    4.99234e-01
    2.38902e+10         2.01509e+11    4.99234e-01
    2.38902e+10         1.86950e+11    4.99234e-01
    2.38902e+10         1.70036e+11    4.99234e-01
    2.38902e+10         1.59812e+11    4.99234e-01
    2.38902e+10         1.48239e+11    4.99234e-01
    2.38902e+10         1.34788e+11    4.99234e-01
    2.38902e+10         1.26653e+11    4.99234e-01
    2.38902e+10         1.17439e+11    4.99234e-01
    2.38902e+10         1.06724e+11    4.99234e-01
    2.38902e+10         1.00236e+11    4.99234e-01
    2.38902e+10         9.28809e+10    4.99234e-01
    2.38902e+10         8.43151e+10    4.99234e-01
    2.38902e+10         7.91178e+10    4.99234e-01
    2.38902e+10         7.32153e+10    4.99234e-01
    2.38902e+10         6.63226e+10    4.99234e-01
    2.38902e+10         6.21228e+10    4.99234e-01
    2.38902e+10         5.73358e+10    4.99234e-01
    2.38902e+10         5.17162e+10    4.99234e-01
    2.38902e+10         4.82625e+10    4.99234e-01
    2.38902e+10         4.42970e+10    4.99234e-01
    2.38902e+10         4.19432e+10    4.99234e-01
    2.38902e+10         3.93180e+10    4.99234e-01
    2.38902e+10         3.63304e+10    4.99234e-01
    2.38902e+10         3.28313e+10    4.99234e-01
    2.38902e+10         3.06889e+10    4.99234e-01
    2.38902e+10         2.82370e+10    4.99234e-01
    2.38902e+10         2.67889e+10    4.99234e-01
    2.38902e+10         2.51800e+10    4.99234e-01
    2.38902e+10         2.33589e+10    4.99234e-01
    2.38902e+10         2.12428e+10    4.99234e-01
    2.38902e+10         1.99635e+10    4.99234e-01
    2.38902e+10         1.85149e+10    4.99234e-01
    2.38902e+10         1.68308e+10    4.99234e-01
    2.38902e+10         1.58118e+10    4.99234e-01
    2.38902e+10         1.46573e+10    4.99234e-01
    2.38902e+10         1.33137e+10    4.99234e-01
    2.38902e+10         1.24994e+10    4.99234e-01
    2.38902e+10         1.15757e+10    4.99234e-01
    2.38902e+10         1.04986e+10    4.99234e-01
    2.38902e+10         9.84382e+09    4.99234e-01
    2.38902e+10         9.09911e+09    4.99234e-01
    2.38902e+10         8.22750e+09    4.99234e-01
    2.38902e+10         7.69446e+09    4.99234e-01
    2.38902e+10         7.08502e+09    4.99234e-01
    2.38902e+10         6.72562e+09    4.99234e-01
    2.38902e+10         6.32679e+09    4.99234e-01
    2.38902e+10         5.87608e+09    4.99234e-01
    2.38902e+10         5.35358e+09    4.99234e-01
    2.38902e+10         5.03885e+09    4.99234e-01
    2.38902e+10         4.68358e+09    4.99234e-01
    2.38902e+10         4.27236e+09    4.99234e-01
    2.38902e+10         4.02526e+09    4.99234e-01
    2.38902e+10         3.74690e+09    4.99234e-01
    2.38902e+10         3.42564e+09    4.99234e-01
    2.38902e+10         3.23347e+09    4.99234e-01
    2.38902e+10         3.01778e+09    4.99234e-01
    2.38902e+10         2.77015e+09    4.99234e-01
    2.38902e+10         2.62322e+09    4.99234e-01
    2.38902e+10         2.45936e+09    4.99234e-01
    2.38902e+10         2.27293e+09    4.99234e-01
    2.38902e+10         2.05468e+09    4.99234e-01
    2.38902e+10         1.92114e+09    4.99234e-01
    2.38902e+10         1.76838e+09    4.99234e-01
    2.38902e+10         1.67824e+09    4.99234e-01
    2.38902e+10         1.57815e+09    4.99234e-01
    2.38902e+10         1.46497e+09    4.99234e-01
    2.38902e+10         1.33362e+09    4.99234e-01
    2.38902e+10         1.25438e+09    4.99234e-01
    2.38902e+10         1.16480e+09    4.99234e-01
    2.38902e+10         1.06092e+09    4.99234e-01
    2.38902e+10         9.98306e+08    4.99234e-01
    2.38902e+10         9.27595e+08    4.99234e-01
    2.38902e+10         8.45691e+08    4.99234e-01
    2.38902e+10         7.96423e+08    4.99234e-01
    2.38902e+10         7.40871e+08    4.99234e-01
    2.38902e+10         6.76675e+08    4.99234e-01
    2.38902e+10         6.38198e+08    4.99234e-01
    2.38902e+10         5.94942e+08    4.99234e-01
    2.38902e+10         5.45167e+08    4.99234e-01
    2.38902e+10         5.15528e+08    4.99234e-01
    2.38902e+10         4.82383e+08    4.99234e-01
    2.38902e+10         4.44526e+08    4.99234e-01
    2.38902e+10         4.22236e+08    4.99234e-01
    2.38902e+10         3.97530e+08    4.99234e-01
    2.38902e+10         3.69659e+08    4.99234e-01
    2.38902e+10         3.37426e+08    4.99234e-01
    2.38902e+10         3.18084e+08    4.99234e-01
    2.38902e+10         2.96318e+08    4.99234e-01
    2.38902e+10         2.71236e+08    4.99234e-01
    2.38902e+10         2.56269e+08    4.99234e-01
    2.38902e+10         2.39502e+08    4.99234e-01
    2.38902e+10         2.20305e+08    4.99234e-01
    2.38902e+10         2.08962e+08    4.99234e-01
    2.38902e+10         1.96353e+08    4.99234e-01
    2.38902e+10         1.82073e+08    4.99234e-01
    2.38902e+10         1.65464e+08    4.99234e-01
    2.38902e+10         1.55410e+08    4.99234e-01
    2.38902e+10         1.44012e+08    4.99234e-01
    2.38902e+10         1.30738e+08    4.99234e-01
    2.38902e+10         1.22686e+08    4.99234e-01
    2.38902e+10         1.13541e+08    4.99234e-01
    2.38902e+10         1.02864e+08    4.99234e-01
    2.38902e+10         9.63601e+07    4.99234e-01
    2.38902e+10         8.89482e+07    4.99234e-01
    2.38902e+10         8.02497e+07    4.99234e-01
    2.38902e+10         7.49065e+07    4.99234e-01
    2.38902e+10         6.87738e+07    4.99234e-01
    2.38902e+10         6.51363e+07    4.99234e-01
    2.38902e+10         6.10810e+07    4.99234e-01
    2.38902e+10         5.64695e+07    4.99234e-01
    2.38902e+10         5.10740e+07    4.99234e-01
    2.38902e+10         4.77762e+07    4.99234e-01
    2.38902e+10         4.40073e+07    4.99234e-01
    2.38902e+10         4.17863e+07    4.99234e-01
    2.38902e+10         3.93229e+07    4.99234e-01
    2.38902e+10         3.65413e+07    4.99234e-01
    2.38902e+10         3.33200e+07    4.99234e-01
    2.38902e+10         3.13828e+07    4.99234e-01
    2.38902e+10         2.91992e+07    4.99234e-01
    2.38902e+10         2.66767e+07    4.99234e-01
    2.38902e+10         2.51656e+07    4.99234e-01
    2.38902e+10         2.34677e+07    4.99234e-01
    2.38902e+10         2.15151e+07    4.99234e-01
    2.38902e+10         2.03536e+07    4.99234e-01
    2.38902e+10         1.90558e+07    4.99234e-01
    2.38902e+10         1.75751e+07    4.99234e-01
    2.38902e+10         1.58345e+07    4.99234e-01
    2.38902e+10         1.47623e+07    4.99234e-01
    2.38902e+10         1.35287e+07    4.99234e-01
    2.38902e+10         1.27943e+07    4.99234e-01
    2.38902e+10         1.19731e+07    4.99234e-01
    2.38902e+10         1.10355e+07    4.99234e-01
    2.38902e+10         1.04836e+07    4.99234e-01
    2.38902e+10         9.87213e+06    4.99234e-01
    2.38902e+10         9.18253e+06    4.99234e-01
    2.38902e+10         8.38546e+06    4.99234e-01
    2.38902e+10         7.90756e+06    4.99234e-01
    2.38902e+10         7.37015e+06    4.99234e-01
    2.38902e+10         6.75151e+06    4.99234e-01
    2.38902e+10         6.38291e+06    4.99234e-01
    2.38902e+10         5.97051e+06    4.99234e-01
    2.38902e+10         5.49917e+06    4.99234e-01
    2.38902e+10         5.22137e+06    4.99234e-01
    2.38902e+10         4.91322e+06    4.99234e-01
    2.38902e+10         4.56520e+06    4.99234e-01
    2.38902e+10         4.16210e+06    4.99234e-01
    2.38902e+10         3.91963e+06    4.99234e-01
    2.38902e+10         3.64622e+06    4.99234e-01
    2.38902e+10         3.33027e+06    4.99234e-01
    2.38902e+10         3.14090e+06    4.99234e-01
    2.38902e+10         2.92801e+06    4.99234e-01
    2.38902e+10         2.68303e+06    4.99234e-01
    2.38902e+10         2.53716e+06    4.99234e-01
    2.38902e+10         2.37402e+06    4.99234e-01
    2.38902e+10         2.18770e+06    4.99234e-01
    2.38902e+10         2.07799e+06    4.99234e-01
    2.38902e+10         1.95639e+06    4.99234e-01
    2.38902e+10         1.81921e+06    4.99234e-01
    2.38902e+10         1.66056e+06    4.99234e-01
    2.38902e+10         1.56535e+06    4.99234e-01
    2.38902e+10         1.45821e+06    4.99234e-01
    2.38902e+10         1.33475e+06    4.99234e-01
    2.38902e+10         1.26106e+06    4.99234e-01
    2.38902e+10         1.17852e+06    4.99234e-01
    2.38902e+10         1.08401e+06    4.99234e-01
    2.38902e+10         1.02816e+06    4.99234e-01
    2.38902e+10         9.66074e+05    4.99234e-01
    2.38902e+10         8.95750e+05    4.99234e-01
    2.38902e+10         8.13952e+05    4.99234e-01
    2.38902e+10         7.64419e+05    4.99234e-01
    2.38902e+10         7.08259e+05    4.99234e-01
    2.38902e+10         6.42840e+05    4.99234e-01
    2.38902e+10         6.03134e+05    4.99234e-01
    2.38902e+10         5.58029e+05    4.99234e-01
    2.38902e+10         5.05337e+05    4.99234e-01
    2.38902e+10         4.73210e+05    4.99234e-01
    2.38902e+10         4.36572e+05    4.99234e-01
    2.38902e+10         3.93528e+05    4.99234e-01
    2.38902e+10         3.67040e+05    4.99234e-01
    2.38902e+10         3.36591e+05    4.99234e-01
    2.38902e+10         3.18488e+05    4.99234e-01
    2.38902e+10         2.98267e+05    4.99234e-01
    2.38902e+10         2.75213e+05    4.99234e-01
    2.38902e+10         2.48134e+05    4.99234e-01
    2.38902e+10         2.31478e+05    4.99234e-01
    2.38902e+10         2.12339e+05    4.99234e-01
    2.38902e+10         2.00967e+05    4.99234e-01
    2.38902e+10         1.88271e+05    4.99234e-01
    2.38902e+10         1.73805e+05    4.99234e-01
    2.38902e+10         1.56831e+05    4.99234e-01
    2.38902e+10         1.46407e+05    4.99234e-01
    2.38902e+10         1.34447e+05    4.99234e-01
    2.38902e+10         1.27355e+05    4.99234e-01
    2.38902e+10         1.19451e+05    4.99234e-01
    2.38902e+10         1.10467e+05    4.99234e-01
    2.38902e+10         9.99628e+04    4.99234e-01
    2.38902e+10         9.35486e+04    4.99234e-01
    2.38902e+10         8.62246e+04    4.99234e-01
    2.38902e+10         7.76037e+04    4.99234e-01
    2.38902e+10         7.22823e+04    4.99234e-01
    2.38902e+10         6.61485e+04    4.99234e-01
    2.38902e+10         6.24865e+04    4.99234e-01
    2.38902e+10         5.83827e+04    4.99234e-01
    2.38902e+10         5.36817e+04    4.99234e-01
    2.38902e+10         5.09015e+04    4.99234e-01
    2.38902e+10         4.78093e+04    4.99234e-01
    2.38902e+10         4.43041e+04    4.99234e-01
    2.38902e+10         4.02224e+04    4.99234e-01
    2.38902e+10         3.77464e+04    4.99234e-01
    2.38902e+10         3.49348e+04    4.99234e-01
    2.38902e+10         3.16525e+04    4.99234e-01
    2.38902e+10         2.96533e+04    4.99234e-01
    2.38902e+10         2.73754e+04    4.99234e-01
    2.38902e+10         2.47027e+04    4.99234e-01
    2.38902e+10         2.30616e+04    4.99234e-01
    2.38902e+10         2.11785e+04    4.99234e-01
    2.38902e+10         2.00621e+04    4.99234e-01
    2.38902e+10         1.88180e+04    4.99234e-01
    2.38902e+10         1.74040e+04    4.99234e-01
    2.38902e+10         1.57508e+04    4.99234e-01
    2.38902e+10         1.47416e+04    4.99234e-01
    2.38902e+10         1.35895e+04    4.99234e-01
    2.38902e+10         1.22338e+04    4.99234e-01
    2.38902e+10         1.13974e+04    4.99234e-01
    2.38902e+10         1.04337e+04    4.99234e-01
    2.38902e+10         9.85873e+03    4.99234e-01
    2.38902e+10         9.21474e+03    4.99234e-01
    2.38902e+10         8.47760e+03    4.99234e-01
    2.38902e+10         8.04214e+03    4.99234e-01
    2.38902e+10         7.55825e+03    4.99234e-01
    2.38902e+10         7.01042e+03    4.99234e-01
    2.38902e+10         6.37362e+03    4.99234e-01
    2.38902e+10         5.98842e+03    4.99234e-01
    2.38902e+10         5.55207e+03    4.99234e-01
    2.38902e+10         5.04444e+03    4.99234e-01
    2.38902e+10         4.73697e+03    4.99234e-01
    2.38902e+10         4.38829e+03    4.99234e-01
    2.38902e+10         3.98200e+03    4.99234e-01
    2.38902e+10         3.73528e+03    4.99234e-01
    2.38902e+10         3.45490e+03    4.99234e-01
    2.38902e+10         3.12716e+03    4.99234e-01
    2.38902e+10         2.92714e+03    4.99234e-01
    2.38902e+10         2.69885e+03    4.99234e-01
    2.38902e+10         2.43031e+03    4.99234e-01
    2.38902e+10         2.26473e+03    4.99234e-01
    2.38902e+10         2.07405e+03    4.99234e-01
    2.38902e+10         1.96037e+03    4.99234e-01
    2.38902e+10         1.83313e+03    4.99234e-01
    2.38902e+10         1.68761e+03    4.99234e-01
    2.38902e+10         1.60176e+03    4.99234e-01
    2.38902e+10         1.50646e+03    4.99234e-01
    2.38902e+10         1.39872e+03    4.99234e-01
    2.38902e+10         1.27375e+03    4.99234e-01
    2.38902e+10         1.19840e+03    4.99234e-01
    2.38902e+10         1.11328e+03    4.99234e-01
    2.38902e+10         1.01464e+03    4.99234e-01
    2.38902e+10         9.55268e+02    4.99234e-01
    2.38902e+10         8.88284e+02    4.99234e-01
    2.38902e+10         8.10818e+02    4.99234e-01
    2.38902e+10         7.64329e+02    4.99234e-01
    2.38902e+10         7.12014e+02    4.99234e-01
    2.38902e+10         6.51729e+02    4.99234e-01
    2.38902e+10         6.15752e+02    4.99234e-01
    2.38902e+10         5.75448e+02    4.99234e-01
    2.38902e+10         5.29300e+02    4.99234e-01
    2.38902e+10         5.02028e+02    4.99234e-01
    2.38902e+10         4.71711e+02    4.99234e-01
    2.38902e+10         4.37373e+02    4.99234e-01
    2.38902e+10         3.97432e+02    4.99234e-01
    2.38902e+10         3.73245e+02    4.99234e-01
    2.38902e+10         3.45822e+02    4.99234e-01
    2.38902e+10         3.13878e+02    4.99234e-01
    2.38902e+10         2.94489e+02    4.99234e-01
    2.38902e+10         2.72464e+02    4.99234e-01
    2.38902e+10         2.46733e+02    4.99234e-01
    2.38902e+10         2.31044e+02    4.99234e-01
    2.38902e+10         2.13152e+02    4.99234e-01
    2.38902e+10         1.92131e+02    4.99234e-01
    2.38902e+10         1.79195e+02    4.99234e-01
    2.38902e+10         1.64323e+02    4.99234e-01
    2.38902e+10         1.55480e+02    4.99234e-01
    2.38902e+10         1.45603e+02    4.99234e-01
    2.38902e+10         1.34341e+02    4.99234e-01
    2.38902e+10         1.21111e+02    4.99234e-01
    2.38902e+10         1.12971e+02    4.99234e-01
    2.38902e+10         1.03617e+02    4.99234e-01
    2.38902e+10         9.80572e+01    4.99234e-01
    2.38902e+10         9.18491e+01    4.99234e-01
    2.38902e+10         8.47734e+01    4.99234e-01
    2.38902e+10         7.64672e+01    4.99234e-01
    2.38902e+10         7.13628e+01    4.99234e-01
    2.38902e+10         6.55022e+01    4.99234e-01
    2.38902e+10         6.20240e+01    4.99234e-01
    2.38902e+10         5.81449e+01    4.99234e-01
    2.38902e+10         5.37308e+01    4.99234e-01
    2.38902e+10         4.85618e+01    4.99234e-01
    2.38902e+10         4.53977e+01    4.99234e-01
    2.38902e+10         4.17773e+01    4.99234e-01
    2.38902e+10         3.96397e+01    4.99234e-01
    2.38902e+10         3.72654e+01    4.99234e-01
    2.38902e+10         3.45789e+01    4.99234e-01
    2.38902e+10         3.14587e+01    4.99234e-01
    2.38902e+10         2.95738e+01    4.99234e-01
    2.38902e+10         2.74410e+01    4.99234e-01
    2.38902e+10         2.49637e+01    4.99234e-01
    2.38902e+10         2.34671e+01    4.99234e-01
    2.38902e+10         2.17734e+01    4.99234e-01
    2.38902e+10         1.98061e+01    4.99234e-01
    2.38902e+10         1.86173e+01    4.99234e-01
    2.38902e+10         1.72718e+01    4.99234e-01
    2.38902e+10         1.57085e+01    4.99234e-01
    2.38902e+10         1.47636e+01    4.99234e-01
    2.38902e+10         1.36938e+01    4.99234e-01
    2.38902e+10         1.24503e+01    4.99234e-01
    2.38902e+10         1.16982e+01    4.99234e-01
    2.38902e+10         1.08462e+01    4.99234e-01
    2.38902e+10         9.85520e+00    4.99234e-01
    2.38902e+10         9.25501e+00    4.99234e-01
    2.38902e+10         8.57446e+00    4.99234e-01
    2.38902e+10         7.78158e+00    4.99234e-01
    2.38902e+10         7.30024e+00    4.99234e-01
    2.38902e+10         6.75332e+00    4.99234e-01
    2.38902e+10         6.11425e+00    4.99234e-01
    2.38902e+10         5.72442e+00    4.99234e-01
    2.38902e+10         5.27969e+00    4.99234e-01
    2.38902e+10         4.75688e+00    4.99234e-01
    2.38902e+10         4.43485e+00    4.99234e-01
    2.38902e+10         4.06437e+00    4.99234e-01
    2.38902e+10         3.84382e+00    4.99234e-01
    2.38902e+10         3.59723e+00    4.99234e-01
    2.38902e+10         3.31567e+00    4.99234e-01
    2.38902e+10         2.98427e+00    4.99234e-01
    2.38902e+10         2.77972e+00    4.99234e-01
    2.38902e+10         2.54396e+00    4.99234e-01
    2.38902e+10         2.40322e+00    4.99234e-01
    2.38902e+10         2.24551e+00    4.99234e-01
    2.38902e+10         2.06487e+00    4.99234e-01
    2.38902e+10         1.95806e+00    4.99234e-01
    2.38902e+10         1.83928e+00    4.99234e-01
    2.38902e+10         1.70465e+00    4.99234e-01
    2.38902e+10         1.54793e+00    4.99234e-01
    2.38902e+10         1.45290e+00    4.99234e-01
    2.38902e+10         1.34502e+00    4.99234e-01
    2.38902e+10         1.21916e+00    4.99234e-01
    2.38902e+10         1.14255e+00    4.99234e-01
    2.38902e+10         1.05534e+00    4.99234e-01
    2.38902e+10         9.53112e-01    4.99234e-01
    2.38902e+10         8.90446e-01    4.99234e-01
    2.38902e+10         8.18649e-01    4.99234e-01
    2.38902e+10         7.76178e-01    4.99234e-01
    2.38902e+10         7.28932e-01    4.99234e-01
    2.38902e+10         6.75363e-01    4.99234e-01
    2.38902e+10         6.12958e-01    4.99234e-01
    2.38902e+10         5.75079e-01    4.99234e-01
    2.38902e+10         5.32046e-01    4.99234e-01
    2.38902e+10         4.81770e-01    4.99234e-01
    2.38902e+10         4.51111e-01    4.99234e-01
    2.38902e+10         4.16144e-01    4.99234e-01
    2.38902e+10         3.75054e-01    4.99234e-01
    2.38902e+10         3.49760e-01    4.99234e-01
    2.38902e+10         3.20675e-01    4.99234e-01
    2.38902e+10         3.03376e-01    4.99234e-01
    2.38902e+10         2.84047e-01    4.99234e-01
    2.38902e+10         2.61998e-01    4.99234e-01
    2.38902e+10         2.36081e-01    4.99234e-01
    2.38902e+10         2.20122e-01    4.99234e-01
    2.38902e+10         2.01765e-01    4.99234e-01
    2.38902e+10         1.90840e-01    4.99234e-01
    2.38902e+10         1.78628e-01    4.99234e-01
    2.38902e+10         1.64690e-01    4.99234e-01
    2.38902e+10         1.48292e-01    4.99234e-01
    2.38902e+10         1.38180e-01    4.99234e-01
    2.38902e+10         1.26534e-01    4.99234e-01
    2.38902e+10         1.19589e-01    4.99234e-01
    2.38902e+10         1.11815e-01    4.99234e-01
    2.38902e+10         1.02922e-01    4.99234e-01
    2.38902e+10         9.76735e-02    4.99234e-01
    2.38902e+10         9.18462e-02    4.99234e-01
    2.38902e+10         8.52560e-02    4.99234e-01
    2.38902e+10         7.76076e-02    4.99234e-01
    2.38902e+10         7.29925e-02    4.99234e-01
    2.38902e+10         6.77753e-02    4.99234e-01
    2.38902e+10         6.17241e-02    4.99234e-01
    2.38902e+10         5.80761e-02    4.99234e-01
    2.38902e+10         5.39555e-02    4.99234e-01
    2.38902e+10         4.91814e-02    4.99234e-01
    2.38902e+10         4.63085e-02    4.99234e-01
    2.38902e+10         4.30680e-02    4.99234e-01
    2.38902e+10         3.93215e-02    4.99234e-01
    2.38902e+10         3.70743e-02    4.99234e-01
    2.38902e+10         3.45465e-02    4.99234e-01
    2.38902e+10         3.16351e-02    4.99234e-01
    2.38902e+10         2.98992e-02    4.99234e-01
    2.38902e+10         2.79559e-02    4.99234e-01
    2.38902e+10         2.57329e-02    4.99234e-01
    2.38902e+10         2.44211e-02    4.99234e-01
    2.38902e+10         2.29647e-02    4.99234e-01
    2.38902e+10         2.13176e-02    4.99234e-01
    2.38902e+10         1.94061e-02    4.99234e-01
    2.38902e+10         1.82528e-02    4.99234e-01
    2.38902e+10         1.69492e-02    4.99234e-01
    2.38902e+10         1.54373e-02    4.99234e-01
    2.38902e+10         1.45261e-02    4.99234e-01
    2.38902e+10         1.34969e-02    4.99234e-01
    2.38902e+10         1.23049e-02    4.99234e-01
    2.38902e+10         1.15877e-02    4.99234e-01
    2.38902e+10         1.07791e-02    4.99234e-01
    2.38902e+10         9.84458e-03    4.99234e-01
    2.38902e+10         9.28440e-03    4.99234e-01
    2.38902e+10         8.65458e-03    4.99234e-01
    2.38902e+10         7.92977e-03    4.99234e-01
    2.38902e+10         7.49808e-03    4.99234e-01
    2.38902e+10         7.01526e-03    4.99234e-01
    2.38902e+10         6.46368e-03    4.99234e-01
    2.38902e+10         6.13882e-03    4.99234e-01
    2.38902e+10         5.77867e-03    4.99234e-01
    2.38902e+10         5.37222e-03    4.99234e-01
    2.38902e+10         4.90194e-03    4.99234e-01
    2.38902e+10         4.61953e-03    4.99234e-01
    2.38902e+10         4.30152e-03    4.99234e-01
    2.38902e+10         3.93476e-03    4.99234e-01
    2.38902e+10         3.71559e-03    4.99234e-01
    2.38902e+10         3.46982e-03    4.99234e-01
    2.38902e+10         3.18799e-03    4.99234e-01
    2.38902e+10         3.02106e-03    4.99234e-01
    2.38902e+10         2.83517e-03    4.99234e-01
    2.38902e+10         2.62410e-03    4.99234e-01
    2.38902e+10         2.37772e-03    4.99234e-01
    2.38902e+10         2.22768e-03    4.99234e-01
    2.38902e+10         2.05674e-03    4.99234e-01
    2.38902e+10         1.85621e-03    4.99234e-01
    2.38902e+10         1.73311e-03    4.99234e-01
    2.38902e+10         1.59190e-03    4.99234e-01
    2.38902e+10         1.50822e-03    4.99234e-01
    2.38902e+10         1.41499e-03    4.99234e-01
    2.38902e+10         1.30907e-03    4.99234e-01
    2.38902e+10         1.18532e-03    4.99234e-01
    2.38902e+10         1.10985e-03    4.99234e-01
    2.38902e+10         1.02376e-03    4.99234e-01
    2.38902e+10         9.22595e-04    4.99234e-01
    2.38902e+10         8.60308e-04    4.99234e-01
    2.38902e+10         7.88676e-04    4.99234e-01
    2.38902e+10         7.46058e-04    4.99234e-01
    2.38902e+10         6.98432e-04    4.99234e-01
    2.38902e+10         6.44089e-04    4.99234e-01
    2.38902e+10         5.80189e-04    4.99234e-01
    2.38902e+10         5.40814e-04    4.99234e-01
    2.38902e+10         4.95497e-04    4.99234e-01
    2.38902e+10         4.68504e-04    4.99234e-01
    2.38902e+10         4.38311e-04    4.99234e-01
    2.38902e+10         4.03816e-04    4.99234e-01
    2.38902e+10         3.83495e-04    4.99234e-01
    2.38902e+10         3.60964e-04    4.99234e-01
    2.38902e+10         3.35533e-04    4.99234e-01
    2.38902e+10         3.06100e-04    4.99234e-01
    2.38902e+10         2.88417e-04    4.99234e-01
    2.38902e+10         2.68500e-04    4.99234e-01
    2.38902e+10         2.45519e-04    4.99234e-01
    2.38902e+10         2.31776e-04    4.99234e-01
    2.38902e+10         2.16355e-04    4.99234e-01
    2.38902e+10         1.98658e-04    4.99234e-01
    2.38902e+10         1.88163e-04    4.99234e-01
    2.38902e+10         1.76464e-04    4.99234e-01
    2.38902e+10         1.63163e-04    4.99234e-01
    2.38902e+10         1.47604e-04    4.99234e-01
    2.38902e+10         1.38098e-04    4.99234e-01
    2.38902e+10         1.27239e-04    4.99234e-01
    2.38902e+10         1.20843e-04    4.99234e-01
    2.38902e+10         1.13752e-04    4.99234e-01
    2.38902e+10         1.05750e-04    4.99234e-01
    2.38902e+10         9.64900e-05    4.99234e-01
    2.38902e+10         9.09289e-05    4.99234e-01
    2.38902e+10         8.46669e-05    4.99234e-01
    2.38902e+10         7.74443e-05    4.99234e-01
    2.38902e+10         7.31280e-05    4.99234e-01
    2.38902e+10         6.82872e-05    4.99234e-01
    2.38902e+10         6.27356e-05    4.99234e-01
    2.38902e+10         5.94469e-05    4.99234e-01
    2.38902e+10         5.57842e-05    4.99234e-01
    2.38902e+10         5.16247e-05    4.99234e-01
    2.38902e+10         4.67680e-05    4.99234e-01
    2.38902e+10         4.38090e-05    4.99234e-01
    2.38902e+10         4.04369e-05    4.99234e-01
    2.38902e+10         3.64789e-05    4.99234e-01
    2.38902e+10         3.40472e-05    4.99234e-01
    2.38902e+10         3.12557e-05    4.99234e-01
    2.38902e+10         2.95995e-05    4.99234e-01
    2.38902e+10         2.77528e-05    4.99234e-01
    2.38902e+10         2.56522e-05    4.99234e-01


