              t                   M              a
    1.23833e-21         1.00000e+17    8.00000e-01
    2.47665e-21         1.00000e+17    8.00000e-01
    4.95331e-21         1.00000e+17    8.00000e-01
    9.90662e-21         1.00000e+17    8.00000e-01
    1.98132e-20         1.00000e+17    8.00000e-01
    3.96265e-20         1.00000e+17    8.00000e-01
    7.92530e-20         1.00000e+17    8.00000e-01
    1.58506e-19         1.00000e+17    8.00000e-01
    3.17012e-19         1.00000e+17    8.00000e-01
    6.34024e-19         1.00000e+17    8.00000e-01
    1.26805e-18         1.00000e+17    8.00000e-01
    2.53609e-18         1.00000e+17    8.00000e-01
    5.07219e-18         1.00000e+17    8.00000e-01
    1.01444e-17         1.00000e+17    8.00000e-01
    2.02888e-17         1.00000e+17    8.00000e-01
    4.05775e-17         1.00000e+17    8.00000e-01
    8.11550e-17         1.00000e+17    8.00000e-01
    1.62310e-16         1.00000e+17    8.00000e-01
    3.24620e-16         1.00000e+17    8.00000e-01
    6.49240e-16         1.00000e+17    8.00000e-01
    1.29848e-15         1.00000e+17    8.00000e-01
    2.59696e-15         1.00000e+17    8.00000e-01
    5.19392e-15         1.00000e+17    8.00000e-01
    1.03878e-14         1.00000e+17    8.00000e-01
    2.07757e-14         1.00000e+17    8.00000e-01
    4.15514e-14         1.00000e+17    8.00000e-01
    8.31027e-14         1.00000e+17    8.00000e-01
    1.66205e-13         1.00000e+17    8.00000e-01
    3.32411e-13         1.00000e+17    8.00000e-01
    6.64822e-13         1.00000e+17    8.00000e-01
    1.32964e-12         1.00000e+17    8.00000e-01
    2.65929e-12         1.00000e+17    8.00000e-01
    5.31858e-12         1.00000e+17    8.00000e-01
    1.06372e-11         1.00000e+17    8.00000e-01
    2.12743e-11         1.00000e+17    8.00000e-01
    4.25486e-11         1.00000e+17    8.00000e-01
    8.50972e-11         1.00000e+17    8.00000e-01
    1.70194e-10         1.00000e+17    8.00000e-01
    3.40389e-10         1.00000e+17    8.00000e-01
    6.80778e-10         1.00000e+17    8.00000e-01
    1.36156e-09         1.00000e+17    8.00000e-01
    2.72311e-09         1.00000e+17    8.00000e-01
    5.44622e-09         1.00000e+17    8.00000e-01
    1.08924e-08         1.00000e+17    8.00000e-01
    2.17849e-08         1.00000e+17    8.00000e-01
    4.35698e-08         1.00000e+17    8.00000e-01
    8.71395e-08         1.00000e+17    8.00000e-01
    1.74279e-07         1.00000e+17    8.00000e-01
    3.48558e-07         1.00000e+17    8.00000e-01
    6.97116e-07         1.00000e+17    8.00000e-01
    1.39423e-06         1.00000e+17    8.00000e-01
    2.78847e-06         1.00000e+17    8.00000e-01
    5.57693e-06         1.00000e+17    8.00000e-01
    1.11539e-05         1.00000e+17    8.00000e-01
    2.23077e-05         1.00000e+17    8.00000e-01
    4.46154e-05         1.00000e+17    8.00000e-01
    8.92309e-05         1.00000e+17    8.00000e-01
    1.78462e-04         1.00000e+17    8.00000e-01
    3.56924e-04         1.00000e+17    8.00000e-01
    7.13847e-04         1.00000e+17    8.00000e-01
    1.42769e-03         1.00000e+17    8.00000e-01
    2.85539e-03         1.00000e+17    8.00000e-01
    5.71078e-03         1.00000e+17    8.00000e-01
    1.14216e-02         1.00000e+17    8.00000e-01
    2.28431e-02         1.00000e+17    8.00000e-01
    4.56862e-02         1.00000e+17    8.00000e-01
    9.13724e-02         1.00000e+17    8.00000e-01
    1.82745e-01         1.00000e+17    8.00000e-01
    3.65490e-01         1.00000e+17    8.00000e-01
    7.30979e-01         1.00000e+17    8.00000e-01
    1.46196e+00         1.00000e+17    8.00000e-01
    2.92392e+00         1.00000e+17    8.00000e-01
    5.84784e+00         1.00000e+17    8.00000e-01
    1.16957e+01         1.00000e+17    8.00000e-01
    2.33913e+01         1.00000e+17    8.00000e-01
    4.67827e+01         1.00000e+17    8.00000e-01
    9.35654e+01         1.00000e+17    8.00000e-01
    1.87131e+02         1.00000e+17    8.00000e-01
    3.74261e+02         1.00000e+17    8.00000e-01
    7.48523e+02         1.00000e+17    8.00000e-01
    1.49705e+03         1.00000e+17    8.00000e-01
    2.99409e+03         1.00000e+17    8.00000e-01
    5.98818e+03         1.00000e+17    8.00000e-01
    1.19764e+04         1.00000e+17    8.00000e-01
    2.39527e+04         1.00000e+17    8.00000e-01
    4.79055e+04         1.00000e+17    8.00000e-01
    9.58109e+04         1.00000e+17    8.00000e-01
    1.91622e+05         1.00000e+17    8.00000e-01
    3.83244e+05         1.00000e+17    8.00000e-01
    7.66488e+05         1.00000e+17    8.00000e-01
    1.53298e+06         1.00000e+17    8.00000e-01
    3.06595e+06         1.00000e+17    8.00000e-01
    6.13190e+06         1.00000e+17    8.00000e-01
    1.22638e+07         1.00000e+17    8.00000e-01
    2.45276e+07         1.00000e+17    8.00000e-01
    4.90552e+07         1.00000e+17    8.00000e-01
    9.81104e+07         1.00000e+17    8.00000e-01
    1.96221e+08         1.00000e+17    8.00000e-01
    3.92442e+08         1.00000e+17    8.00000e-01
    7.84883e+08         1.00000e+17    8.00000e-01
    1.56977e+09         1.00000e+17    8.00000e-01
    3.13953e+09         1.00000e+17    8.00000e-01
    6.27907e+09         1.00000e+17    8.00000e-01
    1.25581e+10         1.00000e+17    8.00000e-01
    2.51163e+10         1.00000e+17    8.00000e-01
    5.02325e+10         1.00000e+17    8.00000e-01
    1.00465e+11         1.00000e+17    8.00000e-01
    2.00930e+11         1.00000e+17    8.00000e-01
    4.01860e+11         1.00000e+17    8.00000e-01
    8.03720e+11         1.00000e+17    8.00000e-01
    1.60744e+12         1.00000e+17    8.00000e-01
    3.21488e+12         1.00000e+17    8.00000e-01
    6.42976e+12         1.00000e+17    8.00000e-01
    1.28595e+13         1.00000e+17    8.00000e-01
    2.57191e+13         1.00000e+17    8.00000e-01
    5.14381e+13         1.00000e+17    8.00000e-01
    1.02876e+14         1.00000e+17    8.00000e-01
    2.05752e+14         1.00000e+17    8.00000e-01
    4.11505e+14         1.00000e+17    8.00000e-01
    8.23010e+14         1.00000e+17    8.00000e-01
    1.64602e+15         1.00000e+17    8.00000e-01
    3.29204e+15         1.00000e+17    8.00000e-01
    6.58408e+15         1.00000e+17    8.00000e-01
    1.31682e+16         1.00000e+17    8.00000e-01
    2.63363e+16         1.00000e+17    8.00000e-01
    5.26726e+16         1.00000e+17    8.00000e-01
    1.05345e+17         1.00000e+17    8.00000e-01
    2.10690e+17         1.00000e+17    8.00000e-01
    4.21381e+17         1.00000e+17    8.00000e-01
    8.42762e+17         1.00000e+17    7.99999e-01
    1.68552e+18         9.99999e+16    7.99999e-01
    3.37105e+18         9.99998e+16    7.99998e-01
    6.74210e+18         9.99997e+16    7.99995e-01
    1.34842e+19         9.99993e+16    7.99991e-01
    2.69684e+19         9.99986e+16    7.99982e-01
    5.39368e+19         9.99972e+16    7.99963e-01
    1.07874e+20         9.99944e+16    7.99927e-01
    2.15747e+20         9.99889e+16    7.99853e-01
    4.31494e+20         9.99777e+16    7.99706e-01
    8.62988e+20         9.99555e+16    7.99412e-01
    1.72598e+21         9.99110e+16    7.98825e-01
    3.45195e+21         9.98221e+16    7.97652e-01
    6.90391e+21         9.96451e+16    7.95310e-01
    1.38078e+22         9.92934e+16    7.90645e-01
    2.76156e+22         9.85987e+16    7.81379e-01
    4.14234e+22         9.79203e+16    7.72245e-01
    5.52312e+22         9.72586e+16    7.63247e-01
    6.90391e+22         9.66139e+16    7.54387e-01
    8.28469e+22         9.59863e+16    7.45666e-01
    9.66547e+22         9.53653e+16    7.37019e-01
    1.10462e+23         9.47490e+16    7.28430e-01
    1.24270e+23         9.41407e+16    7.19923e-01
    1.38078e+23         9.35406e+16    7.11500e-01
    1.51886e+23         9.29462e+16    7.03158e-01
    1.65694e+23         9.23561e+16    6.94895e-01
    1.79502e+23         9.17704e+16    6.86711e-01
    1.93309e+23         9.11892e+16    6.78608e-01
    2.07117e+23         9.06107e+16    6.70564e-01
    2.20925e+23         9.00338e+16    6.62570e-01
    2.34733e+23         8.94584e+16    6.54626e-01
    2.48541e+23         8.88846e+16    6.46732e-01
    2.62348e+23         8.83125e+16    6.38890e-01
    2.76156e+23         8.77407e+16    6.31088e-01
    2.89964e+23         8.71690e+16    6.23324e-01
    3.03772e+23         8.65978e+16    6.15601e-01
    3.17580e+23         8.60274e+16    6.07919e-01
    3.31387e+23         8.54569e+16    6.00241e-01
    3.45195e+23         8.48850e+16    5.92557e-01
    3.59003e+23         8.43115e+16    5.84866e-01
    3.72811e+23         8.37366e+16    5.77168e-01
    3.86619e+23         8.31601e+16    5.69466e-01
    4.00427e+23         8.25822e+16    5.61776e-01
    4.14234e+23         8.20017e+16    5.54098e-01
    4.28042e+23         8.14185e+16    5.46430e-01
    4.41850e+23         8.08325e+16    5.38773e-01
    4.55658e+23         8.02437e+16    5.31126e-01
    4.69466e+23         7.96500e+16    5.23455e-01
    4.83273e+23         7.90524e+16    5.15804e-01
    4.97081e+23         7.84510e+16    5.08174e-01
    5.10889e+23         7.78455e+16    5.00563e-01
    5.24697e+23         7.72358e+16    4.92971e-01
    5.38505e+23         7.66210e+16    4.85390e-01
    5.52312e+23         7.60000e+16    4.77793e-01
    5.66120e+23         7.53724e+16    4.70181e-01
    5.79928e+23         7.47382e+16    4.62552e-01
    5.93736e+23         7.40968e+16    4.54900e-01
    6.07544e+23         7.34481e+16    4.47233e-01
    6.21352e+23         7.27924e+16    4.39545e-01
    6.35159e+23         7.21285e+16    4.31836e-01
    6.48967e+23         7.14560e+16    4.24103e-01
    6.62775e+23         7.07732e+16    4.16340e-01
    6.76583e+23         7.00803e+16    4.08539e-01
    6.90391e+23         6.93770e+16    4.00698e-01
    7.04198e+23         6.86627e+16    3.92814e-01
    7.18006e+23         6.79370e+16    3.84886e-01
    7.31814e+23         6.71987e+16    3.76909e-01
    7.45622e+23         6.64464e+16    3.68898e-01
    7.59430e+23         6.56803e+16    3.60825e-01
    7.73237e+23         6.48993e+16    3.52687e-01
    7.87045e+23         6.41033e+16    3.44478e-01
    8.00853e+23         6.32896e+16    3.36193e-01
    8.14661e+23         6.24572e+16    3.27826e-01
    8.28469e+23         6.16049e+16    3.19373e-01
    8.42277e+23         6.07315e+16    3.10825e-01
    8.56084e+23         5.98362e+16    3.02173e-01
    8.69892e+23         5.89159e+16    2.93406e-01
    8.83700e+23         5.79687e+16    2.84514e-01
    8.97508e+23         5.69924e+16    2.75488e-01
    9.11316e+23         5.59856e+16    2.66334e-01
    9.25123e+23         5.49437e+16    2.57003e-01
    9.38931e+23         5.38635e+16    2.47481e-01
    9.52739e+23         5.27410e+16    2.37753e-01
    9.66547e+23         5.15716e+16    2.27804e-01
    9.80355e+23         5.03508e+16    2.17623e-01
    9.94162e+23         4.90706e+16    2.07144e-01
    1.00797e+24         4.77229e+16    1.96334e-01
    1.02178e+24         4.62981e+16    1.85176e-01
    1.03559e+24         4.47853e+16    1.73636e-01
    1.04939e+24         4.31696e+16    1.61663e-01
    1.06320e+24         4.14251e+16    1.49125e-01
    1.07701e+24         3.95286e+16    1.35997e-01
    1.08391e+24         3.84836e+16    1.29062e-01
    1.09082e+24         3.73781e+16    1.21910e-01
    1.09772e+24         3.62028e+16    1.14514e-01
    1.10462e+24         3.49429e+16    1.06807e-01
    1.11153e+24         3.35826e+16    9.87470e-02
    1.11843e+24         3.21066e+16    9.03467e-02
    1.12188e+24         3.12889e+16    8.58217e-02
    1.12534e+24         3.04173e+16    8.10588e-02
    1.12879e+24         2.94885e+16    7.60811e-02
    1.13224e+24         2.84929e+16    7.08643e-02
    1.13569e+24         2.74152e+16    6.53509e-02
    1.13914e+24         2.62326e+16    5.94332e-02
    1.14087e+24         2.55752e+16    5.62343e-02
    1.14260e+24         2.48751e+16    5.28742e-02
    1.14432e+24         2.41258e+16    4.93385e-02
    1.14605e+24         2.33185e+16    4.56099e-02
    1.14777e+24         2.24430e+16    4.16721e-02
    1.14864e+24         2.19639e+16    3.95874e-02
    1.14950e+24         2.14590e+16    3.74296e-02
    1.15036e+24         2.09243e+16    3.51890e-02
    1.15123e+24         2.03557e+16    3.28599e-02
    1.15209e+24         1.97478e+16    3.04358e-02
    1.15295e+24         1.90933e+16    2.79068e-02
    1.15382e+24         1.83835e+16    2.52648e-02
    1.15425e+24         1.79949e+16    2.38833e-02
    1.15468e+24         1.75860e+16    2.24681e-02
    1.15511e+24         1.71542e+16    2.10175e-02
    1.15554e+24         1.66964e+16    1.95306e-02
    1.15597e+24         1.62096e+16    1.80108e-02
    1.15640e+24         1.56891e+16    1.64564e-02
    1.15684e+24         1.51282e+16    1.48629e-02
    1.15705e+24         1.48226e+16    1.40405e-02
    1.15727e+24         1.45020e+16    1.32038e-02
    1.15748e+24         1.41645e+16    1.23523e-02
    1.15770e+24         1.38075e+16    1.14831e-02
    1.15791e+24         1.34281e+16    1.05956e-02
    1.15813e+24         1.30228e+16    9.68908e-03
    1.15835e+24         1.25867e+16    8.76040e-03
    1.15845e+24         1.23501e+16    8.28409e-03
    1.15856e+24         1.21026e+16    7.80114e-03
    1.15867e+24         1.18430e+16    7.31181e-03
    1.15878e+24         1.15702e+16    6.81649e-03
    1.15889e+24         1.12822e+16    6.31508e-03
    1.15899e+24         1.09773e+16    5.80751e-03
    1.15910e+24         1.06518e+16    5.29144e-03
    1.15921e+24         1.03022e+16    4.76612e-03
    1.15926e+24         1.01130e+16    4.49892e-03
    1.15932e+24         9.91542e+15    4.22918e-03
    1.15937e+24         9.70850e+15    3.95692e-03
    1.15942e+24         9.49117e+15    3.68219e-03
    1.15948e+24         9.26212e+15    3.40503e-03
    1.15953e+24         9.02019e+15    3.12636e-03
    1.15959e+24         8.76367e+15    2.84657e-03
    1.15964e+24         8.49030e+15    2.56586e-03
    1.15967e+24         8.34364e+15    2.42494e-03
    1.15969e+24         8.19117e+15    2.28360e-03
    1.15972e+24         8.03230e+15    2.14186e-03
    1.15975e+24         7.86638e+15    1.99978e-03
    1.15978e+24         7.69268e+15    1.85749e-03
    1.15980e+24         7.51032e+15    1.71509e-03
    1.15983e+24         7.31822e+15    1.57267e-03
    1.15986e+24         7.11502e+15    1.43034e-03
    1.15988e+24         6.89924e+15    1.28838e-03
    1.15990e+24         6.78405e+15    1.21768e-03
    1.15991e+24         6.66466e+15    1.14711e-03
    1.15992e+24         6.54072e+15    1.07670e-03
    1.15994e+24         6.41185e+15    1.00657e-03
    1.15995e+24         6.27756e+15    0.00000e+00
    1.15996e+24         6.13725e+15    0.00000e+00
    1.15998e+24         5.99022e+15    0.00000e+00
    1.15999e+24         5.83560e+15    0.00000e+00
    1.16000e+24         5.67236e+15    0.00000e+00
    1.16002e+24         5.49925e+15    0.00000e+00
    1.16003e+24         5.31474e+15    0.00000e+00
    1.16004e+24         5.11684e+15    0.00000e+00
    1.16006e+24         4.90295e+15    0.00000e+00
    1.16007e+24         4.66963e+15    0.00000e+00
    1.16009e+24         4.41201e+15    0.00000e+00
    1.16010e+24         4.12307e+15    0.00000e+00
    1.16011e+24         3.79174e+15    0.00000e+00
    1.16012e+24         3.59558e+15    0.00000e+00
    1.16013e+24         3.37728e+15    0.00000e+00
    1.16013e+24         3.12973e+15    0.00000e+00
    1.16014e+24         2.84128e+15    0.00000e+00
    1.16014e+24         2.66618e+15    0.00000e+00
    1.16015e+24         2.46727e+15    0.00000e+00
    1.16015e+24         2.23495e+15    0.00000e+00
    1.16015e+24         2.09335e+15    0.00000e+00
    1.16015e+24         1.93193e+15    0.00000e+00
    1.16015e+24         1.74238e+15    0.00000e+00
    1.16016e+24         1.62585e+15    0.00000e+00
    1.16016e+24         1.49200e+15    0.00000e+00
    1.16016e+24         1.41251e+15    0.00000e+00
    1.16016e+24         1.32381e+15    0.00000e+00
    1.16016e+24         1.22278e+15    0.00000e+00
    1.16016e+24         1.10425e+15    0.00000e+00
    1.16016e+24         1.03139e+15    0.00000e+00
    1.16016e+24         9.47622e+14    0.00000e+00
    1.16016e+24         8.97803e+14    0.00000e+00
    1.16016e+24         8.42071e+14    0.00000e+00
    1.16016e+24         7.78324e+14    0.00000e+00
    1.16016e+24         7.02932e+14    0.00000e+00
    1.16016e+24         6.55870e+14    0.00000e+00
    1.16016e+24         6.01049e+14    0.00000e+00
    1.16016e+24         5.67532e+14    0.00000e+00
    1.16016e+24         5.29180e+14    0.00000e+00
    1.16016e+24         4.84132e+14    0.00000e+00
    1.16016e+24         4.56425e+14    0.00000e+00
    1.16016e+24         4.24600e+14    0.00000e+00
    1.16016e+24         3.86913e+14    0.00000e+00
    1.16016e+24         3.63574e+14    0.00000e+00
    1.16016e+24         3.36730e+14    0.00000e+00
    1.16016e+24         3.04721e+14    0.00000e+00
    1.16016e+24         2.84678e+14    0.00000e+00
    1.16016e+24         2.61425e+14    0.00000e+00
    1.16016e+24         2.47475e+14    0.00000e+00
    1.16016e+24         2.31806e+14    0.00000e+00
    1.16016e+24         2.13828e+14    0.00000e+00
    1.16016e+24         1.92579e+14    0.00000e+00
    1.16016e+24         1.79421e+14    0.00000e+00
    1.16016e+24         1.64222e+14    0.00000e+00
    1.16016e+24         1.55130e+14    0.00000e+00
    1.16016e+24         1.44930e+14    0.00000e+00
    1.16016e+24         1.33235e+14    0.00000e+00
    1.16016e+24         1.26310e+14    0.00000e+00
    1.16016e+24         1.18601e+14    0.00000e+00
    1.16016e+24         1.09853e+14    0.00000e+00
    1.16016e+24         9.96526e+13    0.00000e+00
    1.16016e+24         9.34508e+13    0.00000e+00
    1.16016e+24         8.63937e+13    0.00000e+00
    1.16016e+24         7.81257e+13    0.00000e+00
    1.16016e+24         7.30605e+13    0.00000e+00
    1.16016e+24         6.72551e+13    0.00000e+00
    1.16016e+24         6.38160e+13    0.00000e+00
    1.16016e+24         5.99854e+13    0.00000e+00
    1.16016e+24         5.56346e+13    0.00000e+00
    1.16016e+24         5.05369e+13    0.00000e+00
    1.16016e+24         4.74075e+13    0.00000e+00
    1.16016e+24         4.38097e+13    0.00000e+00
    1.16016e+24         3.95404e+13    0.00000e+00
    1.16016e+24         3.68663e+13    0.00000e+00
    1.16016e+24         3.37424e+13    0.00000e+00
    1.16016e+24         3.18469e+13    0.00000e+00
    1.16016e+24         2.96968e+13    0.00000e+00
    1.16016e+24         2.71927e+13    0.00000e+00
    1.16016e+24         2.56796e+13    0.00000e+00
    1.16016e+24         2.39689e+13    0.00000e+00
    1.16016e+24         2.19893e+13    0.00000e+00
    1.16016e+24         2.08030e+13    0.00000e+00
    1.16016e+24         1.94701e+13    0.00000e+00
    1.16016e+24         1.79379e+13    0.00000e+00
    1.16016e+24         1.70274e+13    0.00000e+00
    1.16016e+24         1.60107e+13    0.00000e+00
    1.16016e+24         1.48527e+13    0.00000e+00
    1.16016e+24         1.34948e+13    0.00000e+00
    1.16016e+24         1.26595e+13    0.00000e+00
    1.16016e+24         1.17006e+13    0.00000e+00
    1.16016e+24         1.05665e+13    0.00000e+00
    1.16016e+24         9.86025e+12    0.00000e+00
    1.16016e+24         9.04177e+12    0.00000e+00
    1.16016e+24         8.55063e+12    0.00000e+00
    1.16016e+24         7.99944e+12    0.00000e+00
    1.16016e+24         7.36690e+12    0.00000e+00
    1.16016e+24         6.99220e+12    0.00000e+00
    1.16016e+24         6.57524e+12    0.00000e+00
    1.16016e+24         6.10291e+12    0.00000e+00
    1.16016e+24         5.55349e+12    0.00000e+00
    1.16016e+24         5.22102e+12    0.00000e+00
    1.16016e+24         4.84448e+12    0.00000e+00
    1.16016e+24         4.40673e+12    0.00000e+00
    1.16016e+24         4.14200e+12    0.00000e+00
    1.16016e+24         3.84222e+12    0.00000e+00
    1.16016e+24         3.49367e+12    0.00000e+00
    1.16016e+24         3.28282e+12    0.00000e+00
    1.16016e+24         3.04397e+12    0.00000e+00
    1.16016e+24         2.76612e+12    0.00000e+00
    1.16016e+24         2.59785e+12    0.00000e+00
    1.16016e+24         2.40707e+12    0.00000e+00
    1.16016e+24         2.18484e+12    0.00000e+00
    1.16016e+24         2.04996e+12    0.00000e+00
    1.16016e+24         1.89673e+12    0.00000e+00
    1.16016e+24         1.71775e+12    0.00000e+00
    1.16016e+24         1.60862e+12    0.00000e+00
    1.16016e+24         1.48417e+12    0.00000e+00
    1.16016e+24         1.33795e+12    0.00000e+00
    1.16016e+24         1.24793e+12    0.00000e+00
    1.16016e+24         1.14440e+12    0.00000e+00
    1.16016e+24         1.08278e+12    0.00000e+00
    1.16016e+24         1.01387e+12    0.00000e+00
    1.16016e+24         9.35126e+11    0.00000e+00
    1.16016e+24         8.42273e+11    0.00000e+00
    1.16016e+24         7.84742e+11    0.00000e+00
    1.16016e+24         7.18218e+11    0.00000e+00
    1.16016e+24         6.78322e+11    0.00000e+00
    1.16016e+24         6.33457e+11    0.00000e+00
    1.16016e+24         5.81828e+11    0.00000e+00
    1.16016e+24         5.51107e+11    0.00000e+00
    1.16016e+24         5.16768e+11    0.00000e+00
    1.16016e+24         4.77580e+11    0.00000e+00
    1.16016e+24         4.31508e+11    0.00000e+00
    1.16016e+24         4.03108e+11    0.00000e+00
    1.16016e+24         3.70371e+11    0.00000e+00
    1.16016e+24         3.50813e+11    0.00000e+00
    1.16016e+24         3.28899e+11    0.00000e+00
    1.16016e+24         3.03747e+11    0.00000e+00
    1.16016e+24         2.73909e+11    0.00000e+00
    1.16016e+24         2.55280e+11    0.00000e+00
    1.16016e+24         2.33666e+11    0.00000e+00
    1.16016e+24         2.20644e+11    0.00000e+00
    1.16016e+24         2.05955e+11    0.00000e+00
    1.16016e+24         1.89000e+11    0.00000e+00
    1.16016e+24         1.78885e+11    0.00000e+00
    1.16016e+24         1.67561e+11    0.00000e+00
    1.16016e+24         1.54616e+11    0.00000e+00
    1.16016e+24         1.39370e+11    0.00000e+00
    1.16016e+24         1.29965e+11    0.00000e+00
    1.16016e+24         1.19136e+11    0.00000e+00
    1.16016e+24         1.12684e+11    0.00000e+00
    1.16016e+24         1.05467e+11    0.00000e+00
    1.16016e+24         9.72235e+10    0.00000e+00
    1.16016e+24         8.75184e+10    0.00000e+00
    1.16016e+24         8.15265e+10    0.00000e+00
    1.16016e+24         7.46196e+10    0.00000e+00
    1.16016e+24         7.04962e+10    0.00000e+00
    1.16016e+24         6.58759e+10    0.00000e+00
    1.16016e+24         6.05840e+10    0.00000e+00
    1.16016e+24         5.74553e+10    0.00000e+00
    1.16016e+24         5.39763e+10    0.00000e+00
    1.16016e+24         5.00342e+10    0.00000e+00
    1.16016e+24         4.54462e+10    0.00000e+00
    1.16016e+24         4.26655e+10    0.00000e+00
    1.16016e+24         3.95104e+10    0.00000e+00
    1.16016e+24         3.58312e+10    0.00000e+00
    1.16016e+24         3.35944e+10    0.00000e+00
    1.16016e+24         3.10498e+10    0.00000e+00
    1.16016e+24         2.80710e+10    0.00000e+00
    1.16016e+24         2.62487e+10    0.00000e+00
    1.16016e+24         2.41646e+10    0.00000e+00
    1.16016e+24         2.29351e+10    0.00000e+00
    1.16016e+24         2.15701e+10    0.00000e+00
    1.16016e+24         2.00270e+10    0.00000e+00
    1.16016e+24         1.82369e+10    0.00000e+00
    1.16016e+24         1.71575e+10    0.00000e+00
    1.16016e+24         1.59380e+10    0.00000e+00
    1.16016e+24         1.45248e+10    0.00000e+00
    1.16016e+24         1.36739e+10    0.00000e+00
    1.16016e+24         1.27140e+10    0.00000e+00
    1.16016e+24         1.16035e+10    0.00000e+00
    1.16016e+24         1.09369e+10    0.00000e+00
    1.16016e+24         1.01866e+10    0.00000e+00
    1.16016e+24         9.32176e+09    0.00000e+00
    1.16016e+24         8.80534e+09    0.00000e+00
    1.16016e+24         8.22658e+09    0.00000e+00
    1.16016e+24         7.56351e+09    0.00000e+00
    1.16016e+24         7.17130e+09    0.00000e+00
    1.16016e+24         6.73502e+09    0.00000e+00
    1.16016e+24         6.24038e+09    0.00000e+00
    1.16016e+24         5.66422e+09    0.00000e+00
    1.16016e+24         5.31456e+09    0.00000e+00
    1.16016e+24         4.91736e+09    0.00000e+00
    1.16016e+24         4.45341e+09    0.00000e+00
    1.16016e+24         4.17059e+09    0.00000e+00
    1.16016e+24         3.84810e+09    0.00000e+00
    1.16016e+24         3.46930e+09    0.00000e+00
    1.16016e+24         3.23628e+09    0.00000e+00
    1.16016e+24         2.96850e+09    0.00000e+00
    1.16016e+24         2.80937e+09    0.00000e+00
    1.16016e+24         2.63169e+09    0.00000e+00
    1.16016e+24         2.42921e+09    0.00000e+00
    1.16016e+24         2.19158e+09    0.00000e+00
    1.16016e+24         2.04559e+09    0.00000e+00
    1.16016e+24         1.87803e+09    0.00000e+00
    1.16016e+24         1.77863e+09    0.00000e+00
    1.16016e+24         1.66782e+09    0.00000e+00
    1.16016e+24         1.54178e+09    0.00000e+00
    1.16016e+24         1.39430e+09    0.00000e+00
    1.16016e+24         1.30413e+09    0.00000e+00
    1.16016e+24         1.20107e+09    0.00000e+00
    1.16016e+24         1.14031e+09    0.00000e+00
    1.16016e+24         1.07291e+09    0.00000e+00
    1.16016e+24         9.96771e+08    0.00000e+00
    1.16016e+24         9.08558e+08    0.00000e+00
    1.16016e+24         8.55471e+08    0.00000e+00
    1.16016e+24         7.95590e+08    0.00000e+00
    1.16016e+24         7.26357e+08    0.00000e+00
    1.16016e+24         6.84827e+08    0.00000e+00
    1.16016e+24         6.38107e+08    0.00000e+00
    1.16016e+24         5.84295e+08    0.00000e+00
    1.16016e+24         5.52205e+08    0.00000e+00
    1.16016e+24         5.16277e+08    0.00000e+00
    1.16016e+24         4.75174e+08    0.00000e+00
    1.16016e+24         4.50913e+08    0.00000e+00
    1.16016e+24         4.23972e+08    0.00000e+00
    1.16016e+24         3.93498e+08    0.00000e+00
    1.16016e+24         3.58121e+08    0.00000e+00
    1.16016e+24         3.36766e+08    0.00000e+00
    1.16016e+24         3.12615e+08    0.00000e+00
    1.16016e+24         2.84590e+08    0.00000e+00
    1.16016e+24         2.67681e+08    0.00000e+00
    1.16016e+24         2.48569e+08    0.00000e+00
    1.16016e+24         2.26405e+08    0.00000e+00
    1.16016e+24         2.13047e+08    0.00000e+00
    1.16016e+24         1.97961e+08    0.00000e+00
    1.16016e+24         1.80489e+08    0.00000e+00
    1.16016e+24         1.69979e+08    0.00000e+00
    1.16016e+24         1.58130e+08    0.00000e+00
    1.16016e+24         1.44439e+08    0.00000e+00
    1.16016e+24         1.36233e+08    0.00000e+00
    1.16016e+24         1.27010e+08    0.00000e+00
    1.16016e+24         1.16398e+08    0.00000e+00
    1.16016e+24         1.10081e+08    0.00000e+00
    1.16016e+24         1.03018e+08    0.00000e+00
    1.16016e+24         9.49531e+07    0.00000e+00
    1.16016e+24         8.54600e+07    0.00000e+00
    1.16016e+24         7.96004e+07    0.00000e+00
    1.16016e+24         7.28464e+07    0.00000e+00
    1.16016e+24         6.88141e+07    0.00000e+00
    1.16016e+24         6.42954e+07    0.00000e+00
    1.16016e+24         5.91193e+07    0.00000e+00
    1.16016e+24         5.60582e+07    0.00000e+00
    1.16016e+24         5.26537e+07    0.00000e+00
    1.16016e+24         4.87947e+07    0.00000e+00
    1.16016e+24         4.43011e+07    0.00000e+00
    1.16016e+24         4.15754e+07    0.00000e+00
    1.16016e+24         3.84807e+07    0.00000e+00
    1.16016e+24         3.48681e+07    0.00000e+00
    1.16016e+24         3.26681e+07    0.00000e+00
    1.16016e+24         3.01618e+07    0.00000e+00
    1.16016e+24         2.72217e+07    0.00000e+00
    1.16016e+24         2.54170e+07    0.00000e+00
    1.16016e+24         2.33469e+07    0.00000e+00
    1.16016e+24         2.21201e+07    0.00000e+00
    1.16016e+24         2.07535e+07    0.00000e+00
    1.16016e+24         1.92010e+07    0.00000e+00
    1.16016e+24         1.73873e+07    0.00000e+00
    1.16016e+24         1.62814e+07    0.00000e+00
    1.16016e+24         1.50202e+07    0.00000e+00
    1.16016e+24         1.35382e+07    0.00000e+00
    1.16016e+24         1.26261e+07    0.00000e+00
    1.16016e+24         1.15775e+07    0.00000e+00
    1.16016e+24         1.09539e+07    0.00000e+00
    1.16016e+24         1.02573e+07    0.00000e+00
    1.16016e+24         9.46290e+06    0.00000e+00
    1.16016e+24         8.52948e+06    0.00000e+00
    1.16016e+24         7.95503e+06    0.00000e+00
    1.16016e+24         7.29462e+06    0.00000e+00
    1.16016e+24         6.90192e+06    0.00000e+00
    1.16016e+24         6.46327e+06    0.00000e+00
    1.16016e+24         5.96305e+06    0.00000e+00
    1.16016e+24         5.37539e+06    0.00000e+00
    1.16016e+24         5.01380e+06    0.00000e+00
    1.16016e+24         4.59817e+06    0.00000e+00
    1.16016e+24         4.35109e+06    0.00000e+00
    1.16016e+24         4.07516e+06    0.00000e+00
    1.16016e+24         3.76059e+06    0.00000e+00
    1.16016e+24         3.39119e+06    0.00000e+00
    1.16016e+24         3.16406e+06    0.00000e+00
    1.16016e+24         2.90316e+06    0.00000e+00
    1.16016e+24         2.74820e+06    0.00000e+00
    1.16016e+24         2.57528e+06    0.00000e+00
    1.16016e+24         2.37836e+06    0.00000e+00
    1.16016e+24         2.14748e+06    0.00000e+00
    1.16016e+24         2.00588e+06    0.00000e+00
    1.16016e+24         1.84358e+06    0.00000e+00
    1.16016e+24         1.74752e+06    0.00000e+00
    1.16016e+24         1.64060e+06    0.00000e+00
    1.16016e+24         1.51930e+06    0.00000e+00
    1.16016e+24         1.37785e+06    0.00000e+00
    1.16016e+24         1.29186e+06    0.00000e+00
    1.16016e+24         1.19404e+06    0.00000e+00
    1.16016e+24         1.07954e+06    0.00000e+00
    1.16016e+24         1.00950e+06    0.00000e+00
    1.16016e+24         9.29400e+05    0.00000e+00
    1.16016e+24         8.82151e+05    0.00000e+00
    1.16016e+24         8.29705e+05    0.00000e+00
    1.16016e+24         7.70420e+05    0.00000e+00
    1.16016e+24         7.01659e+05    0.00000e+00
    1.16016e+24         6.60211e+05    0.00000e+00
    1.16016e+24         6.13394e+05    0.00000e+00
    1.16016e+24         5.59158e+05    0.00000e+00
    1.16016e+24         5.26524e+05    0.00000e+00
    1.16016e+24         4.89720e+05    0.00000e+00
    1.16016e+24         4.47176e+05    0.00000e+00
    1.16016e+24         4.21664e+05    0.00000e+00
    1.16016e+24         3.92971e+05    0.00000e+00
    1.16016e+24         3.59936e+05    0.00000e+00
    1.16016e+24         3.40247e+05    0.00000e+00
    1.16016e+24         3.18213e+05    0.00000e+00
    1.16016e+24         2.93022e+05    0.00000e+00
    1.16016e+24         2.78168e+05    0.00000e+00
    1.16016e+24         2.61685e+05    0.00000e+00
    1.16016e+24         2.43061e+05    0.00000e+00
    1.16016e+24         2.21473e+05    0.00000e+00
    1.16016e+24         2.08472e+05    0.00000e+00
    1.16016e+24         1.93799e+05    0.00000e+00
    1.16016e+24         1.76820e+05    0.00000e+00
    1.16016e+24         1.66622e+05    0.00000e+00
    1.16016e+24         1.55137e+05    0.00000e+00
    1.16016e+24         1.41889e+05    0.00000e+00
    1.16016e+24         1.33970e+05    0.00000e+00
    1.16016e+24         1.25087e+05    0.00000e+00
    1.16016e+24         1.14898e+05    0.00000e+00
    1.16016e+24         1.08860e+05    0.00000e+00
    1.16016e+24         1.02134e+05    0.00000e+00
    1.16016e+24         9.44921e+04    0.00000e+00
    1.16016e+24         8.55645e+04    0.00000e+00
    1.16016e+24         8.01206e+04    0.00000e+00
    1.16016e+24         7.39119e+04    0.00000e+00
    1.16016e+24         6.66162e+04    0.00000e+00
    1.16016e+24         6.21256e+04    0.00000e+00
    1.16016e+24         5.69623e+04    0.00000e+00
    1.16016e+24         5.38914e+04    0.00000e+00
    1.16016e+24         5.04606e+04    0.00000e+00
    1.16016e+24         4.65475e+04    0.00000e+00
    1.16016e+24         4.19487e+04    0.00000e+00
    1.16016e+24         3.91175e+04    0.00000e+00
    1.16016e+24         3.58617e+04    0.00000e+00
    1.16016e+24         3.39247e+04    0.00000e+00
    1.16016e+24         3.17603e+04    0.00000e+00
    1.16016e+24         2.92908e+04    0.00000e+00
    1.16016e+24         2.63874e+04    0.00000e+00
    1.16016e+24         2.45986e+04    0.00000e+00
    1.16016e+24         2.25403e+04    0.00000e+00
    1.16016e+24         2.13145e+04    0.00000e+00
    1.16016e+24         1.99438e+04    0.00000e+00
    1.16016e+24         1.83781e+04    0.00000e+00
    1.16016e+24         1.74562e+04    0.00000e+00
    1.16016e+24         1.64344e+04    0.00000e+00
    1.16016e+24         1.52815e+04    0.00000e+00
    1.16016e+24         1.39481e+04    0.00000e+00
    1.16016e+24         1.31479e+04    0.00000e+00
    1.16016e+24         1.22472e+04    0.00000e+00
    1.16016e+24         1.12093e+04    0.00000e+00
    1.16016e+24         1.05897e+04    0.00000e+00
    1.16016e+24         9.89558e+03    0.00000e+00
    1.16016e+24         9.10063e+03    0.00000e+00
    1.16016e+24         8.63068e+03    0.00000e+00
    1.16016e+24         8.10816e+03    0.00000e+00
    1.16016e+24         7.51612e+03    0.00000e+00
    1.16016e+24         6.82714e+03    0.00000e+00
    1.16016e+24         6.40961e+03    0.00000e+00
    1.16016e+24         5.93591e+03    0.00000e+00
    1.16016e+24         5.38359e+03    0.00000e+00
    1.16016e+24         5.04786e+03    0.00000e+00
    1.16016e+24         4.66598e+03    0.00000e+00
    1.16016e+24         4.21904e+03    0.00000e+00
    1.16016e+24         3.94572e+03    0.00000e+00
    1.16016e+24         3.63321e+03    0.00000e+00
    1.16016e+24         3.44893e+03    0.00000e+00
    1.16016e+24         3.24442e+03    0.00000e+00
    1.16016e+24         3.01332e+03    0.00000e+00
    1.16016e+24         2.74542e+03    0.00000e+00
    1.16016e+24         2.58404e+03    0.00000e+00
    1.16016e+24         2.40189e+03    0.00000e+00
    1.16016e+24         2.19105e+03    0.00000e+00
    1.16016e+24         2.06437e+03    0.00000e+00
    1.16016e+24         1.92167e+03    0.00000e+00
    1.16016e+24         1.75698e+03    0.00000e+00
    1.16016e+24         1.65848e+03    0.00000e+00
    1.16016e+24         1.54793e+03    0.00000e+00
    1.16016e+24         1.42102e+03    0.00000e+00
    1.16016e+24         1.34573e+03    0.00000e+00
    1.16016e+24         1.26177e+03    0.00000e+00
    1.16016e+24         1.16627e+03    0.00000e+00
    1.16016e+24         1.05450e+03    0.00000e+00
    1.16016e+24         9.86133e+02    0.00000e+00
    1.16016e+24         9.07960e+02    0.00000e+00
    1.16016e+24         8.61854e+02    0.00000e+00
    1.16016e+24         8.10682e+02    0.00000e+00
    1.16016e+24         7.52847e+02    0.00000e+00
    1.16016e+24         6.85784e+02    0.00000e+00
    1.16016e+24         6.45374e+02    0.00000e+00
    1.16016e+24         5.99745e+02    0.00000e+00
    1.16016e+24         5.46908e+02    0.00000e+00
    1.16016e+24         5.15139e+02    0.00000e+00
    1.16016e+24         4.79331e+02    0.00000e+00
    1.16016e+24         4.37972e+02    0.00000e+00
    1.16016e+24         4.13203e+02    0.00000e+00
    1.16016e+24         3.85375e+02    0.00000e+00
    1.16016e+24         3.53383e+02    0.00000e+00
    1.16016e+24         3.34360e+02    0.00000e+00
    1.16016e+24         3.13111e+02    0.00000e+00
    1.16016e+24         2.88879e+02    0.00000e+00
    1.16016e+24         2.60412e+02    0.00000e+00
    1.16016e+24         2.42897e+02    0.00000e+00
    1.16016e+24         2.22764e+02    0.00000e+00
    1.16016e+24         2.10796e+02    0.00000e+00
    1.16016e+24         1.97430e+02    0.00000e+00
    1.16016e+24         1.82194e+02    0.00000e+00
    1.16016e+24         1.64302e+02    0.00000e+00
    1.16016e+24         1.53302e+02    0.00000e+00
    1.16016e+24         1.40667e+02    0.00000e+00
    1.16016e+24         1.33163e+02    0.00000e+00
    1.16016e+24         1.24790e+02    0.00000e+00
    1.16016e+24         1.15256e+02    0.00000e+00
    1.16016e+24         1.04078e+02    0.00000e+00
    1.16016e+24         9.72250e+01    0.00000e+00
    1.16016e+24         8.93714e+01    0.00000e+00
    1.16016e+24         8.47241e+01    0.00000e+00
    1.16016e+24         7.95530e+01    0.00000e+00
    1.16016e+24         7.36878e+01    0.00000e+00
    1.16016e+24         6.68518e+01    0.00000e+00
    1.16016e+24         6.26990e+01    0.00000e+00
    1.16016e+24         5.79779e+01    0.00000e+00
    1.16016e+24         5.24566e+01    0.00000e+00
    1.16016e+24         4.90843e+01    0.00000e+00
    1.16016e+24         4.52326e+01    0.00000e+00
    1.16016e+24         4.29648e+01    0.00000e+00
    1.16016e+24         4.04513e+01    0.00000e+00
    1.16016e+24         3.76157e+01    0.00000e+00
    1.16016e+24         3.43365e+01    0.00000e+00
    1.16016e+24         3.23688e+01    0.00000e+00
    1.16016e+24         3.01546e+01    0.00000e+00
    1.16016e+24         2.76033e+01    0.00000e+00
    1.16016e+24         2.60809e+01    0.00000e+00
    1.16016e+24         2.43756e+01    0.00000e+00
    1.16016e+24         2.24234e+01    0.00000e+00
    1.16016e+24         2.12699e+01    0.00000e+00
    1.16016e+24         1.99879e+01    0.00000e+00
    1.16016e+24         1.85362e+01    0.00000e+00
    1.16016e+24         1.68481e+01    0.00000e+00
    1.16016e+24         1.58265e+01    0.00000e+00
    1.16016e+24         1.46688e+01    0.00000e+00
    1.16016e+24         1.33211e+01    0.00000e+00
    1.16016e+24         1.25040e+01    0.00000e+00
    1.16016e+24         1.15766e+01    0.00000e+00
    1.16016e+24         1.04947e+01    0.00000e+00
    1.16016e+24         9.83644e+00    0.00000e+00
    1.16016e+24         9.08715e+00    0.00000e+00
    1.16016e+24         8.20920e+00    0.00000e+00
    1.16016e+24         7.67131e+00    0.00000e+00
    1.16016e+24         7.05535e+00    0.00000e+00
    1.16016e+24         6.69124e+00    0.00000e+00
    1.16016e+24         6.28643e+00    0.00000e+00
    1.16016e+24         5.82781e+00    0.00000e+00
    1.16016e+24         5.29416e+00    0.00000e+00
    1.16016e+24         4.97084e+00    0.00000e+00
    1.16016e+24         4.60408e+00    0.00000e+00
    1.16016e+24         4.17657e+00    0.00000e+00
    1.16016e+24         3.91681e+00    0.00000e+00
    1.16016e+24         3.62146e+00    0.00000e+00
    1.16016e+24         3.27597e+00    0.00000e+00
    1.16016e+24         3.06487e+00    0.00000e+00
    1.16016e+24         2.82368e+00    0.00000e+00
    1.16016e+24         2.68161e+00    0.00000e+00
    1.16016e+24         2.52408e+00    0.00000e+00
    1.16016e+24         2.34628e+00    0.00000e+00
    1.16016e+24         2.14051e+00    0.00000e+00
    1.16016e+24         2.01689e+00    0.00000e+00
    1.16016e+24         1.87765e+00    0.00000e+00
    1.16016e+24         1.71700e+00    0.00000e+00
    1.16016e+24         1.62094e+00    0.00000e+00
    1.16016e+24         1.51316e+00    0.00000e+00
    1.16016e+24         1.38947e+00    0.00000e+00
    1.16016e+24         1.31613e+00    0.00000e+00
    1.16016e+24         1.23439e+00    0.00000e+00
    1.16016e+24         1.14146e+00    0.00000e+00
    1.16016e+24         1.03278e+00    0.00000e+00
    1.16016e+24         9.66405e-01    0.00000e+00
    1.16016e+24         8.90599e-01    0.00000e+00
    1.16016e+24         8.45968e-01    0.00000e+00
    1.16016e+24         7.96504e-01    0.00000e+00
    1.16016e+24         7.40706e-01    0.00000e+00
    1.16016e+24         6.76185e-01    0.00000e+00
    1.16016e+24         6.37474e-01    0.00000e+00
    1.16016e+24         5.93919e-01    0.00000e+00
    1.16016e+24         5.43741e-01    0.00000e+00
    1.16016e+24         5.13808e-01    0.00000e+00
    1.16016e+24         4.80286e-01    0.00000e+00
    1.16016e+24         4.41921e-01    0.00000e+00
    1.16016e+24         4.19263e-01    0.00000e+00
    1.16016e+24         3.94090e-01    0.00000e+00
    1.16016e+24         3.65599e-01    0.00000e+00
    1.16016e+24         3.32494e-01    0.00000e+00
    1.16016e+24         3.12481e-01    0.00000e+00
    1.16016e+24         2.89823e-01    0.00000e+00
    1.16016e+24         2.63483e-01    0.00000e+00
    1.16016e+24         2.47548e-01    0.00000e+00
    1.16016e+24         2.29496e-01    0.00000e+00
    1.16016e+24         2.08493e-01    0.00000e+00
    1.16016e+24         1.95768e-01    0.00000e+00
    1.16016e+24         1.81336e-01    0.00000e+00
    1.16016e+24         1.64515e-01    0.00000e+00
    1.16016e+24         1.54297e-01    0.00000e+00
    1.16016e+24         1.42681e-01    0.00000e+00
    1.16016e+24         1.29096e-01    0.00000e+00
    1.16016e+24         1.20799e-01    0.00000e+00
    1.16016e+24         1.11323e-01    0.00000e+00
    1.16016e+24         1.05744e-01    0.00000e+00
    1.16016e+24         9.95609e-02    0.00000e+00
    1.16016e+24         9.25858e-02    0.00000e+00
    1.16016e+24         8.45202e-02    0.00000e+00
    1.16016e+24         7.96810e-02    0.00000e+00
    1.16016e+24         7.42362e-02    0.00000e+00
    1.16016e+24         6.79634e-02    0.00000e+00
    1.16016e+24         6.42213e-02    0.00000e+00
    1.16016e+24         6.00304e-02    0.00000e+00
    1.16016e+24         5.52339e-02    0.00000e+00
    1.16016e+24         5.24010e-02    0.00000e+00
    1.16016e+24         4.92536e-02    0.00000e+00
    1.16016e+24         4.56911e-02    0.00000e+00
    1.16016e+24         4.15513e-02    0.00000e+00
    1.16016e+24         3.90485e-02    0.00000e+00
    1.16016e+24         3.62145e-02    0.00000e+00
    1.16016e+24         3.29196e-02    0.00000e+00
    1.16016e+24         3.09259e-02    0.00000e+00
    1.16016e+24         2.86668e-02    0.00000e+00
    1.16016e+24         2.60376e-02    0.00000e+00
    1.16016e+24         2.44442e-02    0.00000e+00
    1.16016e+24         2.26362e-02    0.00000e+00
    1.16016e+24         2.05279e-02    0.00000e+00
    1.16016e+24         1.92460e-02    0.00000e+00
    1.16016e+24         1.77878e-02    0.00000e+00
    1.16016e+24         1.60806e-02    0.00000e+00
    1.16016e+24         1.50362e-02    0.00000e+00
    1.16016e+24         1.38416e-02    0.00000e+00
    1.16016e+24         1.31368e-02    0.00000e+00
    1.16016e+24         1.23543e-02    0.00000e+00
    1.16016e+24         1.14696e-02    0.00000e+00
    1.16016e+24         1.04431e-02    0.00000e+00
    1.16016e+24         9.82399e-03    0.00000e+00
    1.16016e+24         9.12440e-03    0.00000e+00
    1.16016e+24         8.31340e-03    0.00000e+00
    1.16016e+24         7.82493e-03    0.00000e+00
    1.16016e+24         7.27357e-03    0.00000e+00
    1.16016e+24         6.63546e-03    0.00000e+00
    1.16016e+24         6.25208e-03    0.00000e+00
    1.16016e+24         5.82025e-03    0.00000e+00
    1.16016e+24         5.32196e-03    0.00000e+00
    1.16016e+24         5.02398e-03    0.00000e+00
    1.16016e+24         4.68960e-03    0.00000e+00
    1.16016e+24         4.30584e-03    0.00000e+00
    1.16016e+24         4.07823e-03    0.00000e+00
    1.16016e+24         3.82450e-03    0.00000e+00
    1.16016e+24         3.53600e-03    0.00000e+00
    1.16016e+24         3.19849e-03    0.00000e+00
    1.16016e+24         2.99224e-03    0.00000e+00
    1.16016e+24         2.75659e-03    0.00000e+00
    1.16016e+24         2.61775e-03    0.00000e+00
    1.16016e+24         2.46380e-03    0.00000e+00
    1.16016e+24         2.29000e-03    0.00000e+00
    1.16016e+24         2.08883e-03    0.00000e+00
    1.16016e+24         1.96793e-03    0.00000e+00
    1.16016e+24         1.83173e-03    0.00000e+00
    1.16016e+24         1.67451e-03    0.00000e+00
    1.16016e+24         1.58045e-03    0.00000e+00
    1.16016e+24         1.47486e-03    0.00000e+00
    1.16016e+24         1.35361e-03    0.00000e+00
    1.16016e+24         1.28164e-03    0.00000e+00
    1.16016e+24         1.20135e-03    0.00000e+00
    1.16016e+24         1.10998e-03    0.00000e+00
    1.16016e+24         1.00295e-03    0.00000e+00
    1.16016e+24         9.37396e-04    0.00000e+00
    1.16016e+24         8.62358e-04    0.00000e+00
    1.16016e+24         8.18026e-04    0.00000e+00
    1.16016e+24         7.68758e-04    0.00000e+00
    1.16016e+24         7.12973e-04    0.00000e+00
    1.16016e+24         6.48117e-04    0.00000e+00
    1.16016e+24         6.08875e-04    0.00000e+00
    1.16016e+24         5.64411e-04    0.00000e+00
    1.16016e+24         5.12665e-04    0.00000e+00
    1.16016e+24         4.81305e-04    0.00000e+00
    1.16016e+24         4.45726e-04    0.00000e+00
    1.16016e+24         4.04241e-04    0.00000e+00
    1.16016e+24         3.79022e-04    0.00000e+00
    1.16016e+24         3.50335e-04    0.00000e+00
    1.16016e+24         3.16759e-04    0.00000e+00
    1.16016e+24         2.96223e-04    0.00000e+00
    1.16016e+24         2.72740e-04    0.00000e+00
    1.16016e+24         2.58891e-04    0.00000e+00
    1.16016e+24         2.43519e-04    0.00000e+00
    1.16016e+24         2.26146e-04    0.00000e+00
    1.16016e+24         2.06001e-04    0.00000e+00
    1.16016e+24         1.93862e-04    0.00000e+00
    1.16016e+24         1.80156e-04    0.00000e+00
    1.16016e+24         1.64284e-04    0.00000e+00
    1.16016e+24         1.54741e-04    0.00000e+00
    1.16016e+24         1.43984e-04    0.00000e+00
    1.16016e+24         1.31561e-04    0.00000e+00
    1.16016e+24         1.24120e-04    0.00000e+00
    1.16016e+24         1.15761e-04    0.00000e+00
    1.16016e+24         1.06150e-04    0.00000e+00
    1.16016e+24         1.00436e-04    0.00000e+00
    1.16016e+24         9.40525e-05    0.00000e+00
    1.16016e+24         8.67733e-05    0.00000e+00
    1.16016e+24         7.82216e-05    0.00000e+00
    1.16016e+24         7.29597e-05    0.00000e+00
    1.16016e+24         6.69115e-05    0.00000e+00
    1.16016e+24         6.33160e-05    0.00000e+00
    1.16016e+24         5.93005e-05    0.00000e+00
    1.16016e+24         5.47227e-05    0.00000e+00
    1.16016e+24         4.93471e-05    0.00000e+00
    1.16016e+24         4.60418e-05    0.00000e+00
    1.16016e+24         4.22449e-05    0.00000e+00
    1.16016e+24         3.99898e-05    0.00000e+00
    1.16016e+24         3.74733e-05    0.00000e+00
    1.16016e+24         3.46074e-05    0.00000e+00
    1.16016e+24         3.12472e-05    0.00000e+00
    1.16016e+24         2.91863e-05    0.00000e+00
    1.16016e+24         2.68241e-05    0.00000e+00
    1.16016e+24         2.54258e-05    0.00000e+00


