              t                   M              a
    1.23833e-21         1.00000e+17    8.00000e-01
    2.47665e-21         1.00000e+17    8.00000e-01
    4.95331e-21         1.00000e+17    8.00000e-01
    9.90662e-21         1.00000e+17    8.00000e-01
    1.98132e-20         1.00000e+17    8.00000e-01
    3.96265e-20         1.00000e+17    8.00000e-01
    7.92530e-20         1.00000e+17    8.00000e-01
    1.58506e-19         1.00000e+17    8.00000e-01
    3.17012e-19         1.00000e+17    8.00000e-01
    6.34024e-19         1.00000e+17    8.00000e-01
    1.26805e-18         1.00000e+17    8.00000e-01
    2.53609e-18         1.00000e+17    8.00000e-01
    5.07219e-18         1.00000e+17    8.00000e-01
    1.01444e-17         1.00000e+17    8.00000e-01
    2.02888e-17         1.00000e+17    8.00000e-01
    4.05775e-17         1.00000e+17    8.00000e-01
    8.11550e-17         1.00000e+17    8.00000e-01
    1.62310e-16         1.00000e+17    8.00000e-01
    3.24620e-16         1.00000e+17    8.00000e-01
    6.49240e-16         1.00000e+17    8.00000e-01
    1.29848e-15         1.00000e+17    8.00000e-01
    2.59696e-15         1.00000e+17    8.00000e-01
    5.19392e-15         1.00000e+17    8.00000e-01
    1.03878e-14         1.00000e+17    8.00000e-01
    2.07757e-14         1.00000e+17    8.00000e-01
    4.15514e-14         1.00000e+17    8.00000e-01
    8.31027e-14         1.00000e+17    8.00000e-01
    1.66205e-13         1.00000e+17    8.00000e-01
    3.32411e-13         1.00000e+17    8.00000e-01
    6.64822e-13         1.00000e+17    8.00000e-01
    1.32964e-12         1.00000e+17    8.00000e-01
    2.65929e-12         1.00000e+17    8.00000e-01
    5.31858e-12         1.00000e+17    8.00000e-01
    1.06372e-11         1.00000e+17    8.00000e-01
    2.12743e-11         1.00000e+17    8.00000e-01
    4.25486e-11         1.00000e+17    8.00000e-01
    8.50972e-11         1.00000e+17    8.00000e-01
    1.70194e-10         1.00000e+17    8.00000e-01
    3.40389e-10         1.00000e+17    8.00000e-01
    6.80778e-10         1.00000e+17    8.00000e-01
    1.36156e-09         1.00000e+17    8.00000e-01
    2.72311e-09         1.00000e+17    8.00000e-01
    5.44622e-09         1.00000e+17    8.00000e-01
    1.08924e-08         1.00000e+17    8.00000e-01
    2.17849e-08         1.00000e+17    8.00000e-01
    4.35698e-08         1.00000e+17    8.00000e-01
    8.71395e-08         1.00000e+17    8.00000e-01
    1.74279e-07         1.00000e+17    8.00000e-01
    3.48558e-07         1.00000e+17    8.00000e-01
    6.97116e-07         1.00000e+17    8.00000e-01
    1.39423e-06         1.00000e+17    8.00000e-01
    2.78847e-06         1.00000e+17    8.00000e-01
    5.57693e-06         1.00000e+17    8.00000e-01
    1.11539e-05         1.00000e+17    8.00000e-01
    2.23077e-05         1.00000e+17    8.00000e-01
    4.46154e-05         1.00000e+17    8.00000e-01
    8.92309e-05         1.00000e+17    8.00000e-01
    1.78462e-04         1.00000e+17    8.00000e-01
    3.56924e-04         1.00000e+17    8.00000e-01
    7.13847e-04         1.00000e+17    8.00000e-01
    1.42769e-03         1.00000e+17    8.00000e-01
    2.85539e-03         1.00000e+17    8.00000e-01
    5.71078e-03         1.00000e+17    8.00000e-01
    1.14216e-02         1.00000e+17    8.00000e-01
    2.28431e-02         1.00000e+17    8.00000e-01
    4.56862e-02         1.00000e+17    8.00000e-01
    9.13724e-02         1.00000e+17    8.00000e-01
    1.82745e-01         1.00000e+17    8.00000e-01
    3.65490e-01         1.00000e+17    8.00000e-01
    7.30979e-01         1.00000e+17    8.00000e-01
    1.46196e+00         1.00000e+17    8.00000e-01
    2.92392e+00         1.00000e+17    8.00000e-01
    5.84784e+00         1.00000e+17    8.00000e-01
    1.16957e+01         1.00000e+17    8.00000e-01
    2.33913e+01         1.00000e+17    8.00000e-01
    4.67827e+01         1.00000e+17    8.00000e-01
    9.35654e+01         1.00000e+17    8.00000e-01
    1.87131e+02         1.00000e+17    8.00000e-01
    3.74261e+02         1.00000e+17    8.00000e-01
    7.48523e+02         1.00000e+17    8.00000e-01
    1.49705e+03         1.00000e+17    8.00000e-01
    2.99409e+03         1.00000e+17    8.00000e-01
    5.98818e+03         1.00000e+17    8.00000e-01
    1.19764e+04         1.00000e+17    8.00000e-01
    2.39527e+04         1.00000e+17    8.00000e-01
    4.79055e+04         1.00000e+17    8.00000e-01
    9.58109e+04         1.00000e+17    8.00000e-01
    1.91622e+05         1.00000e+17    8.00000e-01
    3.83244e+05         1.00000e+17    8.00000e-01
    7.66488e+05         1.00000e+17    8.00000e-01
    1.53298e+06         1.00000e+17    8.00000e-01
    3.06595e+06         1.00000e+17    8.00000e-01
    6.13190e+06         1.00000e+17    8.00000e-01
    1.22638e+07         1.00000e+17    8.00000e-01
    2.45276e+07         1.00000e+17    8.00000e-01
    4.90552e+07         1.00000e+17    8.00000e-01
    9.81104e+07         1.00000e+17    8.00000e-01
    1.96221e+08         1.00000e+17    8.00000e-01
    3.92442e+08         1.00000e+17    8.00000e-01
    7.84883e+08         1.00000e+17    8.00000e-01
    1.56977e+09         1.00000e+17    8.00000e-01
    3.13953e+09         1.00000e+17    8.00000e-01
    6.27907e+09         1.00000e+17    8.00000e-01
    1.25581e+10         1.00000e+17    8.00000e-01
    2.51163e+10         1.00000e+17    8.00000e-01
    5.02325e+10         1.00000e+17    8.00000e-01
    1.00465e+11         1.00000e+17    8.00000e-01
    2.00930e+11         1.00000e+17    8.00000e-01
    4.01860e+11         1.00000e+17    8.00000e-01
    8.03720e+11         1.00000e+17    8.00000e-01
    1.60744e+12         1.00000e+17    8.00000e-01
    3.21488e+12         1.00000e+17    8.00000e-01
    6.42976e+12         1.00000e+17    8.00000e-01
    1.28595e+13         1.00000e+17    8.00000e-01
    2.57191e+13         1.00000e+17    8.00000e-01
    5.14381e+13         1.00000e+17    8.00000e-01
    1.02876e+14         1.00000e+17    8.00000e-01
    2.05752e+14         1.00000e+17    8.00000e-01
    4.11505e+14         9.99999e+16    7.99999e-01
    8.23010e+14         9.99999e+16    7.99998e-01
    1.64602e+15         9.99997e+16    7.99997e-01
    3.29204e+15         9.99994e+16    7.99993e-01
    6.58408e+15         9.99988e+16    7.99987e-01
    1.31682e+16         9.99976e+16    7.99973e-01
    2.63363e+16         9.99952e+16    7.99946e-01
    5.26726e+16         9.99904e+16    7.99892e-01
    1.05345e+17         9.99809e+16    7.99784e-01
    2.10690e+17         9.99618e+16    7.99569e-01
    4.21381e+17         9.99235e+16    7.99139e-01
    8.42762e+17         9.98472e+16    7.98280e-01
    1.68552e+18         9.96947e+16    7.96570e-01
    3.37105e+18         9.93910e+16    7.93179e-01
    6.74210e+18         9.87883e+16    7.86514e-01
    1.34842e+19         9.75931e+16    7.73575e-01
    2.02263e+19         9.64090e+16    7.61336e-01
    2.69684e+19         9.52350e+16    7.49769e-01
    3.37105e+19         9.40637e+16    7.38778e-01
    4.04526e+19         9.28854e+16    7.28248e-01
    4.71947e+19         9.16989e+16    7.18163e-01
    5.39368e+19         9.05031e+16    7.08509e-01
    6.06789e+19         8.92890e+16    6.99190e-01
    6.74210e+19         8.80553e+16    6.90196e-01
    7.41631e+19         8.68001e+16    6.81518e-01
    8.09051e+19         8.55213e+16    6.73146e-01
    8.76472e+19         8.42103e+16    6.65022e-01
    9.43893e+19         8.28645e+16    6.57138e-01
    1.01131e+20         8.14808e+16    6.49488e-01
    1.07874e+20         8.00560e+16    6.42066e-01
    1.14616e+20         7.85864e+16    6.34816e-01
    1.21358e+20         7.70678e+16    6.27669e-01
    1.28100e+20         7.54954e+16    6.20624e-01
    1.34842e+20         7.38636e+16    6.13676e-01
    1.41584e+20         7.21658e+16    6.06823e-01
    1.48326e+20         7.03923e+16    6.00066e-01
    1.55068e+20         6.85289e+16    5.93411e-01
    1.61810e+20         6.65634e+16    5.86854e-01
    1.68552e+20         6.44807e+16    5.80390e-01
    1.75294e+20         6.22619e+16    5.74014e-01
    1.82037e+20         5.98829e+16    5.67720e-01
    1.88779e+20         5.73146e+16    5.61356e-01
    1.95521e+20         5.45153e+16    5.54854e-01
    2.02263e+20         5.14263e+16    5.48181e-01
    2.09005e+20         4.79609e+16    5.41285e-01
    2.15747e+20         4.39835e+16    5.34097e-01
    2.19118e+20         4.16216e+16    5.30296e-01
    2.22489e+20         3.89838e+16    5.26327e-01
    2.25860e+20         3.59765e+16    5.22145e-01
    2.29231e+20         3.24449e+16    5.17679e-01
    2.30917e+20         3.02735e+16    5.15247e-01
    2.32602e+20         2.77791e+16    5.12658e-01
    2.33445e+20         2.62978e+16    5.11259e-01
    2.34288e+20         2.46448e+16    5.09784e-01
    2.35131e+20         2.27625e+16    5.08214e-01
    2.35973e+20         2.05559e+16    5.06519e-01
    2.36395e+20         1.92029e+16    5.05585e-01
    2.36816e+20         1.76525e+16    5.04584e-01
    2.37027e+20         1.67351e+16    5.04040e-01
    2.37237e+20         1.57144e+16    5.03466e-01
    2.37448e+20         1.45567e+16    5.02853e-01
    2.37659e+20         1.32075e+16    5.02189e-01
    2.37764e+20         1.23880e+16    5.01823e-01
    2.37870e+20         1.14565e+16    5.01431e-01
    2.37975e+20         1.03673e+16    5.01005e-01
    2.38028e+20         9.70220e+15    5.00768e-01
    2.38080e+20         8.94282e+15    5.00513e-01
    2.38133e+20         8.04899e+15    5.00235e-01
    2.38159e+20         7.49730e+15    5.00080e-01
    2.38186e+20         6.86143e+15    4.99911e-01
    2.38199e+20         6.48182e+15    4.99818e-01
    2.38212e+20         6.05645e+15    4.99717e-01
    2.38225e+20         5.56922e+15    4.99607e-01
    2.38232e+20         5.28111e+15    4.99546e-01
    2.38238e+20         4.96071e+15    4.99480e-01
    2.38245e+20         4.59758e+15    4.99408e-01
    2.38251e+20         4.17481e+15    4.99329e-01
    2.38255e+20         3.91845e+15    4.99284e-01
    2.38258e+20         3.62744e+15    4.99236e-01
    2.38261e+20         3.28787e+15    4.99182e-01
    2.38263e+20         3.08121e+15    4.99152e-01
    2.38265e+20         2.84588e+15    4.99118e-01
    2.38266e+20         2.57003e+15    4.99082e-01
    2.38267e+20         2.40091e+15    4.99061e-01
    2.38268e+20         2.20712e+15    4.99038e-01
    2.38268e+20         2.09246e+15    4.99025e-01
    2.38269e+20         1.96490e+15    4.99012e-01
    2.38269e+20         1.82023e+15    4.98997e-01
    2.38270e+20         1.65165e+15    4.98981e-01
    2.38270e+20         1.54928e+15    4.98972e-01
    2.38270e+20         1.43293e+15    4.98962e-01
    2.38270e+20         1.29691e+15    4.98950e-01
    2.38270e+20         1.21390e+15    4.98943e-01
    2.38270e+20         1.11913e+15    4.98935e-01
    2.38270e+20         1.00764e+15    4.98926e-01
    2.38271e+20         9.38877e+14    4.98920e-01
    2.38271e+20         8.59671e+14    4.98913e-01
    2.38271e+20         8.12434e+14    4.98908e-01
    2.38271e+20         7.59544e+14    4.98903e-01
    2.38271e+20         6.99031e+14    4.98897e-01
    2.38271e+20         6.63309e+14    4.98892e-01
    2.38271e+20         6.23635e+14    4.98887e-01
    2.38271e+20         5.78753e+14    4.98880e-01
    2.38271e+20         5.26639e+14    4.98871e-01
    2.38271e+20         4.95168e+14    4.98865e-01
    2.38271e+20         4.59570e+14    4.98856e-01
    2.38271e+20         4.18243e+14    4.98842e-01
    2.38271e+20         3.93294e+14    4.98833e-01
    2.38271e+20         3.65078e+14    4.98820e-01
    2.38271e+20         3.32331e+14    4.98801e-01
    2.38271e+20         3.12571e+14    4.98787e-01
    2.38271e+20         2.90234e+14    4.98769e-01
    2.38271e+20         2.64326e+14    4.98746e-01
    2.38271e+20         2.48708e+14    4.98732e-01
    2.38271e+20         2.31067e+14    4.98714e-01
    2.38271e+20         2.10629e+14    4.98694e-01
    2.38271e+20         1.98331e+14    4.98682e-01
    2.38271e+20         1.84460e+14    4.98668e-01
    2.38271e+20         1.68424e+14    4.98652e-01
    2.38271e+20         1.58807e+14    4.98642e-01
    2.38271e+20         1.47989e+14    4.98632e-01
    2.38271e+20         1.35533e+14    4.98620e-01
    2.38271e+20         1.28107e+14    4.98613e-01
    2.38271e+20         1.19795e+14    4.98605e-01
    2.38271e+20         1.10290e+14    4.98597e-01
    2.38271e+20         1.04684e+14    4.98591e-01
    2.38271e+20         9.84598e+13    4.98586e-01
    2.38271e+20         9.14244e+13    4.98579e-01
    2.38271e+20         8.32646e+13    4.98571e-01
    2.38271e+20         7.83458e+13    4.98567e-01
    2.38271e+20         7.27900e+13    4.98561e-01
    2.38271e+20         6.63536e+13    4.98554e-01
    2.38271e+20         6.24808e+13    4.98550e-01
    2.38271e+20         5.81131e+13    4.98545e-01
    2.38271e+20         5.30640e+13    4.98539e-01
    2.38271e+20         5.00362e+13    4.98535e-01
    2.38271e+20         4.66308e+13    4.98531e-01
    2.38271e+20         4.27098e+13    4.98525e-01
    2.38271e+20         4.03728e+13    4.98521e-01
    2.38271e+20         3.77574e+13    4.98515e-01
    2.38271e+20         3.47670e+13    4.98509e-01
    2.38271e+20         3.30036e+13    4.98504e-01
    2.38271e+20         3.10466e+13    4.98498e-01
    2.38271e+20         2.88352e+13    4.98491e-01
    2.38271e+20         2.62715e+13    4.98481e-01
    2.38271e+20         2.47272e+13    4.98475e-01
    2.38271e+20         2.29841e+13    4.98467e-01
    2.38271e+20         2.09664e+13    4.98457e-01
    2.38271e+20         1.97541e+13    4.98450e-01
    2.38271e+20         1.83884e+13    4.98443e-01
    2.38271e+20         1.68123e+13    4.98433e-01
    2.38271e+20         1.58696e+13    4.98428e-01
    2.38271e+20         1.48115e+13    4.98421e-01
    2.38271e+20         1.35969e+13    4.98413e-01
    2.38271e+20         1.28762e+13    4.98408e-01
    2.38271e+20         1.20726e+13    4.98402e-01
    2.38271e+20         1.11584e+13    4.98393e-01
    2.38271e+20         1.00882e+13    4.98383e-01
    2.38271e+20         9.43363e+12    4.98376e-01
    2.38271e+20         8.68502e+12    4.98368e-01
    2.38271e+20         8.24340e+12    4.98363e-01
    2.38271e+20         7.75320e+12    4.98357e-01
    2.38271e+20         7.19905e+12    4.98350e-01
    2.38271e+20         6.55630e+12    4.98342e-01
    2.38271e+20         6.16882e+12    4.98337e-01
    2.38271e+20         5.73114e+12    4.98331e-01
    2.38271e+20         5.22405e+12    4.98325e-01
    2.38271e+20         4.91889e+12    4.98321e-01
    2.38271e+20         4.57470e+12    4.98316e-01
    2.38271e+20         4.17677e+12    4.98312e-01
    2.38271e+20         3.93808e+12    4.98309e-01
    2.38271e+20         3.66959e+12    4.98306e-01
    2.38271e+20         3.36036e+12    4.98302e-01
    2.38271e+20         3.17598e+12    4.98300e-01
    2.38271e+20         2.96958e+12    4.98298e-01
    2.38271e+20         2.73348e+12    4.98296e-01
    2.38271e+20         2.59416e+12    4.98294e-01
    2.38271e+20         2.43948e+12    4.98293e-01
    2.38271e+20         2.26455e+12    4.98291e-01
    2.38271e+20         2.06155e+12    4.98288e-01
    2.38271e+20         1.93908e+12    4.98287e-01
    2.38271e+20         1.80066e+12    4.98286e-01
    2.38271e+20         1.64013e+12    4.98284e-01
    2.38271e+20         1.54338e+12    4.98283e-01
    2.38271e+20         1.43412e+12    4.98281e-01
    2.38271e+20         1.30759e+12    4.98279e-01
    2.38271e+20         1.23148e+12    4.98278e-01
    2.38271e+20         1.14567e+12    4.98276e-01
    2.38271e+20         1.04654e+12    4.98273e-01
    2.38271e+20         9.87130e+11    4.98271e-01
    2.38271e+20         9.20359e+11    4.98267e-01
    2.38271e+20         8.43547e+11    4.98262e-01
    2.38271e+20         7.97827e+11    4.98258e-01
    2.38271e+20         7.46718e+11    4.98252e-01
    2.38271e+20         6.88371e+11    4.98244e-01
    2.38271e+20         6.19714e+11    4.98234e-01
    2.38271e+20         5.77357e+11    4.98226e-01
    2.38271e+20         5.28558e+11    4.98217e-01
    2.38271e+20         4.99444e+11    4.98211e-01
    2.38271e+20         4.66837e+11    4.98204e-01
    2.38271e+20         4.29516e+11    4.98196e-01
    2.38271e+20         4.07472e+11    4.98190e-01
    2.38271e+20         3.82978e+11    4.98185e-01
    2.38271e+20         3.55250e+11    4.98178e-01
    2.38271e+20         3.23025e+11    4.98170e-01
    2.38271e+20         3.03537e+11    4.98164e-01
    2.38271e+20         2.81466e+11    4.98157e-01
    2.38271e+20         2.55798e+11    4.98148e-01
    2.38271e+20         2.40258e+11    4.98142e-01
    2.38271e+20         2.22644e+11    4.98135e-01
    2.38271e+20         2.02132e+11    4.98126e-01
    2.38271e+20         1.89689e+11    4.98121e-01
    2.38271e+20         1.75559e+11    4.98114e-01
    2.38271e+20         1.59064e+11    4.98106e-01
    2.38271e+20         1.49017e+11    4.98101e-01
    2.38271e+20         1.37570e+11    4.98096e-01
    2.38271e+20         1.24138e+11    4.98089e-01
    2.38271e+20         1.15890e+11    4.98085e-01
    2.38271e+20         1.06427e+11    4.98081e-01
    2.38271e+20         1.00816e+11    4.98078e-01
    2.38271e+20         9.45635e+10    4.98075e-01
    2.38271e+20         8.74567e+10    4.98072e-01
    2.38271e+20         7.91480e+10    4.98069e-01
    2.38271e+20         7.40756e+10    4.98067e-01
    2.38271e+20         6.82847e+10    4.98065e-01
    2.38271e+20         6.14700e+10    4.98062e-01
    2.38271e+20         5.72653e+10    4.98060e-01
    2.38271e+20         5.24205e+10    4.98059e-01
    2.38271e+20         4.95296e+10    4.98058e-01
    2.38271e+20         4.62914e+10    4.98056e-01
    2.38271e+20         4.25843e+10    4.98055e-01
    2.38271e+20         4.03940e+10    4.98055e-01
    2.38271e+20         3.79597e+10    4.98054e-01
    2.38271e+20         3.52032e+10    4.98053e-01
    2.38271e+20         3.19981e+10    4.98052e-01
    2.38271e+20         3.00585e+10    4.98052e-01
    2.38271e+20         2.78604e+10    4.98051e-01
    2.38271e+20         2.53018e+10    4.98051e-01
    2.38271e+20         2.37507e+10    4.98050e-01
    2.38271e+20         2.19904e+10    4.98050e-01
    2.38271e+20         1.99370e+10    4.98049e-01
    2.38271e+20         1.86879e+10    4.98049e-01
    2.38271e+20         1.72662e+10    4.98049e-01
    2.38271e+20         1.56008e+10    4.98049e-01
    2.38271e+20         1.45809e+10    4.98049e-01
    2.38271e+20         1.34132e+10    4.98048e-01
    2.38271e+20         1.27233e+10    4.98048e-01
    2.38271e+20         1.19566e+10    4.98048e-01
    2.38271e+20         1.10883e+10    4.98048e-01
    2.38271e+20         1.00788e+10    4.98048e-01
    2.38271e+20         9.46782e+09    4.98048e-01
    2.38271e+20         8.77547e+09    4.98048e-01
    2.38271e+20         7.96957e+09    4.98048e-01
    2.38271e+20         7.48100e+09    4.98048e-01
    2.38271e+20         6.92654e+09    4.98048e-01
    2.38271e+20         6.27975e+09    4.98048e-01
    2.38271e+20         5.88631e+09    4.98048e-01
    2.38271e+20         5.43851e+09    4.98048e-01
    2.38271e+20         4.91395e+09    4.98048e-01
    2.38271e+20         4.59267e+09    4.98048e-01
    2.38271e+20         4.22488e+09    4.98048e-01
    2.38271e+20         4.00757e+09    4.98048e-01
    2.38271e+20         3.76606e+09    4.98047e-01
    2.38271e+20         3.49258e+09    4.98047e-01
    2.38271e+20         3.17459e+09    4.98047e-01
    2.38271e+20         2.98215e+09    4.98047e-01
    2.38271e+20         2.76407e+09    4.98047e-01
    2.38271e+20         2.51022e+09    4.98047e-01
    2.38271e+20         2.35632e+09    4.98047e-01
    2.38271e+20         2.18167e+09    4.98047e-01
    2.38271e+20         1.97794e+09    4.98047e-01
    2.38271e+20         1.85401e+09    4.98047e-01
    2.38271e+20         1.71295e+09    4.98047e-01
    2.38271e+20         1.54771e+09    4.98047e-01
    2.38271e+20         1.44650e+09    4.98047e-01
    2.38271e+20         1.33064e+09    4.98047e-01
    2.38271e+20         1.26218e+09    4.98047e-01
    2.38271e+20         1.18609e+09    4.98047e-01
    2.38271e+20         1.09992e+09    4.98047e-01
    2.38271e+20         9.99734e+08    4.98047e-01
    2.38271e+20         9.39095e+08    4.98047e-01
    2.38271e+20         8.70371e+08    4.98047e-01
    2.38271e+20         7.90367e+08    4.98047e-01
    2.38271e+20         7.41856e+08    4.98047e-01
    2.38271e+20         6.86794e+08    4.98047e-01
    2.38271e+20         6.22549e+08    4.98047e-01
    2.38271e+20         5.83454e+08    4.98047e-01
    2.38271e+20         5.38945e+08    4.98047e-01
    2.38271e+20         4.86780e+08    4.98047e-01
    2.38271e+20         4.54808e+08    4.98047e-01
    2.38271e+20         4.18183e+08    4.98047e-01
    2.38271e+20         3.96523e+08    4.98047e-01
    2.38271e+20         3.72431e+08    4.98047e-01
    2.38271e+20         3.45122e+08    4.98047e-01
    2.38271e+20         3.13319e+08    4.98047e-01
    2.38271e+20         2.94027e+08    4.98047e-01
    2.38271e+20         2.72119e+08    4.98047e-01
    2.38271e+20         2.46541e+08    4.98047e-01
    2.38271e+20         2.30961e+08    4.98047e-01
    2.38271e+20         2.13209e+08    4.98047e-01
    2.38271e+20         1.92376e+08    4.98047e-01
    2.38271e+20         1.79582e+08    4.98047e-01
    2.38271e+20         1.64900e+08    4.98047e-01
    2.38271e+20         1.56194e+08    4.98047e-01
    2.38271e+20         1.46490e+08    4.98047e-01
    2.38271e+20         1.35457e+08    4.98047e-01
    2.38271e+20         1.22554e+08    4.98047e-01
    2.38271e+20         1.14673e+08    4.98047e-01
    2.38271e+20         1.05671e+08    4.98047e-01
    2.38271e+20         1.00371e+08    4.98047e-01
    2.38271e+20         9.44959e+07    4.98047e-01
    2.38271e+20         8.78677e+07    4.98047e-01
    2.38271e+20         8.02017e+07    4.98047e-01
    2.38271e+20         7.56010e+07    4.98047e-01
    2.38271e+20         7.04233e+07    4.98047e-01
    2.38271e+20         6.44562e+07    4.98047e-01
    2.38271e+20         6.08947e+07    4.98047e-01
    2.38271e+20         5.69044e+07    4.98047e-01
    2.38271e+20         5.23349e+07    4.98047e-01
    2.38271e+20         4.96337e+07    4.98047e-01
    2.38271e+20         4.66305e+07    4.98047e-01
    2.38271e+20         4.32281e+07    4.98047e-01
    2.38271e+20         3.92689e+07    4.98047e-01
    2.38271e+20         3.68701e+07    4.98047e-01
    2.38271e+20         3.41489e+07    4.98047e-01
    2.38271e+20         3.09768e+07    4.98047e-01
    2.38271e+20         2.90493e+07    4.98047e-01
    2.38271e+20         2.68574e+07    4.98047e-01
    2.38271e+20         2.42933e+07    4.98047e-01
    2.38271e+20         2.27263e+07    4.98047e-01
    2.38271e+20         2.09357e+07    4.98047e-01
    2.38271e+20         1.98808e+07    4.98047e-01
    2.38271e+20         1.87109e+07    4.98047e-01
    2.38271e+20         1.73901e+07    4.98047e-01
    2.38271e+20         1.58611e+07    4.98047e-01
    2.38271e+20         1.49421e+07    4.98047e-01
    2.38271e+20         1.39066e+07    4.98047e-01
    2.38271e+20         1.27111e+07    4.98047e-01
    2.38271e+20         1.19956e+07    4.98047e-01
    2.38271e+20         1.11922e+07    4.98047e-01
    2.38271e+20         1.02694e+07    4.98047e-01
    2.38271e+20         9.72134e+06    4.98047e-01
    2.38271e+20         9.10974e+06    4.98047e-01
    2.38271e+20         8.41325e+06    4.98047e-01
    2.38271e+20         7.59668e+06    4.98047e-01
    2.38271e+20         7.09590e+06    4.98047e-01
    2.38271e+20         6.52194e+06    4.98047e-01
    2.38271e+20         6.18223e+06    4.98047e-01
    2.38271e+20         5.80416e+06    4.98047e-01
    2.38271e+20         5.37523e+06    4.98047e-01
    2.38271e+20         4.87512e+06    4.98047e-01
    2.38271e+20         4.57113e+06    4.98047e-01
    2.38271e+20         4.22536e+06    4.98047e-01
    2.38271e+20         3.82068e+06    4.98047e-01
    2.38271e+20         3.57321e+06    4.98047e-01
    2.38271e+20         3.29028e+06    4.98047e-01
    2.38271e+20         3.12343e+06    4.98047e-01
    2.38271e+20         2.93829e+06    4.98047e-01
    2.38271e+20         2.72908e+06    4.98047e-01
    2.38271e+20         2.48656e+06    4.98047e-01
    2.38271e+20         2.34050e+06    4.98047e-01
    2.38271e+20         2.17563e+06    4.98047e-01
    2.38271e+20         1.98484e+06    4.98047e-01
    2.38271e+20         1.87021e+06    4.98047e-01
    2.38271e+20         1.74111e+06    4.98047e-01
    2.38271e+20         1.59216e+06    4.98047e-01
    2.38271e+20         1.50309e+06    4.98047e-01
    2.38271e+20         1.40316e+06    4.98047e-01
    2.38271e+20         1.28848e+06    4.98047e-01
    2.38271e+20         1.22048e+06    4.98047e-01
    2.38271e+20         1.14470e+06    4.98047e-01
    2.38271e+20         1.05854e+06    4.98047e-01
    2.38271e+20         9.57794e+05    4.98047e-01
    2.38271e+20         8.96266e+05    4.98047e-01
    2.38271e+20         8.25999e+05    4.98047e-01
    2.38271e+20         7.84633e+05    4.98047e-01
    2.38271e+20         7.38792e+05    4.98047e-01
    2.38271e+20         6.87085e+05    4.98047e-01
    2.38271e+20         6.27302e+05    4.98047e-01
    2.38271e+20         5.91442e+05    4.98047e-01
    2.38271e+20         5.51102e+05    4.98047e-01
    2.38271e+20         5.04640e+05    4.98047e-01
    2.38271e+20         4.76934e+05    4.98047e-01
    2.38271e+20         4.45916e+05    4.98047e-01
    2.38271e+20         4.10432e+05    4.98047e-01
    2.38271e+20         3.89490e+05    4.98047e-01
    2.38271e+20         3.66235e+05    4.98047e-01
    2.38271e+20         3.39934e+05    4.98047e-01
    2.38271e+20         3.09405e+05    4.98047e-01
    2.38271e+20         2.90979e+05    4.98047e-01
    2.38271e+20         2.70146e+05    4.98047e-01
    2.38271e+20         2.45976e+05    4.98047e-01
    2.38271e+20         2.31399e+05    4.98047e-01
    2.38271e+20         2.14928e+05    4.98047e-01
    2.38271e+20         1.95836e+05    4.98047e-01
    2.38271e+20         1.84338e+05    4.98047e-01
    2.38271e+20         1.71361e+05    4.98047e-01
    2.38271e+20         1.56343e+05    4.98047e-01
    2.38271e+20         1.47323e+05    4.98047e-01
    2.38271e+20         1.37164e+05    4.98047e-01
    2.38271e+20         1.25445e+05    4.98047e-01
    2.38271e+20         1.18439e+05    4.98047e-01
    2.38271e+20         1.10580e+05    4.98047e-01
    2.38271e+20         1.01565e+05    4.98047e-01
    2.38271e+20         9.62211e+04    4.98047e-01
    2.38271e+20         9.02674e+04    4.98047e-01
    2.38271e+20         8.35025e+04    4.98047e-01
    2.38271e+20         7.55971e+04    4.98047e-01
    2.38271e+20         7.07745e+04    4.98047e-01
    2.38271e+20         6.52722e+04    4.98047e-01
    2.38271e+20         5.88032e+04    4.98047e-01
    2.38271e+20         5.48179e+04    4.98047e-01
    2.38271e+20         5.02321e+04    4.98047e-01
    2.38271e+20         4.75014e+04    4.98047e-01
    2.38271e+20         4.44477e+04    4.98047e-01
    2.38271e+20         4.09601e+04    4.98047e-01
    2.38271e+20         3.89066e+04    4.98047e-01
    2.38271e+20         3.66307e+04    4.98047e-01
    2.38271e+20         3.40632e+04    4.98047e-01
    2.38271e+20         3.10940e+04    4.98047e-01
    2.38271e+20         2.93124e+04    4.98047e-01
    2.38271e+20         2.73076e+04    4.98047e-01
    2.38271e+20         2.49976e+04    4.98047e-01
    2.38271e+20         2.36193e+04    4.98047e-01
    2.38271e+20         2.20754e+04    4.98047e-01
    2.38271e+20         2.03081e+04    4.98047e-01
    2.38271e+20         1.92639e+04    4.98047e-01
    2.38271e+20         1.81034e+04    4.98047e-01
    2.38271e+20         1.67894e+04    4.98047e-01
    2.38271e+20         1.52617e+04    4.98047e-01
    2.38271e+20         1.43373e+04    4.98047e-01
    2.38271e+20         1.32898e+04    4.98047e-01
    2.38271e+20         1.20707e+04    4.98047e-01
    2.38271e+20         1.13318e+04    4.98047e-01
    2.38271e+20         1.04933e+04    4.98047e-01
    2.38271e+20         9.51560e+03    4.98047e-01
    2.38271e+20         8.92111e+03    4.98047e-01
    2.38271e+20         8.24473e+03    4.98047e-01
    2.38271e+20         7.45283e+03    4.98047e-01
    2.38271e+20         6.96827e+03    4.98047e-01
    2.38271e+20         6.41397e+03    4.98047e-01
    2.38271e+20         6.08684e+03    4.98047e-01
    2.38271e+20         5.72362e+03    4.98047e-01
    2.38271e+20         5.31282e+03    4.98047e-01
    2.38271e+20         4.83605e+03    4.98047e-01
    2.38271e+20         4.54834e+03    4.98047e-01
    2.38271e+20         4.22308e+03    4.98047e-01
    2.38271e+20         3.84579e+03    4.98047e-01
    2.38271e+20         3.61832e+03    4.98047e-01
    2.38271e+20         3.36134e+03    4.98047e-01
    2.38271e+20         3.06357e+03    4.98047e-01
    2.38271e+20         2.88434e+03    4.98047e-01
    2.38271e+20         2.68214e+03    4.98047e-01
    2.38271e+20         2.44830e+03    4.98047e-01
    2.38271e+20         2.30798e+03    4.98047e-01
    2.38271e+20         2.15008e+03    4.98047e-01
    2.38271e+20         1.96814e+03    4.98047e-01
    2.38271e+20         1.85957e+03    4.98047e-01
    2.38271e+20         1.73796e+03    4.98047e-01
    2.38271e+20         1.59873e+03    4.98047e-01
    2.38271e+20         1.51646e+03    4.98047e-01
    2.38271e+20         1.42502e+03    4.98047e-01
    2.38271e+20         1.32148e+03    4.98047e-01
    2.38271e+20         1.20107e+03    4.98047e-01
    2.38271e+20         1.12818e+03    4.98047e-01
    2.38271e+20         1.04558e+03    4.98047e-01
    2.38271e+20         9.49411e+02    4.98047e-01
    2.38271e+20         8.91091e+02    4.98047e-01
    2.38271e+20         8.24888e+02    4.98047e-01
    2.38271e+20         7.47631e+02    4.98047e-01
    2.38271e+20         7.00607e+02    4.98047e-01
    2.38271e+20         6.47059e+02    4.98047e-01
    2.38271e+20         5.84281e+02    4.98047e-01
    2.38271e+20         5.45785e+02    4.98047e-01
    2.38271e+20         5.01666e+02    4.98047e-01
    2.38271e+20         4.75556e+02    4.98047e-01
    2.38271e+20         4.46501e+02    4.98047e-01
    2.38271e+20         4.13541e+02    4.98047e-01
    2.38271e+20         3.75117e+02    4.98047e-01
    2.38271e+20         3.51768e+02    4.98047e-01
    2.38271e+20         3.25216e+02    4.98047e-01
    2.38271e+20         2.94152e+02    4.98047e-01
    2.38271e+20         2.75166e+02    4.98047e-01
    2.38271e+20         2.53470e+02    4.98047e-01
    2.38271e+20         2.40686e+02    4.98047e-01
    2.38271e+20         2.26507e+02    4.98047e-01
    2.38271e+20         2.10497e+02    4.98047e-01
    2.38271e+20         1.91959e+02    4.98047e-01
    2.38271e+20         1.80814e+02    4.98047e-01
    2.38271e+20         1.68252e+02    4.98047e-01
    2.38271e+20         1.53745e+02    4.98047e-01
    2.38271e+20         1.45057e+02    4.98047e-01
    2.38271e+20         1.35298e+02    4.98047e-01
    2.38271e+20         1.24081e+02    4.98047e-01
    2.38271e+20         1.17412e+02    4.98047e-01
    2.38271e+20         1.09964e+02    4.98047e-01
    2.38271e+20         1.01473e+02    4.98047e-01
    2.38271e+20         9.15022e+01    4.98047e-01
    2.38271e+20         8.53707e+01    4.98047e-01
    2.38271e+20         7.83269e+01    4.98047e-01
    2.38271e+20         7.41431e+01    4.98047e-01
    2.38271e+20         6.94738e+01    4.98047e-01
    2.38271e+20         6.41558e+01    4.98047e-01
    2.38271e+20         5.79196e+01    4.98047e-01
    2.38271e+20         5.40938e+01    4.98047e-01
    2.38271e+20         4.97078e+01    4.98047e-01
    2.38271e+20         4.71108e+01    4.98047e-01
    2.38271e+20         4.42195e+01    4.98047e-01
    2.38271e+20         4.09377e+01    4.98047e-01
    2.38271e+20         3.71087e+01    4.98047e-01
    2.38271e+20         3.47787e+01    4.98047e-01
    2.38271e+20         3.21261e+01    4.98047e-01
    2.38271e+20         2.90173e+01    4.98047e-01
    2.38271e+20         2.71120e+01    4.98047e-01
    2.38271e+20         2.49295e+01    4.98047e-01
    2.38271e+20         2.36388e+01    4.98047e-01
    2.38271e+20         2.22034e+01    4.98047e-01
    2.38271e+20         2.05763e+01    4.98047e-01
    2.38271e+20         1.86818e+01    4.98047e-01
    2.38271e+20         1.75326e+01    4.98047e-01
    2.38271e+20         1.62279e+01    4.98047e-01
    2.38271e+20         1.47049e+01    4.98047e-01
    2.38271e+20         1.37775e+01    4.98047e-01
    2.38271e+20         1.27211e+01    4.98047e-01
    2.38271e+20         1.14819e+01    4.98047e-01
    2.38271e+20         1.07214e+01    4.98047e-01
    2.38271e+20         9.84908e+00    4.98047e-01
    2.38271e+20         9.33226e+00    4.98047e-01
    2.38271e+20         8.75663e+00    4.98047e-01
    2.38271e+20         8.10282e+00    4.98047e-01
    2.38271e+20         7.33924e+00    4.98047e-01
    2.38271e+20         6.87388e+00    4.98047e-01
    2.38271e+20         6.34337e+00    4.98047e-01
    2.38271e+20         5.72042e+00    4.98047e-01
    2.38271e+20         5.33741e+00    4.98047e-01
    2.38271e+20         4.89747e+00    4.98047e-01
    2.38271e+20         4.63619e+00    4.98047e-01
    2.38271e+20         4.34465e+00    4.98047e-01
    2.38271e+20         4.01265e+00    4.98047e-01
    2.38271e+20         3.62346e+00    4.98047e-01
    2.38271e+20         3.38481e+00    4.98047e-01
    2.38271e+20         3.11132e+00    4.98047e-01
    2.38271e+20         2.94948e+00    4.98047e-01
    2.38271e+20         2.76940e+00    4.98047e-01
    2.38271e+20         2.56513e+00    4.98047e-01
    2.38271e+20         2.32703e+00    4.98047e-01
    2.38271e+20         2.18237e+00    4.98047e-01
    2.38271e+20         2.01790e+00    4.98047e-01
    2.38271e+20         1.82553e+00    4.98047e-01
    2.38271e+20         1.70800e+00    4.98047e-01
    2.38271e+20         1.57374e+00    4.98047e-01
    2.38271e+20         1.49467e+00    4.98047e-01
    2.38271e+20         1.40701e+00    4.98047e-01
    2.38271e+20         1.30809e+00    4.98047e-01
    2.38271e+20         1.19364e+00    4.98047e-01
    2.38271e+20         1.12492e+00    4.98047e-01
    2.38271e+20         1.04754e+00    4.98047e-01
    2.38271e+20         9.58315e-01    4.98047e-01
    2.38271e+20         9.05005e-01    4.98047e-01
    2.38271e+20         8.45230e-01    4.98047e-01
    2.38271e+20         7.76701e-01    4.98047e-01
    2.38271e+20         7.36123e-01    4.98047e-01
    2.38271e+20         6.90949e-01    4.98047e-01
    2.38271e+20         6.39674e-01    4.98047e-01
    2.38271e+20         5.79850e-01    4.98047e-01
    2.38271e+20         5.43447e-01    4.98047e-01
    2.38271e+20         5.02004e-01    4.98047e-01
    2.38271e+20         4.53436e-01    4.98047e-01
    2.38271e+20         4.23671e-01    4.98047e-01
    2.38271e+20         3.89578e-01    4.98047e-01
    2.38271e+20         3.69416e-01    4.98047e-01
    2.38271e+20         3.46994e-01    4.98047e-01
    2.38271e+20         3.21581e-01    4.98047e-01
    2.38271e+20         2.91993e-01    4.98047e-01
    2.38271e+20         2.74048e-01    4.98047e-01
    2.38271e+20         2.53677e-01    4.98047e-01
    2.38271e+20         2.29902e-01    4.98047e-01
    2.38271e+20         2.15430e-01    4.98047e-01
    2.38271e+20         1.98947e-01    4.98047e-01
    2.38271e+20         1.79619e-01    4.98047e-01
    2.38271e+20         1.67764e-01    4.98047e-01
    2.38271e+20         1.54174e-01    4.98047e-01
    2.38271e+20         1.46129e-01    4.98047e-01
    2.38271e+20         1.37173e-01    4.98047e-01
    2.38271e+20         1.27009e-01    4.98047e-01
    2.38271e+20         1.15154e-01    4.98047e-01
    2.38271e+20         1.07943e-01    4.98047e-01
    2.38271e+20         9.97358e-02    4.98047e-01
    2.38271e+20         9.01230e-02    4.98047e-01
    2.38271e+20         8.42365e-02    4.98047e-01
    2.38271e+20         7.74986e-02    4.98047e-01
    2.38271e+20         7.35184e-02    4.98047e-01
    2.38271e+20         6.90956e-02    4.98047e-01
    2.38271e+20         6.40884e-02    4.98047e-01
    2.38271e+20         5.82682e-02    4.98047e-01
    2.38271e+20         5.47477e-02    4.98047e-01
    2.38271e+20         5.07600e-02    4.98047e-01
    2.38271e+20         4.61210e-02    4.98047e-01
    2.38271e+20         4.33114e-02    4.98047e-01
    2.38271e+20         4.01256e-02    4.98047e-01
    2.38271e+20         3.64137e-02    4.98047e-01
    2.38271e+20         3.41601e-02    4.98047e-01
    2.38271e+20         3.15994e-02    4.98047e-01
    2.38271e+20         2.86068e-02    4.98047e-01
    2.38271e+20         2.67810e-02    4.98047e-01
    2.38271e+20         2.46979e-02    4.98047e-01
    2.38271e+20         2.22485e-02    4.98047e-01
    2.38271e+20         2.07393e-02    4.98047e-01
    2.38271e+20         1.90025e-02    4.98047e-01
    2.38271e+20         1.79681e-02    4.98047e-01
    2.38271e+20         1.68112e-02    4.98047e-01
    2.38271e+20         1.54895e-02    4.98047e-01
    2.38271e+20         1.47111e-02    4.98047e-01
    2.38271e+20         1.38482e-02    4.98047e-01
    2.38271e+20         1.28743e-02    4.98047e-01
    2.38271e+20         1.17475e-02    4.98047e-01
    2.38271e+20         1.10709e-02    4.98047e-01
    2.38271e+20         1.03090e-02    4.98047e-01
    2.38271e+20         9.43032e-03    4.98047e-01
    2.38271e+20         8.90530e-03    4.98047e-01
    2.38271e+20         8.31656e-03    4.98047e-01
    2.38271e+20         7.64150e-03    4.98047e-01
    2.38271e+20         7.24171e-03    4.98047e-01
    2.38271e+20         6.79655e-03    4.98047e-01
    2.38271e+20         6.29118e-03    4.98047e-01
    2.38271e+20         5.70134e-03    4.98047e-01
    2.38271e+20         5.34225e-03    4.98047e-01
    2.38271e+20         4.93325e-03    4.98047e-01
    2.38271e+20         4.45363e-03    4.98047e-01
    2.38271e+20         4.15939e-03    4.98047e-01
    2.38271e+20         3.82204e-03    4.98047e-01
    2.38271e+20         3.62228e-03    4.98047e-01
    2.38271e+20         3.39988e-03    4.98047e-01
    2.38271e+20         3.14743e-03    4.98047e-01
    2.38271e+20         2.85285e-03    4.98047e-01
    2.38271e+20         2.67358e-03    4.98047e-01
    2.38271e+20         2.46946e-03    4.98047e-01
    2.38271e+20         2.23020e-03    4.98047e-01
    2.38271e+20         2.08352e-03    4.98047e-01
    2.38271e+20         1.91547e-03    4.98047e-01
    2.38271e+20         1.81605e-03    4.98047e-01
    2.38271e+20         1.70545e-03    4.98047e-01
    2.38271e+20         1.58004e-03    4.98047e-01
    2.38271e+20         1.43393e-03    4.98047e-01
    2.38271e+20         1.34523e-03    4.98047e-01
    2.38271e+20         1.24445e-03    4.98047e-01
    2.38271e+20         1.12668e-03    4.98047e-01
    2.38271e+20         1.05484e-03    4.98047e-01
    2.38271e+20         9.72883e-04    4.98047e-01
    2.38271e+20         8.76537e-04    4.98047e-01
    2.38271e+20         8.17193e-04    4.98047e-01
    2.38271e+20         7.48915e-04    4.98047e-01
    2.38271e+20         7.08268e-04    4.98047e-01
    2.38271e+20         6.62822e-04    4.98047e-01
    2.38271e+20         6.10930e-04    4.98047e-01
    2.38271e+20         5.49848e-04    4.98047e-01
    2.38271e+20         5.12145e-04    4.98047e-01
    2.38271e+20         4.68686e-04    4.98047e-01
    2.38271e+20         4.42740e-04    4.98047e-01
    2.38271e+20         4.13664e-04    4.98047e-01
    2.38271e+20         3.80357e-04    4.98047e-01
    2.38271e+20         3.60659e-04    4.98047e-01
    2.38271e+20         3.38750e-04    4.98047e-01
    2.38271e+20         3.13917e-04    4.98047e-01
    2.38271e+20         2.84998e-04    4.98047e-01
    2.38271e+20         2.67456e-04    4.98047e-01
    2.38271e+20         2.47536e-04    4.98047e-01
    2.38271e+20         2.24282e-04    4.98047e-01
    2.38271e+20         2.10119e-04    4.98047e-01
    2.38271e+20         1.93983e-04    4.98047e-01
    2.38271e+20         1.75050e-04    4.98047e-01
    2.38271e+20         1.63425e-04    4.98047e-01
    2.38271e+20         1.50087e-04    4.98047e-01
    2.38271e+20         1.42181e-04    4.98047e-01
    2.38271e+20         1.33370e-04    4.98047e-01
    2.38271e+20         1.23357e-04    4.98047e-01
    2.38271e+20         1.11653e-04    4.98047e-01
    2.38271e+20         1.04509e-04    4.98047e-01
    2.38271e+20         9.63554e-05    4.98047e-01
    2.38271e+20         8.67635e-05    4.98047e-01
    2.38271e+20         8.08486e-05    4.98047e-01
    2.38271e+20         7.40365e-05    4.98047e-01
    2.38271e+20         6.99749e-05    4.98047e-01
    2.38271e+20         6.54280e-05    4.98047e-01
    2.38271e+20         6.02272e-05    4.98047e-01
    2.38271e+20         5.71584e-05    4.98047e-01
    2.38271e+20         5.37511e-05    4.98047e-01
    2.38271e+20         4.98982e-05    4.98047e-01
    2.38271e+20         4.54273e-05    4.98047e-01
    2.38271e+20         4.27302e-05    4.98047e-01
    2.38271e+20         3.96818e-05    4.98047e-01
    2.38271e+20         3.61472e-05    4.98047e-01
    2.38271e+20         3.40173e-05    4.98047e-01
    2.38271e+20         3.16123e-05    4.98047e-01
    2.38271e+20         2.88276e-05    4.98047e-01
    2.38271e+20         2.71532e-05    4.98047e-01
    2.38271e+20         2.52659e-05    4.98047e-01


