              t                   M              a
    1.23833e-21         1.00000e+17    8.00000e-01
    2.47665e-21         1.00000e+17    8.00000e-01
    4.95331e-21         1.00000e+17    8.00000e-01
    9.90662e-21         1.00000e+17    8.00000e-01
    1.98132e-20         1.00000e+17    8.00000e-01
    3.96265e-20         1.00000e+17    8.00000e-01
    7.92530e-20         1.00000e+17    8.00000e-01
    1.58506e-19         1.00000e+17    8.00000e-01
    3.17012e-19         1.00000e+17    8.00000e-01
    6.34024e-19         1.00000e+17    8.00000e-01
    1.26805e-18         1.00000e+17    8.00000e-01
    2.53609e-18         1.00000e+17    8.00000e-01
    5.07219e-18         1.00000e+17    8.00000e-01
    1.01444e-17         1.00000e+17    8.00000e-01
    2.02888e-17         1.00000e+17    8.00000e-01
    4.05775e-17         1.00000e+17    8.00000e-01
    8.11550e-17         1.00000e+17    8.00000e-01
    1.62310e-16         1.00000e+17    8.00000e-01
    3.24620e-16         1.00000e+17    8.00000e-01
    6.49240e-16         1.00000e+17    8.00000e-01
    1.29848e-15         1.00000e+17    8.00000e-01
    2.59696e-15         1.00000e+17    8.00000e-01
    5.19392e-15         1.00000e+17    8.00000e-01
    1.03878e-14         1.00000e+17    8.00000e-01
    2.07757e-14         1.00000e+17    8.00000e-01
    4.15514e-14         1.00000e+17    8.00000e-01
    8.31027e-14         1.00000e+17    8.00000e-01
    1.66205e-13         1.00000e+17    8.00000e-01
    3.32411e-13         1.00000e+17    8.00000e-01
    6.64822e-13         1.00000e+17    8.00000e-01
    1.32964e-12         1.00000e+17    8.00000e-01
    2.65929e-12         1.00000e+17    8.00000e-01
    5.31858e-12         1.00000e+17    8.00000e-01
    1.06372e-11         1.00000e+17    8.00000e-01
    2.12743e-11         1.00000e+17    8.00000e-01
    4.25486e-11         1.00000e+17    8.00000e-01
    8.50972e-11         1.00000e+17    8.00000e-01
    1.70194e-10         1.00000e+17    8.00000e-01
    3.40389e-10         1.00000e+17    8.00000e-01
    6.80778e-10         1.00000e+17    8.00000e-01
    1.36156e-09         1.00000e+17    8.00000e-01
    2.72311e-09         1.00000e+17    8.00000e-01
    5.44622e-09         1.00000e+17    8.00000e-01
    1.08924e-08         1.00000e+17    8.00000e-01
    2.17849e-08         1.00000e+17    8.00000e-01
    4.35698e-08         1.00000e+17    8.00000e-01
    8.71395e-08         1.00000e+17    8.00000e-01
    1.74279e-07         1.00000e+17    8.00000e-01
    3.48558e-07         1.00000e+17    8.00000e-01
    6.97116e-07         1.00000e+17    8.00000e-01
    1.39423e-06         1.00000e+17    8.00000e-01
    2.78847e-06         1.00000e+17    8.00000e-01
    5.57693e-06         1.00000e+17    8.00000e-01
    1.11539e-05         1.00000e+17    8.00000e-01
    2.23077e-05         1.00000e+17    8.00000e-01
    4.46154e-05         1.00000e+17    8.00000e-01
    8.92309e-05         1.00000e+17    8.00000e-01
    1.78462e-04         1.00000e+17    8.00000e-01
    3.56924e-04         1.00000e+17    8.00000e-01
    7.13847e-04         1.00000e+17    8.00000e-01
    1.42769e-03         1.00000e+17    8.00000e-01
    2.85539e-03         1.00000e+17    8.00000e-01
    5.71078e-03         1.00000e+17    8.00000e-01
    1.14216e-02         1.00000e+17    8.00000e-01
    2.28431e-02         1.00000e+17    8.00000e-01
    4.56862e-02         1.00000e+17    8.00000e-01
    9.13724e-02         1.00000e+17    8.00000e-01
    1.82745e-01         1.00000e+17    8.00000e-01
    3.65490e-01         1.00000e+17    8.00000e-01
    7.30979e-01         1.00000e+17    8.00000e-01
    1.46196e+00         1.00000e+17    8.00000e-01
    2.92392e+00         1.00000e+17    8.00000e-01
    5.84784e+00         1.00000e+17    8.00000e-01
    1.16957e+01         1.00000e+17    8.00000e-01
    2.33913e+01         1.00000e+17    8.00000e-01
    4.67827e+01         1.00000e+17    8.00000e-01
    9.35654e+01         1.00000e+17    8.00000e-01
    1.87131e+02         1.00000e+17    8.00000e-01
    3.74261e+02         1.00000e+17    8.00000e-01
    7.48523e+02         1.00000e+17    8.00000e-01
    1.49705e+03         1.00000e+17    8.00000e-01
    2.99409e+03         1.00000e+17    8.00000e-01
    5.98818e+03         1.00000e+17    8.00000e-01
    1.19764e+04         1.00000e+17    8.00000e-01
    2.39527e+04         1.00000e+17    8.00000e-01
    4.79055e+04         1.00000e+17    8.00000e-01
    9.58109e+04         1.00000e+17    8.00000e-01
    1.91622e+05         1.00000e+17    8.00000e-01
    3.83244e+05         1.00000e+17    8.00000e-01
    7.66488e+05         1.00000e+17    8.00000e-01
    1.53298e+06         1.00000e+17    8.00000e-01
    3.06595e+06         1.00000e+17    8.00000e-01
    6.13190e+06         1.00000e+17    8.00000e-01
    1.22638e+07         1.00000e+17    8.00000e-01
    2.45276e+07         1.00000e+17    8.00000e-01
    4.90552e+07         1.00000e+17    8.00000e-01
    9.81104e+07         1.00000e+17    8.00000e-01
    1.96221e+08         1.00000e+17    8.00000e-01
    3.92442e+08         9.99999e+16    7.99999e-01
    7.84883e+08         9.99999e+16    7.99998e-01
    1.56977e+09         9.99997e+16    7.99996e-01
    3.13953e+09         9.99995e+16    7.99993e-01
    6.27907e+09         9.99990e+16    7.99986e-01
    1.25581e+10         9.99980e+16    7.99971e-01
    2.51163e+10         9.99959e+16    7.99943e-01
    5.02325e+10         9.99918e+16    7.99886e-01
    1.00465e+11         9.99837e+16    7.99771e-01
    2.00930e+11         9.99674e+16    7.99542e-01
    4.01860e+11         9.99348e+16    7.99085e-01
    8.03720e+11         9.98698e+16    7.98173e-01
    1.60744e+12         9.97401e+16    7.96355e-01
    3.21488e+12         9.94824e+16    7.92748e-01
    6.42976e+12         9.89735e+16    7.85648e-01
    1.28595e+13         9.79738e+16    7.71793e-01
    1.92893e+13         9.69995e+16    7.58635e-01
    2.57191e+13         9.60497e+16    7.46149e-01
    3.21488e+13         9.51144e+16    7.34190e-01
    3.85786e+13         9.41922e+16    7.22639e-01
    4.50083e+13         9.32750e+16    7.11592e-01
    5.14381e+13         9.23609e+16    7.00933e-01
    5.78679e+13         9.14435e+16    6.90664e-01
    6.42976e+13         9.05220e+16    6.80773e-01
    7.07274e+13         8.95962e+16    6.71226e-01
    7.71572e+13         8.86566e+16    6.62006e-01
    8.35869e+13         8.77022e+16    6.53103e-01
    9.00167e+13         8.67325e+16    6.44497e-01
    9.64465e+13         8.57473e+16    6.36153e-01
    1.02876e+14         8.47420e+16    6.28031e-01
    1.09306e+14         8.37150e+16    6.20125e-01
    1.15736e+14         8.26647e+16    6.12433e-01
    1.22166e+14         8.15891e+16    6.04951e-01
    1.28595e+14         8.04834e+16    5.97680e-01
    1.35025e+14         7.93363e+16    5.90704e-01
    1.41455e+14         7.81538e+16    5.83904e-01
    1.47885e+14         7.69328e+16    5.77277e-01
    1.54314e+14         7.56699e+16    5.70822e-01
    1.60744e+14         7.43653e+16    5.64467e-01
    1.67174e+14         7.30071e+16    5.58272e-01
    1.73604e+14         7.15915e+16    5.52214e-01
    1.80033e+14         7.01112e+16    5.46317e-01
    1.86463e+14         6.85585e+16    5.40589e-01
    1.92893e+14         6.69243e+16    5.35037e-01
    1.99323e+14         6.52115e+16    5.29454e-01
    2.05752e+14         6.33912e+16    5.24071e-01
    2.12182e+14         6.14464e+16    5.18907e-01
    2.18612e+14         5.93573e+16    5.13963e-01
    2.25042e+14         5.70972e+16    5.09267e-01
    2.31471e+14         5.46275e+16    5.04901e-01
    2.37901e+14         5.19106e+16    5.00722e-01
    2.44331e+14         4.88779e+16    4.96809e-01
    2.50761e+14         4.54196e+16    4.93353e-01
    2.57191e+14         4.13689e+16    4.90522e-01
    2.60405e+14         3.89027e+16    4.89489e-01
    2.63620e+14         3.61014e+16    4.88670e-01
    2.66835e+14         3.28287e+16    4.88275e-01
    2.68443e+14         3.08376e+16    4.88396e-01
    2.70050e+14         2.85757e+16    4.88696e-01
    2.71658e+14         2.59344e+16    4.89259e-01
    2.72461e+14         2.43261e+16    4.89760e-01
    2.73265e+14         2.24953e+16    4.90423e-01
    2.74069e+14         2.03511e+16    4.91294e-01
    2.74471e+14         1.90396e+16    4.91871e-01
    2.74872e+14         1.75399e+16    4.92563e-01
    2.75073e+14         1.66557e+16    4.92989e-01
    2.75274e+14         1.56749e+16    4.93465e-01
    2.75475e+14         1.45670e+16    4.94005e-01
    2.75676e+14         1.32838e+16    4.94635e-01
    2.75777e+14         1.25119e+16    4.95016e-01
    2.75877e+14         1.16417e+16    4.95440e-01
    2.75978e+14         1.06365e+16    4.95917e-01
    2.76028e+14         1.00343e+16    4.96197e-01
    2.76078e+14         9.35751e+15    4.96508e-01
    2.76128e+14         8.57929e+15    4.96854e-01
    2.76153e+14         8.11636e+15    4.97052e-01
    2.76178e+14         7.59909e+15    4.97268e-01
    2.76204e+14         7.00898e+15    4.97508e-01
    2.76229e+14         6.31530e+15    4.97779e-01
    2.76241e+14         5.88807e+15    4.97937e-01
    2.76254e+14         5.39659e+15    4.98111e-01
    2.76260e+14         5.10404e+15    4.98209e-01
    2.76266e+14         4.77701e+15    4.98316e-01
    2.76273e+14         4.40365e+15    4.98433e-01
    2.76279e+14         3.96431e+15    4.98564e-01
    2.76282e+14         3.69325e+15    4.98640e-01
    2.76285e+14         3.38094e+15    4.98723e-01
    2.76287e+14         3.19460e+15    4.98770e-01
    2.76288e+14         2.98589e+15    4.98820e-01
    2.76290e+14         2.74699e+15    4.98875e-01
    2.76291e+14         2.60586e+15    4.98906e-01
    2.76291e+14         2.44902e+15    4.98939e-01
    2.76292e+14         2.27146e+15    4.98975e-01
    2.76293e+14         2.06505e+15    4.99015e-01
    2.76293e+14         1.94019e+15    4.99037e-01
    2.76294e+14         1.79873e+15    4.99061e-01
    2.76294e+14         1.63415e+15    4.99088e-01
    2.76294e+14         1.53446e+15    4.99103e-01
    2.76295e+14         1.42138e+15    4.99120e-01
    2.76295e+14         1.28960e+15    4.99138e-01
    2.76295e+14         1.20956e+15    4.99148e-01
    2.76295e+14         1.11857e+15    4.99159e-01
    2.76295e+14         1.01217e+15    4.99171e-01
    2.76295e+14         9.47204e+14    4.99178e-01
    2.76295e+14         8.73017e+14    4.99186e-01
    2.76295e+14         8.29352e+14    4.99190e-01
    2.76295e+14         7.80968e+14    4.99194e-01
    2.76295e+14         7.26403e+14    4.99199e-01
    2.76295e+14         6.63332e+14    4.99204e-01
    2.76295e+14         6.25515e+14    4.99207e-01
    2.76295e+14         5.82987e+14    4.99210e-01
    2.76295e+14         5.34029e+14    4.99214e-01
    2.76295e+14         5.04855e+14    4.99216e-01
    2.76295e+14         4.72212e+14    4.99218e-01
    2.76295e+14         4.34900e+14    4.99220e-01
    2.76295e+14         4.12906e+14    4.99221e-01
    2.76295e+14         3.88506e+14    4.99223e-01
    2.76295e+14         3.60945e+14    4.99224e-01
    2.76295e+14         3.29015e+14    4.99226e-01
    2.76295e+14         3.09800e+14    4.99226e-01
    2.76295e+14         2.88128e+14    4.99227e-01
    2.76295e+14         2.63074e+14    4.99228e-01
    2.76295e+14         2.48047e+14    4.99229e-01
    2.76295e+14         2.31144e+14    4.99230e-01
    2.76295e+14         2.11678e+14    4.99230e-01
    2.76295e+14         2.00073e+14    4.99231e-01
    2.76295e+14         1.87083e+14    4.99231e-01
    2.76295e+14         1.72226e+14    4.99232e-01
    2.76295e+14         1.63461e+14    4.99232e-01
    2.76295e+14         1.53730e+14    4.99232e-01
    2.76295e+14         1.42729e+14    4.99232e-01
    2.76295e+14         1.29966e+14    4.99233e-01
    2.76295e+14         1.22269e+14    4.99233e-01
    2.76295e+14         1.13574e+14    4.99233e-01
    2.76295e+14         1.03496e+14    4.99233e-01
    2.76295e+14         9.74273e+13    4.99233e-01
    2.76295e+14         9.05795e+13    4.99233e-01
    2.76295e+14         8.26572e+13    4.99234e-01
    2.76295e+14         7.79004e+13    4.99234e-01
    2.76295e+14         7.25449e+13    4.99234e-01
    2.76295e+14         6.63695e+13    4.99234e-01
    2.76295e+14         6.26805e+13    4.99234e-01
    2.76295e+14         5.85445e+13    4.99234e-01
    2.76295e+14         5.38034e+13    4.99234e-01
    2.76295e+14         5.09967e+13    4.99234e-01
    2.76295e+14         4.78725e+13    4.99234e-01
    2.76295e+14         4.43272e+13    4.99234e-01
    2.76295e+14         4.01922e+13    4.99234e-01
    2.76295e+14         3.76774e+13    4.99234e-01
    2.76295e+14         3.48157e+13    4.99234e-01
    2.76295e+14         3.14642e+13    4.99234e-01
    2.76295e+14         2.94124e+13    4.99234e-01
    2.76295e+14         2.70644e+13    4.99234e-01
    2.76295e+14         2.56779e+13    4.99234e-01
    2.76295e+14         2.41375e+13    4.99234e-01
    2.76295e+14         2.23944e+13    4.99234e-01
    2.76295e+14         2.03692e+13    4.99234e-01
    2.76295e+14         1.91453e+13    4.99234e-01
    2.76295e+14         1.77599e+13    4.99234e-01
    2.76295e+14         1.61499e+13    4.99234e-01
    2.76295e+14         1.51765e+13    4.99234e-01
    2.76295e+14         1.40741e+13    4.99234e-01
    2.76295e+14         1.27923e+13    4.99234e-01
    2.76295e+14         1.20165e+13    4.99234e-01
    2.76295e+14         1.11373e+13    4.99234e-01
    2.76295e+14         1.01138e+13    4.99234e-01
    2.76295e+14         9.49325e+12    4.99234e-01
    2.76295e+14         8.78892e+12    4.99234e-01
    2.76295e+14         7.96717e+12    4.99234e-01
    2.76295e+14         7.46717e+12    4.99234e-01
    2.76295e+14         6.89796e+12    4.99234e-01
    2.76295e+14         6.23094e+12    4.99234e-01
    2.76295e+14         5.82221e+12    4.99234e-01
    2.76295e+14         5.35407e+12    4.99234e-01
    2.76295e+14         5.07728e+12    4.99234e-01
    2.76295e+14         4.76949e+12    4.99234e-01
    2.76295e+14         4.42069e+12    4.99234e-01
    2.76295e+14         4.01468e+12    4.99234e-01
    2.76295e+14         3.76854e+12    4.99234e-01
    2.76295e+14         3.48919e+12    4.99234e-01
    2.76295e+14         3.16332e+12    4.99234e-01
    2.76295e+14         2.96509e+12    4.99234e-01
    2.76295e+14         2.73947e+12    4.99234e-01
    2.76295e+14         2.47515e+12    4.99234e-01
    2.76295e+14         2.31326e+12    4.99234e-01
    2.76295e+14         2.12791e+12    4.99234e-01
    2.76295e+14         2.01839e+12    4.99234e-01
    2.76295e+14         1.89667e+12    4.99234e-01
    2.76295e+14         1.75881e+12    4.99234e-01
    2.76295e+14         1.59850e+12    4.99234e-01
    2.76295e+14         1.50146e+12    4.99234e-01
    2.76295e+14         1.39148e+12    4.99234e-01
    2.76295e+14         1.26342e+12    4.99234e-01
    2.76295e+14         1.18575e+12    4.99234e-01
    2.76295e+14         1.09757e+12    4.99234e-01
    2.76295e+14         9.94659e+11    4.99234e-01
    2.76295e+14         9.32003e+11    4.99234e-01
    2.76295e+14         8.60639e+11    4.99234e-01
    2.76295e+14         7.76951e+11    4.99234e-01
    2.76295e+14         7.25606e+11    4.99234e-01
    2.76295e+14         6.66739e+11    4.99234e-01
    2.76295e+14         6.31878e+11    4.99234e-01
    2.76295e+14         5.93064e+11    4.99234e-01
    2.76295e+14         5.49004e+11    4.99234e-01
    2.76295e+14         4.97588e+11    4.99234e-01
    2.76295e+14         4.66293e+11    4.99234e-01
    2.76295e+14         4.30656e+11    4.99234e-01
    2.76295e+14         3.88877e+11    4.99234e-01
    2.76295e+14         3.63258e+11    4.99234e-01
    2.76295e+14         3.33898e+11    4.99234e-01
    2.76295e+14         3.16522e+11    4.99234e-01
    2.76295e+14         2.97187e+11    4.99234e-01
    2.76295e+14         2.75254e+11    4.99234e-01
    2.76295e+14         2.49686e+11    4.99234e-01
    2.76295e+14         2.34150e+11    4.99234e-01
    2.76295e+14         2.16484e+11    4.99234e-01
    2.76295e+14         1.95817e+11    4.99234e-01
    2.76295e+14         1.83188e+11    4.99234e-01
    2.76295e+14         1.68756e+11    4.99234e-01
    2.76295e+14         1.60254e+11    4.99234e-01
    2.76295e+14         1.50825e+11    4.99234e-01
    2.76295e+14         1.40180e+11    4.99234e-01
    2.76295e+14         1.27858e+11    4.99234e-01
    2.76295e+14         1.20452e+11    4.99234e-01
    2.76295e+14         1.12107e+11    4.99234e-01
    2.76295e+14         1.02474e+11    4.99234e-01
    2.76295e+14         9.67093e+10    4.99234e-01
    2.76295e+14         9.02368e+10    4.99234e-01
    2.76295e+14         8.28025e+10    4.99234e-01
    2.76295e+14         7.83878e+10    4.99234e-01
    2.76295e+14         7.34620e+10    4.99234e-01
    2.76295e+14         6.78534e+10    4.99234e-01
    2.76295e+14         6.12793e+10    4.99234e-01
    2.76295e+14         5.72491e+10    4.99234e-01
    2.76295e+14         5.26316e+10    4.99234e-01
    2.76295e+14         4.98999e+10    4.99234e-01
    2.76295e+14         4.68610e+10    4.99234e-01
    2.76295e+14         4.34152e+10    4.99234e-01
    2.76295e+14         3.94006e+10    4.99234e-01
    2.76295e+14         3.69635e+10    4.99234e-01
    2.76295e+14         3.41943e+10    4.99234e-01
    2.76295e+14         3.09586e+10    4.99234e-01
    2.76295e+14         2.89848e+10    4.99234e-01
    2.76295e+14         2.67330e+10    4.99234e-01
    2.76295e+14         2.40860e+10    4.99234e-01
    2.76295e+14         2.24556e+10    4.99234e-01
    2.76295e+14         2.05798e+10    4.99234e-01
    2.76295e+14         1.94631e+10    4.99234e-01
    2.76295e+14         1.82147e+10    4.99234e-01
    2.76295e+14         1.67892e+10    4.99234e-01
    2.76295e+14         1.51114e+10    4.99234e-01
    2.76295e+14         1.40759e+10    4.99234e-01
    2.76295e+14         1.28824e+10    4.99234e-01
    2.76295e+14         1.21699e+10    4.99234e-01
    2.76295e+14         1.13717e+10    4.99234e-01
    2.76295e+14         1.04574e+10    4.99234e-01
    2.76295e+14         9.91676e+09    4.99234e-01
    2.76295e+14         9.31563e+09    4.99234e-01
    2.76295e+14         8.63442e+09    4.99234e-01
    2.76295e+14         7.84147e+09    4.99234e-01
    2.76295e+14         7.36076e+09    4.99234e-01
    2.76295e+14         6.81521e+09    4.99234e-01
    2.76295e+14         6.17882e+09    4.99234e-01
    2.76295e+14         5.79171e+09    4.99234e-01
    2.76295e+14         5.35112e+09    4.99234e-01
    2.76295e+14         4.83499e+09    4.99234e-01
    2.76295e+14         4.51888e+09    4.99234e-01
    2.76295e+14         4.15701e+09    4.99234e-01
    2.76295e+14         3.94320e+09    4.99234e-01
    2.76295e+14         3.70557e+09    4.99234e-01
    2.76295e+14         3.43650e+09    4.99234e-01
    2.76295e+14         3.12363e+09    4.99234e-01
    2.76295e+14         2.93429e+09    4.99234e-01
    2.76295e+14         2.71973e+09    4.99234e-01
    2.76295e+14         2.46998e+09    4.99234e-01
    2.76295e+14         2.31857e+09    4.99234e-01
    2.76295e+14         2.14674e+09    4.99234e-01
    2.76295e+14         1.94631e+09    4.99234e-01
    2.76295e+14         1.82439e+09    4.99234e-01
    2.76295e+14         1.68563e+09    4.99234e-01
    2.76295e+14         1.52309e+09    4.99234e-01
    2.76295e+14         1.42354e+09    4.99234e-01
    2.76295e+14         1.30959e+09    4.99234e-01
    2.76295e+14         1.24227e+09    4.99234e-01
    2.76295e+14         1.16745e+09    4.99234e-01
    2.76295e+14         1.08273e+09    4.99234e-01
    2.76295e+14         9.84239e+08    4.99234e-01
    2.76295e+14         9.24645e+08    4.99234e-01
    2.76295e+14         8.57120e+08    4.99234e-01
    2.76295e+14         7.78538e+08    4.99234e-01
    2.76295e+14         7.30915e+08    4.99234e-01
    2.76295e+14         6.76883e+08    4.99234e-01
    2.76295e+14         6.13882e+08    4.99234e-01
    2.76295e+14         5.75583e+08    4.99234e-01
    2.76295e+14         5.32019e+08    4.99234e-01
    2.76295e+14         4.81027e+08    4.99234e-01
    2.76295e+14         4.49840e+08    4.99234e-01
    2.76295e+14         4.14178e+08    4.99234e-01
    2.76295e+14         3.93145e+08    4.99234e-01
    2.76295e+14         3.69800e+08    4.99234e-01
    2.76295e+14         3.43415e+08    4.99234e-01
    2.76295e+14         3.12820e+08    4.99234e-01
    2.76295e+14         2.94384e+08    4.99234e-01
    2.76295e+14         2.73566e+08    4.99234e-01
    2.76295e+14         2.49460e+08    4.99234e-01
    2.76295e+14         2.34965e+08    4.99234e-01
    2.76295e+14         2.18626e+08    4.99234e-01
    2.76295e+14         1.99753e+08    4.99234e-01
    2.76295e+14         1.88450e+08    4.99234e-01
    2.76295e+14         1.75750e+08    4.99234e-01
    2.76295e+14         1.61148e+08    4.99234e-01
    2.76295e+14         1.52464e+08    4.99234e-01
    2.76295e+14         1.42762e+08    4.99234e-01
    2.76295e+14         1.31698e+08    4.99234e-01
    2.76295e+14         1.18696e+08    4.99234e-01
    2.76295e+14         1.10692e+08    4.99234e-01
    2.76295e+14         1.01490e+08    4.99234e-01
    2.76295e+14         9.60162e+07    4.99234e-01
    2.76295e+14         8.99009e+07    4.99234e-01
    2.76295e+14         8.29253e+07    4.99234e-01
    2.76295e+14         7.47267e+07    4.99234e-01
    2.76295e+14         6.96786e+07    4.99234e-01
    2.76295e+14         6.38726e+07    4.99234e-01
    2.76295e+14         6.04178e+07    4.99234e-01
    2.76295e+14         5.65566e+07    4.99234e-01
    2.76295e+14         5.21502e+07    4.99234e-01
    2.76295e+14         4.69678e+07    4.99234e-01
    2.76295e+14         4.37732e+07    4.99234e-01
    2.76295e+14         4.00952e+07    4.99234e-01
    2.76295e+14         3.79034e+07    4.99234e-01
    2.76295e+14         3.54508e+07    4.99234e-01
    2.76295e+14         3.26470e+07    4.99234e-01
    2.76295e+14         3.09940e+07    4.99234e-01
    2.76295e+14         2.91600e+07    4.99234e-01
    2.76295e+14         2.70881e+07    4.99234e-01
    2.76295e+14         2.46870e+07    4.99234e-01
    2.76295e+14         2.32416e+07    4.99234e-01
    2.76295e+14         2.16108e+07    4.99234e-01
    2.76295e+14         1.97246e+07    4.99234e-01
    2.76295e+14         1.85925e+07    4.99234e-01
    2.76295e+14         1.73183e+07    4.99234e-01
    2.76295e+14         1.58498e+07    4.99234e-01
    2.76295e+14         1.49731e+07    4.99234e-01
    2.76295e+14         1.39908e+07    4.99234e-01
    2.76295e+14         1.28658e+07    4.99234e-01
    2.76295e+14         1.22005e+07    4.99234e-01
    2.76295e+14         1.14608e+07    4.99234e-01
    2.76295e+14         1.06225e+07    4.99234e-01
    2.76295e+14         9.64661e+06    4.99234e-01
    2.76295e+14         9.05496e+06    4.99234e-01
    2.76295e+14         8.38348e+06    4.99234e-01
    2.76295e+14         7.60012e+06    4.99234e-01
    2.76295e+14         7.12353e+06    4.99234e-01
    2.76295e+14         6.58105e+06    4.99234e-01
    2.76295e+14         5.94544e+06    4.99234e-01
    2.76295e+14         5.55605e+06    4.99234e-01
    2.76295e+14         5.11017e+06    4.99234e-01
    2.76295e+14         4.84663e+06    4.99234e-01
    2.76295e+14         4.55365e+06    4.99234e-01
    2.76295e+14         4.22176e+06    4.99234e-01
    2.76295e+14         3.83563e+06    4.99234e-01
    2.76295e+14         3.60174e+06    4.99234e-01
    2.76295e+14         3.33648e+06    4.99234e-01
    2.76295e+14         3.02737e+06    4.99234e-01
    2.76295e+14         2.83965e+06    4.99234e-01
    2.76295e+14         2.62628e+06    4.99234e-01
    2.76295e+14         2.37683e+06    4.99234e-01
    2.76295e+14         2.22455e+06    4.99234e-01
    2.76295e+14         2.05071e+06    4.99234e-01
    2.76295e+14         1.84615e+06    4.99234e-01
    2.76295e+14         1.71995e+06    4.99234e-01
    2.76295e+14         1.57455e+06    4.99234e-01
    2.76295e+14         1.48781e+06    4.99234e-01
    2.76295e+14         1.39065e+06    4.99234e-01
    2.76295e+14         1.27944e+06    4.99234e-01
    2.76295e+14         1.21375e+06    4.99234e-01
    2.76295e+14         1.14076e+06    4.99234e-01
    2.76295e+14         1.05813e+06    4.99234e-01
    2.76295e+14         9.62082e+05    4.99234e-01
    2.76295e+14         9.03995e+05    4.99234e-01
    2.76295e+14         8.38202e+05    4.99234e-01
    2.76295e+14         7.61675e+05    4.99234e-01
    2.76295e+14         7.15337e+05    4.99234e-01
    2.76295e+14         6.62801e+05    4.99234e-01
    2.76295e+14         6.01606e+05    4.99234e-01
    2.76295e+14         5.64468e+05    4.99234e-01
    2.76295e+14         5.22281e+05    4.99234e-01
    2.76295e+14         4.73005e+05    4.99234e-01
    2.76295e+14         4.42966e+05    4.99234e-01
    2.76295e+14         4.08714e+05    4.99234e-01
    2.76295e+14         3.68481e+05    4.99234e-01
    2.76295e+14         3.43732e+05    4.99234e-01
    2.76295e+14         3.15291e+05    4.99234e-01
    2.76295e+14         2.98389e+05    4.99234e-01
    2.76295e+14         2.79518e+05    4.99234e-01
    2.76295e+14         2.58013e+05    4.99234e-01
    2.76295e+14         2.32774e+05    4.99234e-01
    2.76295e+14         2.17269e+05    4.99234e-01
    2.76295e+14         1.99473e+05    4.99234e-01
    2.76295e+14         1.88916e+05    4.99234e-01
    2.76295e+14         1.77146e+05    4.99234e-01
    2.76295e+14         1.63761e+05    4.99234e-01
    2.76295e+14         1.48098e+05    4.99234e-01
    2.76295e+14         1.38522e+05    4.99234e-01
    2.76295e+14         1.27577e+05    4.99234e-01
    2.76295e+14         1.21124e+05    4.99234e-01
    2.76295e+14         1.13967e+05    4.99234e-01
    2.76295e+14         1.05882e+05    4.99234e-01
    2.76295e+14         9.65147e+04    4.99234e-01
    2.76295e+14         9.08781e+04    4.99234e-01
    2.76295e+14         8.45205e+04    4.99234e-01
    2.76295e+14         7.71705e+04    4.99234e-01
    2.76295e+14         7.27622e+04    4.99234e-01
    2.76295e+14         6.78035e+04    4.99234e-01
    2.76295e+14         6.20929e+04    4.99234e-01
    2.76295e+14         5.86883e+04    4.99234e-01
    2.76295e+14         5.48773e+04    4.99234e-01
    2.76295e+14         5.05185e+04    4.99234e-01
    2.76295e+14         4.79468e+04    4.99234e-01
    2.76295e+14         4.50919e+04    4.99234e-01
    2.76295e+14         4.18639e+04    4.99234e-01
    2.76295e+14         3.81190e+04    4.99234e-01
    2.76295e+14         3.58606e+04    4.99234e-01
    2.76295e+14         3.33088e+04    4.99234e-01
    2.76295e+14         3.03509e+04    4.99234e-01
    2.76295e+14         2.85697e+04    4.99234e-01
    2.76295e+14         2.65595e+04    4.99234e-01
    2.76295e+14         2.42334e+04    4.99234e-01
    2.76295e+14         2.28364e+04    4.99234e-01
    2.76295e+14         2.12633e+04    4.99234e-01
    2.76295e+14         1.94487e+04    4.99234e-01
    2.76295e+14         1.83642e+04    4.99234e-01
    2.76295e+14         1.71479e+04    4.99234e-01
    2.76295e+14         1.57529e+04    4.99234e-01
    2.76295e+14         1.49264e+04    4.99234e-01
    2.76295e+14         1.40058e+04    4.99234e-01
    2.76295e+14         1.29602e+04    4.99234e-01
    2.76295e+14         1.17391e+04    4.99234e-01
    2.76295e+14         1.09950e+04    4.99234e-01
    2.76295e+14         1.01467e+04    4.99234e-01
    2.76295e+14         9.15060e+03    4.99234e-01
    2.76295e+14         8.53823e+03    4.99234e-01
    2.76295e+14         7.83488e+03    4.99234e-01
    2.76295e+14         7.41723e+03    4.99234e-01
    2.76295e+14         6.95122e+03    4.99234e-01
    2.76295e+14         6.42063e+03    4.99234e-01
    2.76295e+14         5.79872e+03    4.99234e-01
    2.76295e+14         5.41750e+03    4.99234e-01
    2.76295e+14         4.98073e+03    4.99234e-01
    2.76295e+14         4.72236e+03    4.99234e-01
    2.76295e+14         4.43495e+03    4.99234e-01
    2.76295e+14         4.10909e+03    4.99234e-01
    2.76295e+14         3.72948e+03    4.99234e-01
    2.76295e+14         3.49908e+03    4.99234e-01
    2.76295e+14         3.23733e+03    4.99234e-01
    2.76295e+14         2.93154e+03    4.99234e-01
    2.76295e+14         2.74509e+03    4.99234e-01
    2.76295e+14         2.53245e+03    4.99234e-01
    2.76295e+14         2.28260e+03    4.99234e-01
    2.76295e+14         2.12884e+03    4.99234e-01
    2.76295e+14         1.95205e+03    4.99234e-01
    2.76295e+14         1.84692e+03    4.99234e-01
    2.76295e+14         1.72949e+03    4.99234e-01
    2.76295e+14         1.59556e+03    4.99234e-01
    2.76295e+14         1.43821e+03    4.99234e-01
    2.76295e+14         1.34137e+03    4.99234e-01
    2.76295e+14         1.23006e+03    4.99234e-01
    2.76295e+14         1.16387e+03    4.99234e-01
    2.76295e+14         1.08993e+03    4.99234e-01
    2.76295e+14         1.00563e+03    4.99234e-01
    2.76295e+14         9.06602e+02    4.99234e-01
    2.76295e+14         8.45680e+02    4.99234e-01
    2.76295e+14         7.75664e+02    4.99234e-01
    2.76295e+14         7.34051e+02    4.99234e-01
    2.76295e+14         6.87586e+02    4.99234e-01
    2.76295e+14         6.34628e+02    4.99234e-01
    2.76295e+14         5.72464e+02    4.99234e-01
    2.76295e+14         5.34265e+02    4.99234e-01
    2.76295e+14         4.90408e+02    4.99234e-01
    2.76295e+14         4.64383e+02    4.99234e-01
    2.76295e+14         4.35358e+02    4.99234e-01
    2.76295e+14         4.02334e+02    4.99234e-01
    2.76295e+14         3.63667e+02    4.99234e-01
    2.76295e+14         3.40003e+02    4.99234e-01
    2.76295e+14         3.12931e+02    4.99234e-01
    2.76295e+14         2.96951e+02    4.99234e-01
    2.76295e+14         2.79206e+02    4.99234e-01
    2.76295e+14         2.59133e+02    4.99234e-01
    2.76295e+14         2.35830e+02    4.99234e-01
    2.76295e+14         2.21762e+02    4.99234e-01
    2.76295e+14         2.05852e+02    4.99234e-01
    2.76295e+14         1.87389e+02    4.99234e-01
    2.76295e+14         1.76248e+02    4.99234e-01
    2.76295e+14         1.63654e+02    4.99234e-01
    2.76295e+14         1.49048e+02    4.99234e-01
    2.76295e+14         1.40243e+02    4.99234e-01
    2.76295e+14         1.30298e+02    4.99234e-01
    2.76295e+14         1.18777e+02    4.99234e-01
    2.76295e+14         1.11845e+02    4.99234e-01
    2.76295e+14         1.04027e+02    4.99234e-01
    2.76295e+14         9.49893e+01    4.99234e-01
    2.76295e+14         8.95697e+01    4.99234e-01
    2.76295e+14         8.34746e+01    4.99234e-01
    2.76295e+14         7.64567e+01    4.99234e-01
    2.76295e+14         7.22741e+01    4.99234e-01
    2.76295e+14         6.75934e+01    4.99234e-01
    2.76295e+14         6.22420e+01    4.99234e-01
    2.76295e+14         5.90863e+01    4.99234e-01
    2.76295e+14         5.55847e+01    4.99234e-01
    2.76295e+14         5.16279e+01    4.99234e-01
    2.76295e+14         4.70414e+01    4.99234e-01
    2.76295e+14         4.42792e+01    4.99234e-01
    2.76295e+14         4.11616e+01    4.99234e-01
    2.76295e+14         3.75539e+01    4.99234e-01
    2.76295e+14         3.53868e+01    4.99234e-01
    2.76295e+14         3.29461e+01    4.99234e-01
    2.76295e+14         3.01304e+01    4.99234e-01
    2.76295e+14         2.84472e+01    4.99234e-01
    2.76295e+14         2.65588e+01    4.99234e-01
    2.76295e+14         2.43924e+01    4.99234e-01
    2.76295e+14         2.31082e+01    4.99234e-01
    2.76295e+14         2.16774e+01    4.99234e-01
    2.76295e+14         2.00514e+01    4.99234e-01
    2.76295e+14         1.81510e+01    4.99234e-01
    2.76295e+14         1.69914e+01    4.99234e-01
    2.76295e+14         1.56682e+01    4.99234e-01
    2.76295e+14         1.41120e+01    4.99234e-01
    2.76295e+14         1.31529e+01    4.99234e-01
    2.76295e+14         1.20487e+01    4.99234e-01
    2.76295e+14         1.13908e+01    4.99234e-01
    2.76295e+14         1.06547e+01    4.99234e-01
    2.76295e+14         9.81340e+00    4.99234e-01
    2.76295e+14         9.31752e+00    4.99234e-01
    2.76295e+14         8.76747e+00    4.99234e-01
    2.76295e+14         8.14622e+00    4.99234e-01
    2.76295e+14         7.42661e+00    4.99234e-01
    2.76295e+14         6.99370e+00    4.99234e-01
    2.76295e+14         6.50554e+00    4.99234e-01
    2.76295e+14         5.94136e+00    4.99234e-01
    2.76295e+14         5.60316e+00    4.99234e-01
    2.76295e+14         5.22290e+00    4.99234e-01
    2.76295e+14         4.78525e+00    4.99234e-01
    2.76295e+14         4.52457e+00    4.99234e-01
    2.76295e+14         4.23298e+00    4.99234e-01
    2.76295e+14         3.89984e+00    4.99234e-01
    2.76295e+14         3.70360e+00    4.99234e-01
    2.76295e+14         3.48601e+00    4.99234e-01
    2.76295e+14         3.24040e+00    4.99234e-01
    2.76295e+14         2.95616e+00    4.99234e-01
    2.76295e+14         2.78539e+00    4.99234e-01
    2.76295e+14         2.59304e+00    4.99234e-01
    2.76295e+14         2.37110e+00    4.99234e-01
    2.76295e+14         2.23838e+00    4.99234e-01
    2.76295e+14         2.08946e+00    4.99234e-01
    2.76295e+14         1.91855e+00    4.99234e-01
    2.76295e+14         1.81720e+00    4.99234e-01
    2.76295e+14         1.70422e+00    4.99234e-01
    2.76295e+14         1.57576e+00    4.99234e-01
    2.76295e+14         1.42551e+00    4.99234e-01
    2.76295e+14         1.33372e+00    4.99234e-01
    2.76295e+14         1.22885e+00    4.99234e-01
    2.76295e+14         1.16708e+00    4.99234e-01
    2.76295e+14         1.09861e+00    4.99234e-01
    2.76295e+14         1.02133e+00    4.99234e-01
    2.76295e+14         9.31917e-01    4.99234e-01
    2.76295e+14         8.78220e-01    4.99234e-01
    2.76295e+14         8.17755e-01    4.99234e-01
    2.76295e+14         7.48018e-01    4.99234e-01
    2.76295e+14         7.06344e-01    4.99234e-01
    2.76295e+14         6.59609e-01    4.99234e-01
    2.76295e+14         6.06016e-01    4.99234e-01
    2.76295e+14         5.74271e-01    4.99234e-01
    2.76295e+14         5.38918e-01    4.99234e-01
    2.76295e+14         4.98776e-01    4.99234e-01
    2.76295e+14         4.51912e-01    4.99234e-01
    2.76295e+14         4.23368e-01    4.99234e-01
    2.76295e+14         3.90846e-01    4.99234e-01
    2.76295e+14         3.52686e-01    4.99234e-01
    2.76295e+14         3.29254e-01    4.99234e-01
    2.76295e+14         3.02367e-01    4.99234e-01
    2.76295e+14         2.86427e-01    4.99234e-01
    2.76295e+14         2.68664e-01    4.99234e-01
    2.76295e+14         2.48474e-01    4.99234e-01
    2.76295e+14         2.24869e-01    4.99234e-01
    2.76295e+14         2.10458e-01    4.99234e-01
    2.76295e+14         1.94007e-01    4.99234e-01
    2.76295e+14         1.74648e-01    4.99234e-01
    2.76295e+14         1.62703e-01    4.99234e-01
    2.76295e+14         1.48940e-01    4.99234e-01
    2.76295e+14         1.40728e-01    4.99234e-01
    2.76295e+14         1.31530e-01    4.99234e-01
    2.76295e+14         1.21000e-01    4.99234e-01
    2.76295e+14         1.14779e-01    4.99234e-01
    2.76295e+14         1.07866e-01    4.99234e-01
    2.76295e+14         1.00037e-01    4.99234e-01
    2.76295e+14         9.09356e-02    4.99234e-01
    2.76295e+14         8.54283e-02    4.99234e-01
    2.76295e+14         7.91880e-02    4.99234e-01
    2.76295e+14         7.19254e-02    4.99234e-01
    2.76295e+14         6.75237e-02    4.99234e-01
    2.76295e+14         6.25295e-02    4.99234e-01
    2.76295e+14         5.67057e-02    4.99234e-01
    2.76295e+14         5.31649e-02    4.99234e-01
    2.76295e+14         4.91368e-02    4.99234e-01
    2.76295e+14         4.44212e-02    4.99234e-01
    2.76295e+14         4.15363e-02    4.99234e-01
    2.76295e+14         3.82367e-02    4.99234e-01
    2.76295e+14         3.62898e-02    4.99234e-01
    2.76295e+14         3.41285e-02    4.99234e-01
    2.76295e+14         3.16848e-02    4.99234e-01
    2.76295e+14         2.88495e-02    4.99234e-01
    2.76295e+14         2.71396e-02    4.99234e-01
    2.76295e+14         2.52074e-02    4.99234e-01
    2.76295e+14         2.29676e-02    4.99234e-01
    2.76295e+14         2.16186e-02    4.99234e-01
    2.76295e+14         2.00961e-02    4.99234e-01
    2.76295e+14         1.83341e-02    4.99234e-01
    2.76295e+14         1.72756e-02    4.99234e-01
    2.76295e+14         1.60834e-02    4.99234e-01
    2.76295e+14         1.47080e-02    4.99234e-01
    2.76295e+14         1.38856e-02    4.99234e-01
    2.76295e+14         1.29630e-02    4.99234e-01
    2.76295e+14         1.19043e-02    4.99234e-01
    2.76295e+14         1.12766e-02    4.99234e-01
    2.76295e+14         1.05771e-02    4.99234e-01
    2.76295e+14         9.78207e-03    4.99234e-01
    2.76295e+14         8.85251e-03    4.99234e-01
    2.76295e+14         8.28499e-03    4.99234e-01
    2.76295e+14         7.63707e-03    4.99234e-01
    2.76295e+14         6.87454e-03    4.99234e-01
    2.76295e+14         6.40400e-03    4.99234e-01
    2.76295e+14         5.86178e-03    4.99234e-01
    2.76295e+14         5.53819e-03    4.99234e-01
    2.76295e+14         5.17568e-03    4.99234e-01
    2.76295e+14         4.76062e-03    4.99234e-01
    2.76295e+14         4.51532e-03    4.99234e-01
    2.76295e+14         4.24265e-03    4.99234e-01
    2.76295e+14         3.93380e-03    4.99234e-01
    2.76295e+14         3.57456e-03    4.99234e-01
    2.76295e+14         3.35701e-03    4.99234e-01
    2.76295e+14         3.11036e-03    4.99234e-01
    2.76295e+14         2.82304e-03    4.99234e-01
    2.76295e+14         2.64865e-03    4.99234e-01
    2.76295e+14         2.45053e-03    4.99234e-01
    2.76295e+14         2.21909e-03    4.99234e-01
    2.76295e+14         2.07798e-03    4.99234e-01
    2.76295e+14         1.91704e-03    4.99234e-01
    2.76295e+14         1.72795e-03    4.99234e-01
    2.76295e+14         1.61159e-03    4.99234e-01
    2.76295e+14         1.47781e-03    4.99234e-01
    2.76295e+14         1.39826e-03    4.99234e-01
    2.76295e+14         1.30940e-03    4.99234e-01
    2.76295e+14         1.20807e-03    4.99234e-01
    2.76295e+14         1.08903e-03    4.99234e-01
    2.76295e+14         1.01579e-03    4.99234e-01
    2.76295e+14         9.31607e-04    4.99234e-01
    2.76295e+14         8.81564e-04    4.99234e-01
    2.76295e+14         8.25678e-04    4.99234e-01
    2.76295e+14         7.61971e-04    4.99234e-01
    2.76295e+14         6.87166e-04    4.99234e-01
    2.76295e+14         6.41177e-04    4.99234e-01
    2.76295e+14         5.88353e-04    4.99234e-01
    2.76295e+14         5.56986e-04    4.99234e-01
    2.76295e+14         5.21987e-04    4.99234e-01
    2.76295e+14         4.82137e-04    4.99234e-01
    2.76295e+14         4.35427e-04    4.99234e-01
    2.76295e+14         4.06792e-04    4.99234e-01
    2.76295e+14         3.73985e-04    4.99234e-01
    2.76295e+14         3.54577e-04    4.99234e-01
    2.76295e+14         3.32986e-04    4.99234e-01
    2.76295e+14         3.08504e-04    4.99234e-01
    2.76295e+14         2.79983e-04    4.99234e-01
    2.76295e+14         2.62669e-04    4.99234e-01
    2.76295e+14         2.42998e-04    4.99234e-01
    2.76295e+14         2.20012e-04    4.99234e-01
    2.76295e+14         2.05993e-04    4.99234e-01
    2.76295e+14         1.90000e-04    4.99234e-01
    2.76295e+14         1.71201e-04    4.99234e-01
    2.76295e+14         1.59624e-04    4.99234e-01
    2.76295e+14         1.46307e-04    4.99234e-01
    2.76295e+14         1.38382e-04    4.99234e-01
    2.76295e+14         1.29522e-04    4.99234e-01
    2.76295e+14         1.19409e-04    4.99234e-01
    2.76295e+14         1.07511e-04    4.99234e-01
    2.76295e+14         1.00172e-04    4.99234e-01
    2.76295e+14         9.17179e-05    4.99234e-01
    2.76295e+14         8.66759e-05    4.99234e-01
    2.76295e+14         8.10302e-05    4.99234e-01
    2.76295e+14         7.45705e-05    4.99234e-01
    2.76295e+14         7.07568e-05    4.99234e-01
    2.76295e+14         6.65209e-05    4.99234e-01
    2.76295e+14         6.17284e-05    4.99234e-01
    2.76295e+14         5.61628e-05    4.99234e-01
    2.76295e+14         5.28012e-05    4.99234e-01
    2.76295e+14         4.89978e-05    4.99234e-01
    2.76295e+14         4.45812e-05    4.99234e-01
    2.76295e+14         4.19136e-05    4.99234e-01
    2.76295e+14         3.88956e-05    4.99234e-01
    2.76295e+14         3.53912e-05    4.99234e-01
    2.76295e+14         3.32748e-05    4.99234e-01
    2.76295e+14         3.08806e-05    4.99234e-01
    2.76295e+14         2.81008e-05    4.99234e-01
    2.76295e+14         2.64223e-05    4.99234e-01
    2.76295e+14         2.45237e-05    4.99234e-01


