              t                   M              a
    1.23833e-21         1.00000e+17    8.00000e-01
    2.47665e-21         1.00000e+17    8.00000e-01
    4.95331e-21         1.00000e+17    8.00000e-01
    9.90662e-21         1.00000e+17    8.00000e-01
    1.98132e-20         1.00000e+17    8.00000e-01
    3.96265e-20         1.00000e+17    8.00000e-01
    7.92530e-20         1.00000e+17    8.00000e-01
    1.58506e-19         1.00000e+17    8.00000e-01
    3.17012e-19         1.00000e+17    8.00000e-01
    6.34024e-19         1.00000e+17    8.00000e-01
    1.26805e-18         1.00000e+17    8.00000e-01
    2.53609e-18         1.00000e+17    8.00000e-01
    5.07219e-18         1.00000e+17    8.00000e-01
    1.01444e-17         1.00000e+17    8.00000e-01
    2.02888e-17         1.00000e+17    8.00000e-01
    4.05775e-17         1.00000e+17    8.00000e-01
    8.11550e-17         1.00000e+17    8.00000e-01
    1.62310e-16         1.00000e+17    8.00000e-01
    3.24620e-16         1.00000e+17    8.00000e-01
    6.49240e-16         1.00000e+17    8.00000e-01
    1.29848e-15         1.00000e+17    8.00000e-01
    2.59696e-15         1.00000e+17    8.00000e-01
    5.19392e-15         1.00000e+17    8.00000e-01
    1.03878e-14         1.00000e+17    8.00000e-01
    2.07757e-14         1.00000e+17    8.00000e-01
    4.15514e-14         1.00000e+17    8.00000e-01
    8.31027e-14         1.00000e+17    8.00000e-01
    1.66205e-13         1.00000e+17    8.00000e-01
    3.32411e-13         1.00000e+17    8.00000e-01
    6.64822e-13         1.00000e+17    8.00000e-01
    1.32964e-12         1.00000e+17    8.00000e-01
    2.65929e-12         1.00000e+17    8.00000e-01
    5.31858e-12         1.00000e+17    8.00000e-01
    1.06372e-11         1.00000e+17    8.00000e-01
    2.12743e-11         1.00000e+17    8.00000e-01
    4.25486e-11         1.00000e+17    8.00000e-01
    8.50972e-11         1.00000e+17    8.00000e-01
    1.70194e-10         1.00000e+17    8.00000e-01
    3.40389e-10         1.00000e+17    8.00000e-01
    6.80778e-10         1.00000e+17    8.00000e-01
    1.36156e-09         1.00000e+17    8.00000e-01
    2.72311e-09         1.00000e+17    8.00000e-01
    5.44622e-09         1.00000e+17    8.00000e-01
    1.08924e-08         1.00000e+17    8.00000e-01
    2.17849e-08         1.00000e+17    8.00000e-01
    4.35698e-08         1.00000e+17    8.00000e-01
    8.71395e-08         1.00000e+17    8.00000e-01
    1.74279e-07         1.00000e+17    8.00000e-01
    3.48558e-07         1.00000e+17    8.00000e-01
    6.97116e-07         1.00000e+17    8.00000e-01
    1.39423e-06         1.00000e+17    8.00000e-01
    2.78847e-06         1.00000e+17    8.00000e-01
    5.57693e-06         1.00000e+17    8.00000e-01
    1.11539e-05         1.00000e+17    8.00000e-01
    2.23077e-05         1.00000e+17    8.00000e-01
    4.46154e-05         1.00000e+17    8.00000e-01
    8.92309e-05         1.00000e+17    8.00000e-01
    1.78462e-04         1.00000e+17    8.00000e-01
    3.56924e-04         1.00000e+17    8.00000e-01
    7.13847e-04         1.00000e+17    8.00000e-01
    1.42769e-03         1.00000e+17    8.00000e-01
    2.85539e-03         1.00000e+17    8.00000e-01
    5.71078e-03         1.00000e+17    8.00000e-01
    1.14216e-02         1.00000e+17    8.00000e-01
    2.28431e-02         1.00000e+17    8.00000e-01
    4.56862e-02         1.00000e+17    8.00000e-01
    9.13724e-02         1.00000e+17    8.00000e-01
    1.82745e-01         1.00000e+17    8.00000e-01
    3.65490e-01         1.00000e+17    8.00000e-01
    7.30979e-01         1.00000e+17    8.00000e-01
    1.46196e+00         1.00000e+17    8.00000e-01
    2.92392e+00         1.00000e+17    8.00000e-01
    5.84784e+00         1.00000e+17    8.00000e-01
    1.16957e+01         1.00000e+17    8.00000e-01
    2.33913e+01         1.00000e+17    8.00000e-01
    4.67827e+01         1.00000e+17    8.00000e-01
    9.35654e+01         1.00000e+17    8.00000e-01
    1.87131e+02         1.00000e+17    8.00000e-01
    3.74261e+02         1.00000e+17    8.00000e-01
    7.48523e+02         1.00000e+17    8.00000e-01
    1.49705e+03         1.00000e+17    8.00000e-01
    2.99409e+03         1.00000e+17    8.00000e-01
    5.98818e+03         1.00000e+17    8.00000e-01
    1.19764e+04         1.00000e+17    8.00000e-01
    2.39527e+04         1.00000e+17    8.00000e-01
    4.79055e+04         1.00000e+17    8.00000e-01
    9.58109e+04         1.00000e+17    8.00000e-01
    1.91622e+05         1.00000e+17    8.00000e-01
    3.83244e+05         1.00000e+17    8.00000e-01
    7.66488e+05         1.00000e+17    8.00000e-01
    1.53298e+06         1.00000e+17    8.00000e-01
    3.06595e+06         1.00000e+17    8.00000e-01
    6.13190e+06         1.00000e+17    8.00000e-01
    1.22638e+07         1.00000e+17    8.00000e-01
    2.45276e+07         1.00000e+17    7.99999e-01
    4.90552e+07         9.99999e+16    7.99999e-01
    9.81104e+07         9.99998e+16    7.99998e-01
    1.96221e+08         9.99997e+16    7.99996e-01
    3.92442e+08         9.99993e+16    7.99992e-01
    7.84883e+08         9.99986e+16    7.99983e-01
    1.56977e+09         9.99973e+16    7.99966e-01
    3.13953e+09         9.99946e+16    7.99932e-01
    6.27907e+09         9.99891e+16    7.99864e-01
    1.25581e+10         9.99782e+16    7.99729e-01
    2.51163e+10         9.99565e+16    7.99458e-01
    5.02325e+10         9.99130e+16    7.98916e-01
    1.00465e+11         9.98262e+16    7.97836e-01
    2.00930e+11         9.96532e+16    7.95686e-01
    4.01860e+11         9.93091e+16    7.91430e-01
    8.03720e+11         9.86294e+16    7.83092e-01
    1.20558e+12         9.79579e+16    7.75010e-01
    1.60744e+12         9.72925e+16    7.67192e-01
    2.41116e+12         9.59733e+16    7.52075e-01
    3.21488e+12         9.46732e+16    7.37940e-01
    4.01860e+12         9.33696e+16    7.24563e-01
    4.82232e+12         9.20635e+16    7.11881e-01
    5.62604e+12         9.07498e+16    6.99770e-01
    6.42976e+12         8.94156e+16    6.88231e-01
    7.23348e+12         8.80584e+16    6.77242e-01
    8.03720e+12         8.66719e+16    6.66746e-01
    8.84092e+12         8.52492e+16    6.56652e-01
    9.64465e+12         8.37861e+16    6.46964e-01
    1.04484e+13         8.22785e+16    6.37667e-01
    1.12521e+13         8.07221e+16    6.28622e-01
    1.20558e+13         7.91112e+16    6.19807e-01
    1.28595e+13         7.74396e+16    6.11224e-01
    1.36632e+13         7.56993e+16    6.02884e-01
    1.44670e+13         7.38758e+16    5.94798e-01
    1.52707e+13         7.19558e+16    5.86971e-01
    1.60744e+13         6.99261e+16    5.79402e-01
    1.68781e+13         6.77703e+16    5.72092e-01
    1.76818e+13         6.54742e+16    5.64928e-01
    1.84856e+13         6.30096e+16    5.57848e-01
    1.92893e+13         6.03423e+16    5.50855e-01
    2.00930e+13         5.74281e+16    5.43931e-01
    2.08967e+13         5.42031e+16    5.37083e-01
    2.17005e+13         5.05780e+16    5.30234e-01
    2.25042e+13         4.63992e+16    5.23382e-01
    2.29060e+13         4.39052e+16    5.19977e-01
    2.33079e+13         4.11122e+16    5.16581e-01
    2.37098e+13         3.79211e+16    5.13122e-01
    2.41116e+13         3.41628e+16    5.09603e-01
    2.43125e+13         3.18416e+16    5.07839e-01
    2.45135e+13         2.91672e+16    5.06029e-01
    2.46139e+13         2.75715e+16    5.05108e-01
    2.47144e+13         2.57848e+16    5.04171e-01
    2.48149e+13         2.37405e+16    5.03220e-01
    2.48651e+13         2.25339e+16    5.02734e-01
    2.49153e+13         2.11944e+16    5.02235e-01
    2.49656e+13         1.96797e+16    5.01726e-01
    2.50158e+13         1.79223e+16    5.01205e-01
    2.50409e+13         1.68625e+16    5.00936e-01
    2.50660e+13         1.56651e+16    5.00660e-01
    2.50911e+13         1.42774e+16    5.00376e-01
    2.51037e+13         1.34420e+16    5.00230e-01
    2.51163e+13         1.24994e+16    5.00080e-01
    2.51288e+13         1.14093e+16    4.99924e-01
    2.51351e+13         1.07550e+16    4.99842e-01
    2.51414e+13         1.00186e+16    4.99757e-01
    2.51477e+13         9.17005e+15    4.99667e-01
    2.51508e+13         8.66356e+15    4.99619e-01
    2.51539e+13         8.09610e+15    4.99569e-01
    2.51571e+13         7.44629e+15    4.99516e-01
    2.51586e+13         7.06220e+15    4.99488e-01
    2.51602e+13         6.63518e+15    4.99458e-01
    2.51618e+13         6.15143e+15    4.99427e-01
    2.51634e+13         5.58859e+15    4.99393e-01
    2.51641e+13         5.24763e+15    4.99375e-01
    2.51649e+13         4.86092e+15    4.99355e-01
    2.51657e+13         4.41024e+15    4.99334e-01
    2.51661e+13         4.13648e+15    4.99323e-01
    2.51665e+13         3.82529e+15    4.99311e-01
    2.51669e+13         3.46140e+15    4.99298e-01
    2.51671e+13         3.23919e+15    4.99290e-01
    2.51673e+13         2.98545e+15    4.99282e-01
    2.51674e+13         2.83610e+15    4.99278e-01
    2.51675e+13         2.67060e+15    4.99274e-01
    2.51676e+13         2.48395e+15    4.99269e-01
    2.51677e+13         2.26820e+15    4.99264e-01
    2.51677e+13         2.13883e+15    4.99261e-01
    2.51678e+13         1.99333e+15    4.99258e-01
    2.51678e+13         1.82582e+15    4.99254e-01
    2.51678e+13         1.72599e+15    4.99253e-01
    2.51679e+13         1.61428e+15    4.99251e-01
    2.51679e+13         1.48657e+15    4.99248e-01
    2.51679e+13         1.41127e+15    4.99247e-01
    2.51679e+13         1.32772e+15    4.99246e-01
    2.51679e+13         1.23333e+15    4.99244e-01
    2.51679e+13         1.12394e+15    4.99243e-01
    2.51679e+13         1.05807e+15    4.99242e-01
    2.51680e+13         9.83757e+14    4.99241e-01
    2.51680e+13         8.97788e+14    4.99240e-01
    2.51680e+13         8.46177e+14    4.99240e-01
    2.51680e+13         7.88079e+14    4.99239e-01
    2.51680e+13         7.21098e+14    4.99238e-01
    2.51680e+13         6.81097e+14    4.99238e-01
    2.51680e+13         6.36260e+14    4.99238e-01
    2.51680e+13         5.84880e+14    4.99237e-01
    2.51680e+13         5.54479e+14    4.99237e-01
    2.51680e+13         5.20652e+14    4.99237e-01
    2.51680e+13         4.82287e+14    4.99236e-01
    2.51680e+13         4.37576e+14    4.99236e-01
    2.51680e+13         4.10418e+14    4.99236e-01
    2.51680e+13         3.79547e+14    4.99236e-01
    2.51680e+13         3.43451e+14    4.99235e-01
    2.51680e+13         3.21409e+14    4.99235e-01
    2.51680e+13         2.96241e+14    4.99235e-01
    2.51680e+13         2.81428e+14    4.99235e-01
    2.51680e+13         2.65014e+14    4.99235e-01
    2.51680e+13         2.46504e+14    4.99235e-01
    2.51680e+13         2.25110e+14    4.99235e-01
    2.51680e+13         2.12283e+14    4.99235e-01
    2.51680e+13         1.97860e+14    4.99235e-01
    2.51680e+13         1.81256e+14    4.99235e-01
    2.51680e+13         1.71364e+14    4.99235e-01
    2.51680e+13         1.60297e+14    4.99235e-01
    2.51680e+13         1.47649e+14    4.99235e-01
    2.51680e+13         1.40195e+14    4.99235e-01
    2.51680e+13         1.31927e+14    4.99235e-01
    2.51680e+13         1.22591e+14    4.99235e-01
    2.51680e+13         1.11778e+14    4.99235e-01
    2.51680e+13         1.05275e+14    4.99234e-01
    2.51680e+13         9.79442e+13    4.99234e-01
    2.51680e+13         8.94746e+13    4.99234e-01
    2.51680e+13         8.44001e+13    4.99234e-01
    2.51680e+13         7.86971e+13    4.99234e-01
    2.51680e+13         7.21376e+13    4.99234e-01
    2.51680e+13         6.82343e+13    4.99234e-01
    2.51680e+13         6.38716e+13    4.99234e-01
    2.51680e+13         5.88926e+13    4.99234e-01
    2.51680e+13         5.30361e+13    4.99234e-01
    2.51680e+13         4.94255e+13    4.99234e-01
    2.51680e+13         4.52680e+13    4.99234e-01
    2.51680e+13         4.27899e+13    4.99234e-01
    2.51680e+13         4.00165e+13    4.99234e-01
    2.51680e+13         3.68453e+13    4.99234e-01
    2.51680e+13         3.49751e+13    4.99234e-01
    2.51680e+13         3.28994e+13    4.99234e-01
    2.51680e+13         3.05536e+13    4.99234e-01
    2.51680e+13         2.78338e+13    4.99234e-01
    2.51680e+13         2.61951e+13    4.99234e-01
    2.51680e+13         2.43450e+13    4.99234e-01
    2.51680e+13         2.22030e+13    4.99234e-01
    2.51680e+13         2.09153e+13    4.99234e-01
    2.51680e+13         1.94643e+13    4.99234e-01
    2.51680e+13         1.77888e+13    4.99234e-01
    2.51680e+13         1.67859e+13    4.99234e-01
    2.51680e+13         1.56595e+13    4.99234e-01
    2.51680e+13         1.43652e+13    4.99234e-01
    2.51680e+13         1.35962e+13    4.99234e-01
    2.51680e+13         1.27378e+13    4.99234e-01
    2.51680e+13         1.17597e+13    4.99234e-01
    2.51680e+13         1.06122e+13    4.99234e-01
    2.51680e+13         9.90769e+12    4.99234e-01
    2.51680e+13         9.09939e+12    4.99234e-01
    2.51680e+13         8.62025e+12    4.99234e-01
    2.51680e+13         8.08636e+12    4.99234e-01
    2.51680e+13         7.47965e+12    4.99234e-01
    2.51680e+13         6.77052e+12    4.99234e-01
    2.51680e+13         6.33779e+12    4.99234e-01
    2.51680e+13         5.84395e+12    4.99234e-01
    2.51680e+13         5.26312e+12    4.99234e-01
    2.51680e+13         4.90507e+12    4.99234e-01
    2.51680e+13         4.49284e+12    4.99234e-01
    2.51680e+13         4.24717e+12    4.99234e-01
    2.51680e+13         3.97226e+12    4.99234e-01
    2.51680e+13         3.65797e+12    4.99234e-01
    2.51680e+13         3.47267e+12    4.99234e-01
    2.51680e+13         3.26706e+12    4.99234e-01
    2.51680e+13         3.03475e+12    4.99234e-01
    2.51680e+13         2.76552e+12    4.99234e-01
    2.51680e+13         2.60342e+12    4.99234e-01
    2.51680e+13         2.42051e+12    4.99234e-01
    2.51680e+13         2.20890e+12    4.99234e-01
    2.51680e+13         2.08186e+12    4.99234e-01
    2.51680e+13         1.93883e+12    4.99234e-01
    2.51680e+13         1.77393e+12    4.99234e-01
    2.51680e+13         1.67544e+12    4.99234e-01
    2.51680e+13         1.56502e+12    4.99234e-01
    2.51680e+13         1.43848e+12    4.99234e-01
    2.51680e+13         1.36359e+12    4.99234e-01
    2.51680e+13         1.28024e+12    4.99234e-01
    2.51680e+13         1.18569e+12    4.99234e-01
    2.51680e+13         1.07546e+12    4.99234e-01
    2.51680e+13         1.00846e+12    4.99234e-01
    2.51680e+13         9.32274e+11    4.99234e-01
    2.51680e+13         8.43122e+11    4.99234e-01
    2.51680e+13         7.88620e+11    4.99234e-01
    2.51680e+13         7.26325e+11    4.99234e-01
    2.51680e+13         6.89606e+11    4.99234e-01
    2.51680e+13         6.48872e+11    4.99234e-01
    2.51680e+13         6.02863e+11    4.99234e-01
    2.51680e+13         5.49564e+11    4.99234e-01
    2.51680e+13         5.17494e+11    4.99234e-01
    2.51680e+13         4.81327e+11    4.99234e-01
    2.51680e+13         4.39519e+11    4.99234e-01
    2.51680e+13         4.14450e+11    4.99234e-01
    2.51680e+13         3.86256e+11    4.99234e-01
    2.51680e+13         3.53796e+11    4.99234e-01
    2.51680e+13         3.34452e+11    4.99234e-01
    2.51680e+13         3.12804e+11    4.99234e-01
    2.51680e+13         2.88057e+11    4.99234e-01
    2.51680e+13         2.73466e+11    4.99234e-01
    2.51680e+13         2.57277e+11    4.99234e-01
    2.51680e+13         2.38986e+11    4.99234e-01
    2.51680e+13         2.17788e+11    4.99234e-01
    2.51680e+13         2.05025e+11    4.99234e-01
    2.51680e+13         1.90624e+11    4.99234e-01
    2.51680e+13         1.73965e+11    4.99234e-01
    2.51680e+13         1.63964e+11    4.99234e-01
    2.51680e+13         1.52705e+11    4.99234e-01
    2.51680e+13         1.39725e+11    4.99234e-01
    2.51680e+13         1.31973e+11    4.99234e-01
    2.51680e+13         1.23284e+11    4.99234e-01
    2.51680e+13         1.13327e+11    4.99234e-01
    2.51680e+13         1.07435e+11    4.99234e-01
    2.51680e+13         1.00880e+11    4.99234e-01
    2.51680e+13         9.34440e+10    4.99234e-01
    2.51680e+13         8.47781e+10    4.99234e-01
    2.51680e+13         7.95140e+10    4.99234e-01
    2.51680e+13         7.35298e+10    4.99234e-01
    2.51680e+13         6.65320e+10    4.99234e-01
    2.51680e+13         6.22584e+10    4.99234e-01
    2.51680e+13         5.73779e+10    4.99234e-01
    2.51680e+13         5.45049e+10    4.99234e-01
    2.51680e+13         5.13210e+10    4.99234e-01
    2.51680e+13         4.77298e+10    4.99234e-01
    2.51680e+13         4.35778e+10    4.99234e-01
    2.51680e+13         4.10874e+10    4.99234e-01
    2.51680e+13         3.82860e+10    4.99234e-01
    2.51680e+13         3.50596e+10    4.99234e-01
    2.51680e+13         3.31358e+10    4.99234e-01
    2.51680e+13         3.09821e+10    4.99234e-01
    2.51680e+13         2.85187e+10    4.99234e-01
    2.51680e+13         2.70649e+10    4.99234e-01
    2.51680e+13         2.54509e+10    4.99234e-01
    2.51680e+13         2.36256e+10    4.99234e-01
    2.51680e+13         2.15073e+10    4.99234e-01
    2.51680e+13         2.02293e+10    4.99234e-01
    2.51680e+13         1.87847e+10    4.99234e-01
    2.51680e+13         1.71094e+10    4.99234e-01
    2.51680e+13         1.60996e+10    4.99234e-01
    2.51680e+13         1.49593e+10    4.99234e-01
    2.51680e+13         1.36384e+10    4.99234e-01
    2.51680e+13         1.28439e+10    4.99234e-01
    2.51680e+13         1.19480e+10    4.99234e-01
    2.51680e+13         1.09127e+10    4.99234e-01
    2.51680e+13         1.02921e+10    4.99234e-01
    2.51680e+13         9.59453e+09    4.99234e-01
    2.51680e+13         8.79180e+09    4.99234e-01
    2.51680e+13         8.31379e+09    4.99234e-01
    2.51680e+13         7.77924e+09    4.99234e-01
    2.51680e+13         7.16870e+09    4.99234e-01
    2.51680e+13         6.80922e+09    4.99234e-01
    2.51680e+13         6.41078e+09    4.99234e-01
    2.51680e+13         5.96127e+09    4.99234e-01
    2.51680e+13         5.44141e+09    4.99234e-01
    2.51680e+13         5.12945e+09    4.99234e-01
    2.51680e+13         4.77838e+09    4.99234e-01
    2.51680e+13         4.37383e+09    4.99234e-01
    2.51680e+13         4.13241e+09    4.99234e-01
    2.51680e+13         3.86196e+09    4.99234e-01
    2.51680e+13         3.55230e+09    4.99234e-01
    2.51680e+13         3.36930e+09    4.99234e-01
    2.51680e+13         3.16588e+09    4.99234e-01
    2.51680e+13         2.93549e+09    4.99234e-01
    2.51680e+13         2.66750e+09    4.99234e-01
    2.51680e+13         2.50523e+09    4.99234e-01
    2.51680e+13         2.32127e+09    4.99234e-01
    2.51680e+13         2.10698e+09    4.99234e-01
    2.51680e+13         1.97694e+09    4.99234e-01
    2.51680e+13         1.82923e+09    4.99234e-01
    2.51680e+13         1.65669e+09    4.99234e-01
    2.51680e+13         1.55152e+09    4.99234e-01
    2.51680e+13         1.43161e+09    4.99234e-01
    2.51680e+13         1.29077e+09    4.99234e-01
    2.51680e+13         1.20414e+09    4.99234e-01
    2.51680e+13         1.10460e+09    4.99234e-01
    2.51680e+13         1.04546e+09    4.99234e-01
    2.51680e+13         9.79431e+08    4.99234e-01
    2.51680e+13         9.04204e+08    4.99234e-01
    2.51680e+13         8.15939e+08    4.99234e-01
    2.51680e+13         7.61742e+08    4.99234e-01
    2.51680e+13         6.99559e+08    4.99234e-01
    2.51680e+13         6.62695e+08    4.99234e-01
    2.51680e+13         6.21614e+08    4.99234e-01
    2.51680e+13         5.74925e+08    4.99234e-01
    2.51680e+13         5.20345e+08    4.99234e-01
    2.51680e+13         4.87029e+08    4.99234e-01
    2.51680e+13         4.49000e+08    4.99234e-01
    2.51680e+13         4.04255e+08    4.99234e-01
    2.51680e+13         3.76657e+08    4.99234e-01
    2.51680e+13         3.44865e+08    4.99234e-01
    2.51680e+13         3.25904e+08    4.99234e-01
    2.51680e+13         3.04672e+08    4.99234e-01
    2.51680e+13         2.80378e+08    4.99234e-01
    2.51680e+13         2.66034e+08    4.99234e-01
    2.51680e+13         2.50102e+08    4.99234e-01
    2.51680e+13         2.32076e+08    4.99234e-01
    2.51680e+13         2.11141e+08    4.99234e-01
    2.51680e+13         1.98495e+08    4.99234e-01
    2.51680e+13         1.84186e+08    4.99234e-01
    2.51680e+13         1.67567e+08    4.99234e-01
    2.51680e+13         1.57528e+08    4.99234e-01
    2.51680e+13         1.46168e+08    4.99234e-01
    2.51680e+13         1.32974e+08    4.99234e-01
    2.51680e+13         1.25003e+08    4.99234e-01
    2.51680e+13         1.15983e+08    4.99234e-01
    2.51680e+13         1.05505e+08    4.99234e-01
    2.51680e+13         9.91742e+07    4.99234e-01
    2.51680e+13         9.20091e+07    4.99234e-01
    2.51680e+13         8.36846e+07    4.99234e-01
    2.51680e+13         7.86531e+07    4.99234e-01
    2.51680e+13         7.29573e+07    4.99234e-01
    2.51680e+13         6.63374e+07    4.99234e-01
    2.51680e+13         6.23339e+07    4.99234e-01
    2.51680e+13         5.77996e+07    4.99234e-01
    2.51680e+13         5.25259e+07    4.99234e-01
    2.51680e+13         4.93330e+07    4.99234e-01
    2.51680e+13         4.57135e+07    4.99234e-01
    2.51680e+13         4.14981e+07    4.99234e-01
    2.51680e+13         3.89404e+07    4.99234e-01
    2.51680e+13         3.60357e+07    4.99234e-01
    2.51680e+13         3.26439e+07    4.99234e-01
    2.51680e+13         3.05773e+07    4.99234e-01
    2.51680e+13         2.82218e+07    4.99234e-01
    2.51680e+13         2.54568e+07    4.99234e-01
    2.51680e+13         2.37577e+07    4.99234e-01
    2.51680e+13         2.18068e+07    4.99234e-01
    2.51680e+13         2.06490e+07    4.99234e-01
    2.51680e+13         1.93577e+07    4.99234e-01
    2.51680e+13         1.78885e+07    4.99234e-01
    2.51680e+13         1.61679e+07    4.99234e-01
    2.51680e+13         1.51148e+07    4.99234e-01
    2.51680e+13         1.39099e+07    4.99234e-01
    2.51680e+13         1.31985e+07    4.99234e-01
    2.51680e+13         1.24084e+07    4.99234e-01
    2.51680e+13         1.15144e+07    4.99234e-01
    2.51680e+13         1.04762e+07    4.99234e-01
    2.51680e+13         9.84918e+06    4.99234e-01
    2.51680e+13         9.13973e+06    4.99234e-01
    2.51680e+13         8.31587e+06    4.99234e-01
    2.51680e+13         7.81828e+06    4.99234e-01
    2.51680e+13         7.25533e+06    4.99234e-01
    2.51680e+13         6.60164e+06    4.99234e-01
    2.51680e+13         6.20686e+06    4.99234e-01
    2.51680e+13         5.76026e+06    4.99234e-01
    2.51680e+13         5.24173e+06    4.99234e-01
    2.51680e+13         4.92863e+06    4.99234e-01
    2.51680e+13         4.57449e+06    4.99234e-01
    2.51680e+13         4.16340e+06    4.99234e-01
    2.51680e+13         3.91525e+06    4.99234e-01
    2.51680e+13         3.63466e+06    4.99234e-01
    2.51680e+13         3.30906e+06    4.99234e-01
    2.51680e+13         3.11266e+06    4.99234e-01
    2.51680e+13         2.89068e+06    4.99234e-01
    2.51680e+13         2.63330e+06    4.99234e-01
    2.51680e+13         2.47823e+06    4.99234e-01
    2.51680e+13         2.30314e+06    4.99234e-01
    2.51680e+13         2.10042e+06    4.99234e-01
    2.51680e+13         1.97855e+06    4.99234e-01
    2.51680e+13         1.84120e+06    4.99234e-01
    2.51680e+13         1.68260e+06    4.99234e-01
    2.51680e+13         1.58765e+06    4.99234e-01
    2.51680e+13         1.48100e+06    4.99234e-01
    2.51680e+13         1.35843e+06    4.99234e-01
    2.51680e+13         1.28559e+06    4.99234e-01
    2.51680e+13         1.20426e+06    4.99234e-01
    2.51680e+13         1.11158e+06    4.99234e-01
    2.51680e+13         1.00279e+06    4.99234e-01
    2.51680e+13         9.35956e+05    4.99234e-01
    2.51680e+13         8.59236e+05    4.99234e-01
    2.51680e+13         8.13720e+05    4.99234e-01
    2.51680e+13         7.62970e+05    4.99234e-01
    2.51680e+13         7.05243e+05    4.99234e-01
    2.51680e+13         6.37680e+05    4.99234e-01
    2.51680e+13         5.96360e+05    4.99234e-01
    2.51680e+13         5.49117e+05    4.99234e-01
    2.51680e+13         5.21255e+05    4.99234e-01
    2.51680e+13         4.90336e+05    4.99234e-01
    2.51680e+13         4.55395e+05    4.99234e-01
    2.51680e+13         4.14885e+05    4.99234e-01
    2.51680e+13         3.90482e+05    4.99234e-01
    2.51680e+13         3.62934e+05    4.99234e-01
    2.51680e+13         3.31045e+05    4.99234e-01
    2.51680e+13         3.11880e+05    4.99234e-01
    2.51680e+13         2.90288e+05    4.99234e-01
    2.51680e+13         2.65365e+05    4.99234e-01
    2.51680e+13         2.50452e+05    4.99234e-01
    2.51680e+13         2.33711e+05    4.99234e-01
    2.51680e+13         2.14485e+05    4.99234e-01
    2.51680e+13         2.03072e+05    4.99234e-01
    2.51680e+13         1.90339e+05    4.99234e-01
    2.51680e+13         1.75846e+05    4.99234e-01
    2.51680e+13         1.58866e+05    4.99234e-01
    2.51680e+13         1.48464e+05    4.99234e-01
    2.51680e+13         1.36554e+05    4.99234e-01
    2.51680e+13         1.29514e+05    4.99234e-01
    2.51680e+13         1.21689e+05    4.99234e-01
    2.51680e+13         1.12824e+05    4.99234e-01
    2.51680e+13         1.02512e+05    4.99234e-01
    2.51680e+13         9.62667e+04    4.99234e-01
    2.51680e+13         8.91845e+04    4.99234e-01
    2.51680e+13         8.09328e+04    4.99234e-01
    2.51680e+13         7.59228e+04    4.99234e-01
    2.51680e+13         7.02297e+04    4.99234e-01
    2.51680e+13         6.35763e+04    4.99234e-01
    2.51680e+13         5.95168e+04    4.99234e-01
    2.51680e+13         5.48847e+04    4.99234e-01
    2.51680e+13         4.94377e+04    4.99234e-01
    2.51680e+13         4.60809e+04    4.99234e-01
    2.51680e+13         4.22174e+04    4.99234e-01
    2.51680e+13         3.99159e+04    4.99234e-01
    2.51680e+13         3.73413e+04    4.99234e-01
    2.51680e+13         3.43994e+04    4.99234e-01
    2.51680e+13         3.26661e+04    4.99234e-01
    2.51680e+13         3.07441e+04    4.99234e-01
    2.51680e+13         2.85741e+04    4.99234e-01
    2.51680e+13         2.60621e+04    4.99234e-01
    2.51680e+13         2.45523e+04    4.99234e-01
    2.51680e+13         2.28511e+04    4.99234e-01
    2.51680e+13         2.08872e+04    4.99234e-01
    2.51680e+13         1.97119e+04    4.99234e-01
    2.51680e+13         1.83922e+04    4.99234e-01
    2.51680e+13         1.68764e+04    4.99234e-01
    2.51680e+13         1.59763e+04    4.99234e-01
    2.51680e+13         1.49718e+04    4.99234e-01
    2.51680e+13         1.38280e+04    4.99234e-01
    2.51680e+13         1.24873e+04    4.99234e-01
    2.51680e+13         1.16652e+04    4.99234e-01
    2.51680e+13         1.07232e+04    4.99234e-01
    2.51680e+13         1.01657e+04    4.99234e-01
    2.51680e+13         9.54553e+03    4.99234e-01
    2.51680e+13         8.84210e+03    4.99234e-01
    2.51680e+13         8.02230e+03    4.99234e-01
    2.51680e+13         7.52435e+03    4.99234e-01
    2.51680e+13         6.95830e+03    4.99234e-01
    2.51680e+13         6.29642e+03    4.99234e-01
    2.51680e+13         5.89224e+03    4.99234e-01
    2.51680e+13         5.43071e+03    4.99234e-01
    2.51680e+13         5.15905e+03    4.99234e-01
    2.51680e+13         4.85804e+03    4.99234e-01
    2.51680e+13         4.51856e+03    4.99234e-01
    2.51680e+13         4.12616e+03    4.99234e-01
    2.51680e+13         3.89087e+03    4.99234e-01
    2.51680e+13         3.62626e+03    4.99234e-01
    2.51680e+13         3.32163e+03    4.99234e-01
    2.51680e+13         3.14009e+03    4.99234e-01
    2.51680e+13         2.93695e+03    4.99234e-01
    2.51680e+13         2.70474e+03    4.99234e-01
    2.51680e+13         2.56785e+03    4.99234e-01
    2.51680e+13         2.41597e+03    4.99234e-01
    2.51680e+13         2.24439e+03    4.99234e-01
    2.51680e+13         2.04558e+03    4.99234e-01
    2.51680e+13         1.92591e+03    4.99234e-01
    2.51680e+13         1.79091e+03    4.99234e-01
    2.51680e+13         1.63479e+03    4.99234e-01
    2.51680e+13         1.54111e+03    4.99234e-01
    2.51680e+13         1.43570e+03    4.99234e-01
    2.51680e+13         1.31423e+03    4.99234e-01
    2.51680e+13         1.24175e+03    4.99234e-01
    2.51680e+13         1.16056e+03    4.99234e-01
    2.51680e+13         1.06762e+03    4.99234e-01
    2.51680e+13         1.01271e+03    4.99234e-01
    2.51680e+13         9.51678e+02    4.99234e-01
    2.51680e+13         8.82568e+02    4.99234e-01
    2.51680e+13         8.02211e+02    4.99234e-01
    2.51680e+13         7.53580e+02    4.99234e-01
    2.51680e+13         6.98470e+02    4.99234e-01
    2.51680e+13         6.34321e+02    4.99234e-01
    2.51680e+13         5.95431e+02    4.99234e-01
    2.51680e+13         5.51294e+02    4.99234e-01
    2.51680e+13         4.99808e+02    4.99234e-01
    2.51680e+13         4.68487e+02    4.99234e-01
    2.51680e+13         4.32840e+02    4.99234e-01
    2.51680e+13         3.91078e+02    4.99234e-01
    2.51680e+13         3.65500e+02    4.99234e-01
    2.51680e+13         3.36216e+02    4.99234e-01
    2.51680e+13         3.18913e+02    4.99234e-01
    2.51680e+13         2.99681e+02    4.99234e-01
    2.51680e+13         2.77901e+02    4.99234e-01
    2.51680e+13         2.52573e+02    4.99234e-01
    2.51680e+13         2.37243e+02    4.99234e-01
    2.51680e+13         2.19867e+02    4.99234e-01
    2.51680e+13         1.99635e+02    4.99234e-01
    2.51680e+13         1.87366e+02    4.99234e-01
    2.51680e+13         1.73436e+02    4.99234e-01
    2.51680e+13         1.57180e+02    4.99234e-01
    2.51680e+13         1.47283e+02    4.99234e-01
    2.51680e+13         1.36012e+02    4.99234e-01
    2.51680e+13         1.22795e+02    4.99234e-01
    2.51680e+13         1.14687e+02    4.99234e-01
    2.51680e+13         1.05393e+02    4.99234e-01
    2.51680e+13         9.98901e+01    4.99234e-01
    2.51680e+13         9.37641e+01    4.99234e-01
    2.51680e+13         8.68116e+01    4.99234e-01
    2.51680e+13         7.87008e+01    4.99234e-01
    2.51680e+13         7.37664e+01    4.99234e-01
    2.51680e+13         6.81498e+01    4.99234e-01
    2.51680e+13         6.15693e+01    4.99234e-01
    2.51680e+13         5.75381e+01    4.99234e-01
    2.51680e+13         5.29223e+01    4.99234e-01
    2.51680e+13         5.01942e+01    4.99234e-01
    2.51680e+13         4.71616e+01    4.99234e-01
    2.51680e+13         4.37264e+01    4.99234e-01
    2.51680e+13         3.97302e+01    4.99234e-01
    2.51680e+13         3.73100e+01    4.99234e-01
    2.51680e+13         3.45655e+01    4.99234e-01
    2.51680e+13         3.13680e+01    4.99234e-01
    2.51680e+13         2.94267e+01    4.99234e-01
    2.51680e+13         2.72208e+01    4.99234e-01
    2.51680e+13         2.46429e+01    4.99234e-01
    2.51680e+13         2.30702e+01    4.99234e-01
    2.51680e+13         2.12757e+01    4.99234e-01
    2.51680e+13         1.91657e+01    4.99234e-01
    2.51680e+13         1.78657e+01    4.99234e-01
    2.51680e+13         1.63695e+01    4.99234e-01
    2.51680e+13         1.54785e+01    4.99234e-01
    2.51680e+13         1.44819e+01    4.99234e-01
    2.51680e+13         1.33434e+01    4.99234e-01
    2.51680e+13         1.26728e+01    4.99234e-01
    2.51680e+13         1.19295e+01    4.99234e-01
    2.51680e+13         1.10906e+01    4.99234e-01
    2.51680e+13         1.01200e+01    4.99234e-01
    2.51680e+13         9.53713e+00    4.99234e-01
    2.51680e+13         8.88086e+00    4.99234e-01
    2.51680e+13         8.12401e+00    4.99234e-01
    2.51680e+13         7.67179e+00    4.99234e-01
    2.51680e+13         7.16469e+00    4.99234e-01
    2.51680e+13         6.58326e+00    4.99234e-01
    2.51680e+13         6.23893e+00    4.99234e-01
    2.51680e+13         5.85554e+00    4.99234e-01
    2.51680e+13         5.42030e+00    4.99234e-01
    2.51680e+13         4.91236e+00    4.99234e-01
    2.51680e+13         4.60316e+00    4.99234e-01
    2.51680e+13         4.25101e+00    4.99234e-01
    2.51680e+13         3.83811e+00    4.99234e-01
    2.51680e+13         3.58486e+00    4.99234e-01
    2.51680e+13         3.29455e+00    4.99234e-01
    2.51680e+13         3.12269e+00    4.99234e-01
    2.51680e+13         2.93139e+00    4.99234e-01
    2.51680e+13         2.71431e+00    4.99234e-01
    2.51680e+13         2.46112e+00    4.99234e-01
    2.51680e+13         2.30713e+00    4.99234e-01
    2.51680e+13         2.13191e+00    4.99234e-01
    2.51680e+13         1.92669e+00    4.99234e-01
    2.51680e+13         1.80107e+00    4.99234e-01
    2.51680e+13         1.65730e+00    4.99234e-01
    2.51680e+13         1.57241e+00    4.99234e-01
    2.51680e+13         1.47810e+00    4.99234e-01
    2.51680e+13         1.37138e+00    4.99234e-01
    2.51680e+13         1.24739e+00    4.99234e-01
    2.51680e+13         1.17246e+00    4.99234e-01
    2.51680e+13         1.08765e+00    4.99234e-01
    2.51680e+13         9.89100e-01    4.99234e-01
    2.51680e+13         9.29515e-01    4.99234e-01
    2.51680e+13         8.62045e-01    4.99234e-01
    2.51680e+13         7.83601e-01    4.99234e-01
    2.51680e+13         7.36133e-01    4.99234e-01
    2.51680e+13         6.82346e-01    4.99234e-01
    2.51680e+13         6.19746e-01    4.99234e-01
    2.51680e+13         5.81803e-01    4.99234e-01
    2.51680e+13         5.38749e-01    4.99234e-01
    2.51680e+13         4.88539e-01    4.99234e-01
    2.51680e+13         4.58009e-01    4.99234e-01
    2.51680e+13         4.23273e-01    4.99234e-01
    2.51680e+13         3.82602e-01    4.99234e-01
    2.51680e+13         3.57713e-01    4.99234e-01
    2.51680e+13         3.29240e-01    4.99234e-01
    2.51680e+13         3.12435e-01    4.99234e-01
    2.51680e+13         2.93773e-01    4.99234e-01
    2.51680e+13         2.72665e-01    4.99234e-01
    2.51680e+13         2.48163e-01    4.99234e-01
    2.51680e+13         2.33373e-01    4.99234e-01
    2.51680e+13         2.16649e-01    4.99234e-01
    2.51680e+13         1.97243e-01    4.99234e-01
    2.51680e+13         1.85537e-01    4.99234e-01
    2.51680e+13         1.72308e-01    4.99234e-01
    2.51680e+13         1.56969e-01    4.99234e-01
    2.51680e+13         1.47727e-01    4.99234e-01
    2.51680e+13         1.37293e-01    4.99234e-01
    2.51680e+13         1.25212e-01    4.99234e-01
    2.51680e+13         1.17950e-01    4.99234e-01
    2.51680e+13         1.09766e-01    4.99234e-01
    2.51680e+13         1.00317e-01    4.99234e-01
    2.51680e+13         9.46597e-02    4.99234e-01
    2.51680e+13         8.83066e-02    4.99234e-01
    2.51680e+13         8.10064e-02    4.99234e-01
    2.51680e+13         7.66688e-02    4.99234e-01
    2.51680e+13         7.18264e-02    4.99234e-01
    2.51680e+13         6.63092e-02    4.99234e-01
    2.51680e+13         5.98357e-02    4.99234e-01
    2.51680e+13         5.58606e-02    4.99234e-01
    2.51680e+13         5.12998e-02    4.99234e-01
    2.51680e+13         4.85958e-02    4.99234e-01
    2.51680e+13         4.55826e-02    4.99234e-01
    2.51680e+13         4.21578e-02    4.99234e-01
    2.51680e+13         3.81540e-02    4.99234e-01
    2.51680e+13         3.57099e-02    4.99234e-01
    2.51680e+13         3.29198e-02    4.99234e-01
    2.51680e+13         2.96367e-02    4.99234e-01
    2.51680e+13         2.76112e-02    4.99234e-01
    2.51680e+13         2.52778e-02    4.99234e-01
    2.51680e+13         2.38857e-02    4.99234e-01
    2.51680e+13         2.23267e-02    4.99234e-01
    2.51680e+13         2.05423e-02    4.99234e-01
    2.51680e+13         1.94883e-02    4.99234e-01
    2.51680e+13         1.83173e-02    4.99234e-01
    2.51680e+13         1.69918e-02    4.99234e-01
    2.51680e+13         1.54514e-02    4.99234e-01
    2.51680e+13         1.45200e-02    4.99234e-01
    2.51680e+13         1.34653e-02    4.99234e-01
    2.51680e+13         1.22388e-02    4.99234e-01
    2.51680e+13         1.14965e-02    4.99234e-01
    2.51680e+13         1.06553e-02    4.99234e-01
    2.51680e+13         9.67600e-03    4.99234e-01
    2.51680e+13         9.08222e-03    4.99234e-01
    2.51680e+13         8.40825e-03    4.99234e-01
    2.51680e+13         7.62192e-03    4.99234e-01
    2.51680e+13         7.14344e-03    4.99234e-01
    2.51680e+13         6.59872e-03    4.99234e-01
    2.51680e+13         5.96035e-03    4.99234e-01
    2.51680e+13         5.56914e-03    4.99234e-01
    2.51680e+13         5.12103e-03    4.99234e-01
    2.51680e+13         4.85605e-03    4.99234e-01
    2.51680e+13         4.56136e-03    4.99234e-01
    2.51680e+13         4.22736e-03    4.99234e-01
    2.51680e+13         3.83850e-03    4.99234e-01
    2.51680e+13         3.60268e-03    4.99234e-01
    2.51680e+13         3.33498e-03    4.99234e-01
    2.51680e+13         3.02258e-03    4.99234e-01
    2.51680e+13         2.83243e-03    4.99234e-01
    2.51680e+13         2.61588e-03    4.99234e-01
    2.51680e+13         2.36200e-03    4.99234e-01
    2.51680e+13         2.20630e-03    4.99234e-01
    2.51680e+13         2.02785e-03    4.99234e-01
    2.51680e+13         1.92223e-03    4.99234e-01
    2.51680e+13         1.80469e-03    4.99234e-01
    2.51680e+13         1.67133e-03    4.99234e-01
    2.51680e+13         1.51585e-03    4.99234e-01
    2.51680e+13         1.42134e-03    4.99234e-01
    2.51680e+13         1.31385e-03    4.99234e-01
    2.51680e+13         1.18805e-03    4.99234e-01
    2.51680e+13         1.11112e-03    4.99234e-01
    2.51680e+13         1.02317e-03    4.99234e-01
    2.51680e+13         9.71315e-04    4.99234e-01
    2.51680e+13         9.13771e-04    4.99234e-01
    2.51680e+13         8.48751e-04    4.99234e-01
    2.51680e+13         7.73388e-04    4.99234e-01
    2.51680e+13         7.28005e-04    4.99234e-01
    2.51680e+13         6.76787e-04    4.99234e-01
    2.51680e+13         6.17524e-04    4.99234e-01
    2.51680e+13         5.81932e-04    4.99234e-01
    2.51680e+13         5.41853e-04    4.99234e-01
    2.51680e+13         4.95626e-04    4.99234e-01
    2.51680e+13         4.68000e-04    4.99234e-01
    2.51680e+13         4.37016e-04    4.99234e-01
    2.51680e+13         4.01482e-04    4.99234e-01
    2.51680e+13         3.80432e-04    4.99234e-01
    2.51680e+13         3.56987e-04    4.99234e-01
    2.51680e+13         3.30361e-04    4.99234e-01
    2.51680e+13         2.99271e-04    4.99234e-01
    2.51680e+13         2.80329e-04    4.99234e-01
    2.51680e+13         2.58740e-04    4.99234e-01
    2.51680e+13         2.33397e-04    4.99234e-01
    2.51680e+13         2.17825e-04    4.99234e-01
    2.51680e+13         1.99947e-04    4.99234e-01
    2.51680e+13         1.89338e-04    4.99234e-01
    2.51680e+13         1.77507e-04    4.99234e-01
    2.51680e+13         1.64045e-04    4.99234e-01
    2.51680e+13         1.48285e-04    4.99234e-01
    2.51680e+13         1.38640e-04    4.99234e-01
    2.51680e+13         1.27607e-04    4.99234e-01
    2.51680e+13         1.21095e-04    4.99234e-01
    2.51680e+13         1.13864e-04    4.99234e-01
    2.51680e+13         1.05685e-04    4.99234e-01
    2.51680e+13         9.61918e-05    4.99234e-01
    2.51680e+13         9.04620e-05    4.99234e-01
    2.51680e+13         8.39833e-05    4.99234e-01
    2.51680e+13         7.64665e-05    4.99234e-01
    2.51680e+13         7.19328e-05    4.99234e-01
    2.51680e+13         6.68097e-05    4.99234e-01
    2.51680e+13         6.08707e-05    4.99234e-01
    2.51680e+13         5.72935e-05    4.99234e-01
    2.51680e+13         5.32557e-05    4.99234e-01
    2.51680e+13         4.85823e-05    4.99234e-01
    2.51680e+13         4.57745e-05    4.99234e-01
    2.51680e+13         4.26116e-05    4.99234e-01
    2.51680e+13         3.89617e-05    4.99234e-01
    2.51680e+13         3.67789e-05    4.99234e-01
    2.51680e+13         3.43292e-05    4.99234e-01
    2.51680e+13         3.15175e-05    4.99234e-01
    2.51680e+13         2.98496e-05    4.99234e-01
    2.51680e+13         2.79901e-05    4.99234e-01
    2.51680e+13         2.58754e-05    4.99234e-01


