              t                   M              a
    1.23833e-21         1.00000e+17    8.00000e-01
    2.47665e-21         1.00000e+17    8.00000e-01
    4.95331e-21         1.00000e+17    8.00000e-01
    9.90662e-21         1.00000e+17    8.00000e-01
    1.98132e-20         1.00000e+17    8.00000e-01
    3.96265e-20         1.00000e+17    8.00000e-01
    7.92530e-20         1.00000e+17    8.00000e-01
    1.58506e-19         1.00000e+17    8.00000e-01
    3.17012e-19         1.00000e+17    8.00000e-01
    6.34024e-19         1.00000e+17    8.00000e-01
    1.26805e-18         1.00000e+17    8.00000e-01
    2.53609e-18         1.00000e+17    8.00000e-01
    5.07219e-18         1.00000e+17    8.00000e-01
    1.01444e-17         1.00000e+17    8.00000e-01
    2.02888e-17         1.00000e+17    8.00000e-01
    4.05775e-17         1.00000e+17    8.00000e-01
    8.11550e-17         1.00000e+17    8.00000e-01
    1.62310e-16         1.00000e+17    8.00000e-01
    3.24620e-16         1.00000e+17    8.00000e-01
    6.49240e-16         1.00000e+17    8.00000e-01
    1.29848e-15         1.00000e+17    8.00000e-01
    2.59696e-15         1.00000e+17    8.00000e-01
    5.19392e-15         1.00000e+17    8.00000e-01
    1.03878e-14         1.00000e+17    8.00000e-01
    2.07757e-14         1.00000e+17    8.00000e-01
    4.15514e-14         1.00000e+17    8.00000e-01
    8.31027e-14         1.00000e+17    8.00000e-01
    1.66205e-13         1.00000e+17    8.00000e-01
    3.32411e-13         1.00000e+17    8.00000e-01
    6.64822e-13         1.00000e+17    8.00000e-01
    1.32964e-12         1.00000e+17    8.00000e-01
    2.65929e-12         1.00000e+17    8.00000e-01
    5.31858e-12         1.00000e+17    8.00000e-01
    1.06372e-11         1.00000e+17    8.00000e-01
    2.12743e-11         1.00000e+17    8.00000e-01
    4.25486e-11         1.00000e+17    8.00000e-01
    8.50972e-11         1.00000e+17    8.00000e-01
    1.70194e-10         1.00000e+17    8.00000e-01
    3.40389e-10         1.00000e+17    8.00000e-01
    6.80778e-10         1.00000e+17    8.00000e-01
    1.36156e-09         1.00000e+17    8.00000e-01
    2.72311e-09         1.00000e+17    8.00000e-01
    5.44622e-09         1.00000e+17    8.00000e-01
    1.08924e-08         1.00000e+17    8.00000e-01
    2.17849e-08         1.00000e+17    8.00000e-01
    4.35698e-08         1.00000e+17    8.00000e-01
    8.71395e-08         1.00000e+17    8.00000e-01
    1.74279e-07         1.00000e+17    8.00000e-01
    3.48558e-07         1.00000e+17    8.00000e-01
    6.97116e-07         1.00000e+17    8.00000e-01
    1.39423e-06         1.00000e+17    8.00000e-01
    2.78847e-06         1.00000e+17    8.00000e-01
    5.57693e-06         1.00000e+17    8.00000e-01
    1.11539e-05         1.00000e+17    8.00000e-01
    2.23077e-05         1.00000e+17    8.00000e-01
    4.46154e-05         1.00000e+17    8.00000e-01
    8.92309e-05         1.00000e+17    8.00000e-01
    1.78462e-04         1.00000e+17    8.00000e-01
    3.56924e-04         1.00000e+17    8.00000e-01
    7.13847e-04         1.00000e+17    8.00000e-01
    1.42769e-03         1.00000e+17    8.00000e-01
    2.85539e-03         1.00000e+17    8.00000e-01
    5.71078e-03         1.00000e+17    8.00000e-01
    1.14216e-02         1.00000e+17    8.00000e-01
    2.28431e-02         1.00000e+17    8.00000e-01
    4.56862e-02         1.00000e+17    8.00000e-01
    9.13724e-02         1.00000e+17    8.00000e-01
    1.82745e-01         1.00000e+17    8.00000e-01
    3.65490e-01         1.00000e+17    8.00000e-01
    7.30979e-01         1.00000e+17    8.00000e-01
    1.46196e+00         1.00000e+17    8.00000e-01
    2.92392e+00         1.00000e+17    8.00000e-01
    5.84784e+00         1.00000e+17    8.00000e-01
    1.16957e+01         1.00000e+17    8.00000e-01
    2.33913e+01         1.00000e+17    8.00000e-01
    4.67827e+01         1.00000e+17    8.00000e-01
    9.35654e+01         1.00000e+17    8.00000e-01
    1.87131e+02         1.00000e+17    8.00000e-01
    3.74261e+02         1.00000e+17    8.00000e-01
    7.48523e+02         1.00000e+17    8.00000e-01
    1.49705e+03         1.00000e+17    8.00000e-01
    2.99409e+03         1.00000e+17    8.00000e-01
    5.98818e+03         1.00000e+17    8.00000e-01
    1.19764e+04         1.00000e+17    8.00000e-01
    2.39527e+04         1.00000e+17    8.00000e-01
    4.79055e+04         1.00000e+17    8.00000e-01
    9.58109e+04         1.00000e+17    8.00000e-01
    1.91622e+05         1.00000e+17    8.00000e-01
    3.83244e+05         1.00000e+17    8.00000e-01
    7.66488e+05         1.00000e+17    8.00000e-01
    1.53298e+06         1.00000e+17    8.00000e-01
    3.06595e+06         1.00000e+17    8.00000e-01
    6.13190e+06         1.00000e+17    8.00000e-01
    1.22638e+07         1.00000e+17    8.00000e-01
    2.45276e+07         1.00000e+17    8.00000e-01
    4.90552e+07         1.00000e+17    8.00000e-01
    9.81104e+07         1.00000e+17    8.00000e-01
    1.96221e+08         1.00000e+17    8.00000e-01
    3.92442e+08         1.00000e+17    8.00000e-01
    7.84883e+08         1.00000e+17    8.00000e-01
    1.56977e+09         1.00000e+17    8.00000e-01
    3.13953e+09         1.00000e+17    8.00000e-01
    6.27907e+09         1.00000e+17    8.00000e-01
    1.25581e+10         1.00000e+17    8.00000e-01
    2.51163e+10         1.00000e+17    8.00000e-01
    5.02325e+10         1.00000e+17    8.00000e-01
    1.00465e+11         1.00000e+17    8.00000e-01
    2.00930e+11         1.00000e+17    8.00000e-01
    4.01860e+11         1.00000e+17    8.00000e-01
    8.03720e+11         1.00000e+17    8.00000e-01
    1.60744e+12         1.00000e+17    8.00000e-01
    3.21488e+12         1.00000e+17    8.00000e-01
    6.42976e+12         1.00000e+17    8.00000e-01
    1.28595e+13         1.00000e+17    8.00000e-01
    2.57191e+13         1.00000e+17    8.00000e-01
    5.14381e+13         1.00000e+17    8.00000e-01
    1.02876e+14         1.00000e+17    8.00000e-01
    2.05752e+14         1.00000e+17    8.00000e-01
    4.11505e+14         1.00000e+17    8.00000e-01
    8.23010e+14         1.00000e+17    8.00000e-01
    1.64602e+15         1.00000e+17    8.00000e-01
    3.29204e+15         1.00000e+17    8.00000e-01
    6.58408e+15         1.00000e+17    8.00000e-01
    1.31682e+16         1.00000e+17    8.00000e-01
    2.63363e+16         1.00000e+17    8.00000e-01
    5.26726e+16         1.00000e+17    8.00000e-01
    1.05345e+17         1.00000e+17    8.00000e-01
    2.10690e+17         1.00000e+17    7.99999e-01
    4.21381e+17         9.99999e+16    7.99999e-01
    8.42762e+17         9.99998e+16    7.99998e-01
    1.68552e+18         9.99997e+16    7.99996e-01
    3.37105e+18         9.99993e+16    7.99991e-01
    6.74210e+18         9.99986e+16    7.99982e-01
    1.34842e+19         9.99972e+16    7.99965e-01
    2.69684e+19         9.99944e+16    7.99929e-01
    5.39368e+19         9.99888e+16    7.99858e-01
    1.07874e+20         9.99776e+16    7.99717e-01
    2.15747e+20         9.99552e+16    7.99434e-01
    4.31494e+20         9.99105e+16    7.98868e-01
    8.62988e+20         9.98212e+16    7.97740e-01
    1.72598e+21         9.96432e+16    7.95493e-01
    3.45195e+21         9.92894e+16    7.91039e-01
    6.90391e+21         9.85909e+16    7.82291e-01
    1.03559e+22         9.79022e+16    7.73775e-01
    1.38078e+22         9.72224e+16    7.65506e-01
    1.72598e+22         9.65513e+16    7.57480e-01
    2.07117e+22         9.58887e+16    7.49692e-01
    2.41637e+22         9.52300e+16    7.42099e-01
    2.76156e+22         9.45711e+16    7.34675e-01
    3.45195e+22         9.32560e+16    7.20152e-01
    4.14234e+22         9.19461e+16    7.06277e-01
    4.83273e+22         9.06300e+16    6.92919e-01
    5.52312e+22         8.93006e+16    6.80100e-01
    6.21352e+22         8.79546e+16    6.67783e-01
    6.90391e+22         8.65804e+16    6.55871e-01
    7.59430e+22         8.51767e+16    6.44333e-01
    8.28469e+22         8.37405e+16    6.33141e-01
    8.97508e+22         8.22670e+16    6.22168e-01
    9.66547e+22         8.07524e+16    6.11408e-01
    1.03559e+23         7.91927e+16    6.00853e-01
    1.10462e+23         7.75757e+16    5.90490e-01
    1.17366e+23         7.58913e+16    5.80302e-01
    1.24270e+23         7.41317e+16    5.70277e-01
    1.31174e+23         7.22881e+16    5.60376e-01
    1.38078e+23         7.03502e+16    5.50496e-01
    1.44982e+23         6.83098e+16    5.40576e-01
    1.51886e+23         6.61515e+16    5.30595e-01
    1.58790e+23         6.38497e+16    5.20546e-01
    1.65694e+23         6.13732e+16    5.10388e-01
    1.72598e+23         5.86849e+16    5.00043e-01
    1.79502e+23         5.57418e+16    4.89404e-01
    1.86405e+23         5.24674e+16    4.78209e-01
    1.93309e+23         4.87518e+16    4.66199e-01
    2.00213e+23         4.44368e+16    4.53034e-01
    2.03665e+23         4.18259e+16    4.45490e-01
    2.07117e+23         3.88693e+16    4.37168e-01
    2.10569e+23         3.54349e+16    4.27730e-01
    2.12295e+23         3.33571e+16    4.22122e-01
    2.14021e+23         3.10056e+16    4.15797e-01
    2.15747e+23         2.82638e+16    4.08122e-01
    2.16610e+23         2.66010e+16    4.03169e-01
    2.17473e+23         2.47123e+16    3.97144e-01
    2.18336e+23         2.25044e+16    3.89238e-01
    2.18768e+23         2.11588e+16    3.83616e-01
    2.19199e+23         1.96294e+16    3.76770e-01
    2.19631e+23         1.78386e+16    3.67754e-01
    2.19846e+23         1.67466e+16    3.61639e-01
    2.20062e+23         1.55018e+16    3.54188e-01
    2.20278e+23         1.40402e+16    3.44703e-01
    2.20386e+23         1.31433e+16    3.38267e-01
    2.20493e+23         1.21124e+16    3.30119e-01
    2.20547e+23         1.15021e+16    3.24869e-01
    2.20601e+23         1.08221e+16    3.18596e-01
    2.20655e+23         1.00499e+16    3.10887e-01
    2.20709e+23         9.14893e+15    3.01018e-01
    2.20736e+23         8.60235e+15    2.94407e-01
    2.20763e+23         7.98168e+15    2.86362e-01
    2.20790e+23         7.25913e+15    2.76472e-01
    2.20804e+23         6.82100e+15    2.69994e-01
    2.20817e+23         6.32401e+15    2.62295e-01
    2.20831e+23         5.74516e+15    2.52889e-01
    2.20837e+23         5.39409e+15    2.46842e-01
    2.20844e+23         4.99568e+15    2.39734e-01
    2.20851e+23         4.53094e+15    2.31070e-01
    2.20854e+23         4.24835e+15    2.25512e-01
    2.20858e+23         3.92690e+15    2.18980e-01
    2.20861e+23         3.55067e+15    2.11040e-01
    2.20863e+23         3.32058e+15    2.05934e-01
    2.20864e+23         3.05752e+15    1.99898e-01
    2.20865e+23         2.90239e+15    1.96193e-01
    2.20866e+23         2.73025e+15    1.91975e-01
    2.20867e+23         2.53573e+15    1.87062e-01
    2.20868e+23         2.31025e+15    1.81159e-01
    2.20868e+23         2.17445e+15    1.77435e-01
    2.20869e+23         2.02117e+15    1.73103e-01
    2.20869e+23         1.84379e+15    1.67906e-01
    2.20869e+23         1.73723e+15    1.64634e-01
    2.20869e+23         1.61719e+15    1.60832e-01
    2.20870e+23         1.47868e+15    1.56276e-01
    2.20870e+23         1.39585e+15    1.53416e-01
    2.20870e+23         1.30289e+15    1.50099e-01
    2.20870e+23         1.19619e+15    1.46133e-01
    2.20870e+23         1.13287e+15    1.43642e-01
    2.20870e+23         1.06225e+15    1.40748e-01
    2.20870e+23         9.81896e+14    1.37290e-01
    2.20870e+23         8.87764e+14    1.32977e-01
    2.20870e+23         8.30077e+14    1.30099e-01
    2.20870e+23         7.63979e+14    1.26607e-01
    2.20870e+23         7.24852e+14    1.24377e-01
    2.20870e+23         6.81313e+14    1.21776e-01
    2.20870e+23         6.31846e+14    1.18595e-01
    2.20870e+23         5.74015e+14    1.14481e-01
    2.20870e+23         5.38717e+14    1.11613e-01
    2.20870e+23         4.98405e+14    1.08014e-01
    2.20870e+23         4.50993e+14    1.03298e-01
    2.20870e+23         4.21753e+14    9.99148e-02
    2.20870e+23         3.88130e+14    9.56502e-02
    2.20870e+23         3.68117e+14    9.27511e-02
    2.20870e+23         3.45785e+14    8.92877e-02
    2.20870e+23         3.20340e+14    8.49666e-02
    2.20870e+23         2.90514e+14    7.93598e-02
    2.20870e+23         2.72267e+14    7.55438e-02
    2.20870e+23         2.51432e+14    7.09552e-02
    2.20870e+23         2.26932e+14    6.52758e-02
    2.20870e+23         2.11851e+14    6.15766e-02
    2.20870e+23         1.94526e+14    5.72082e-02
    2.20870e+23         1.84242e+14    5.45461e-02
    2.20870e+23         1.72772e+14    5.15294e-02
    2.20870e+23         1.59723e+14    4.80426e-02
    2.20870e+23         1.44448e+14    4.38928e-02
    2.20870e+23         1.35106e+14    4.13107e-02
    2.20870e+23         1.24427e+14    3.83288e-02
    2.20870e+23         1.18131e+14    3.65503e-02
    2.20870e+23         1.11145e+14    3.45640e-02
    2.20870e+23         1.03252e+14    3.23045e-02
    2.20870e+23         9.41069e+13    2.96643e-02
    2.20870e+23         8.86010e+13    2.80572e-02
    2.20870e+23         8.23881e+13    2.62296e-02
    2.20870e+23         7.52000e+13    2.40944e-02
    2.20870e+23         7.08829e+13    2.27963e-02
    2.20870e+23         6.60207e+13    2.13221e-02
    2.20870e+23         6.04093e+13    1.96036e-02
    2.20870e+23         5.70528e+13    1.85636e-02
    2.20870e+23         5.32831e+13    1.73844e-02
    2.20870e+23         4.89495e+13    1.60118e-02
    2.20870e+23         4.63712e+13    1.51803e-02
    2.20870e+23         4.34892e+13    1.42394e-02
    2.20870e+23         4.02013e+13    1.31521e-02
    2.20870e+23         3.63335e+13    1.18491e-02
    2.20870e+23         3.39484e+13    1.10260e-02
    2.20870e+23         3.12051e+13    1.00686e-02
    2.20870e+23         2.95731e+13    9.49159e-03
    2.20870e+23         2.77501e+13    8.84250e-03
    2.20870e+23         2.56729e+13    8.09849e-03
    2.20870e+23         2.44546e+13    7.65925e-03
    2.20870e+23         2.31092e+13    7.17328e-03
    2.20870e+23         2.15993e+13    6.62761e-03
    2.20870e+23         1.98669e+13    6.00232e-03
    2.20870e+23         1.88399e+13    5.63263e-03
    2.20870e+23         1.76957e+13    5.22207e-03
    2.20870e+23         1.63953e+13    4.75727e-03
    2.20870e+23         1.56355e+13    4.48744e-03
    2.20870e+23         1.47985e+13    4.19157e-03
    2.20870e+23         1.38617e+13    3.86196e-03
    2.20870e+23         1.27900e+13    3.48668e-03
    2.20870e+23         1.21574e+13    3.26653e-03
    2.20870e+23         1.14556e+13    3.02379e-03
    2.20870e+23         1.06626e+13    2.75162e-03
    2.20870e+23         1.02031e+13    2.59542e-03
    2.20870e+23         9.70008e+12    2.42567e-03
    2.20870e+23         9.14226e+12    2.23922e-03
    2.20870e+23         8.51278e+12    2.03153e-03
    2.20870e+23         8.14910e+12    1.91385e-03
    2.20870e+23         7.75179e+12    1.78683e-03
    2.20870e+23         7.31215e+12    1.64816e-03
    2.20870e+23         6.81747e+12    1.49479e-03
    2.20870e+23         6.53262e+12    1.40845e-03
    2.20870e+23         6.22225e+12    1.31570e-03
    2.20870e+23         5.87996e+12    1.21510e-03
    2.20870e+23         5.49644e+12    1.10456e-03
    2.20870e+23         5.27687e+12    1.04282e-03
    2.20870e+23         5.03859e+12    0.00000e+00
    2.20870e+23         4.77716e+12    0.00000e+00
    2.20870e+23         4.48629e+12    0.00000e+00
    2.20870e+23         4.15640e+12    0.00000e+00
    2.20870e+23         3.77199e+12    0.00000e+00
    2.20870e+23         3.53856e+12    0.00000e+00
    2.20870e+23         3.27329e+12    0.00000e+00
    2.20870e+23         2.96326e+12    0.00000e+00
    2.20870e+23         2.77409e+12    0.00000e+00
    2.20870e+23         2.55824e+12    0.00000e+00
    2.20870e+23         2.30442e+12    0.00000e+00
    2.20870e+23         2.14801e+12    0.00000e+00
    2.20870e+23         1.96798e+12    0.00000e+00
    2.20870e+23         1.86075e+12    0.00000e+00
    2.20870e+23         1.74079e+12    0.00000e+00
    2.20870e+23         1.60374e+12    0.00000e+00
    2.20870e+23         1.52299e+12    0.00000e+00
    2.20870e+23         1.43345e+12    0.00000e+00
    2.20870e+23         1.33236e+12    0.00000e+00
    2.20870e+23         1.21533e+12    0.00000e+00
    2.20870e+23         1.14498e+12    0.00000e+00
    2.20870e+23         1.06570e+12    0.00000e+00
    2.20870e+23         9.74136e+11    0.00000e+00
    2.20870e+23         9.19280e+11    0.00000e+00
    2.20870e+23         8.57621e+11    0.00000e+00
    2.20870e+23         7.86678e+11    0.00000e+00
    2.20870e+23         7.44444e+11    0.00000e+00
    2.20870e+23         6.97230e+11    0.00000e+00
    2.20870e+23         6.43329e+11    0.00000e+00
    2.20870e+23         5.79911e+11    0.00000e+00
    2.20870e+23         5.40812e+11    0.00000e+00
    2.20870e+23         4.95790e+11    0.00000e+00
    2.20870e+23         4.68955e+11    0.00000e+00
    2.20870e+23         4.38928e+11    0.00000e+00
    2.20870e+23         4.04595e+11    0.00000e+00
    2.20870e+23         3.84335e+11    0.00000e+00
    2.20870e+23         3.61835e+11    0.00000e+00
    2.20870e+23         3.36389e+11    0.00000e+00
    2.20870e+23         3.06844e+11    0.00000e+00
    2.20870e+23         2.88993e+11    0.00000e+00
    2.20870e+23         2.68795e+11    0.00000e+00
    2.20870e+23         2.45347e+11    0.00000e+00
    2.20870e+23         2.31221e+11    0.00000e+00
    2.20870e+23         2.15272e+11    0.00000e+00
    2.20870e+23         1.96820e+11    0.00000e+00
    2.20870e+23         1.85755e+11    0.00000e+00
    2.20870e+23         1.73316e+11    0.00000e+00
    2.20870e+23         1.59006e+11    0.00000e+00
    2.20870e+23         1.50493e+11    0.00000e+00
    2.20870e+23         1.40983e+11    0.00000e+00
    2.20870e+23         1.30140e+11    0.00000e+00
    2.20870e+23         1.17407e+11    0.00000e+00
    2.20870e+23         1.09580e+11    0.00000e+00
    2.20870e+23         1.00592e+11    0.00000e+00
    2.20870e+23         9.52576e+10    0.00000e+00
    2.20870e+23         8.93083e+10    0.00000e+00
    2.20870e+23         8.25388e+10    0.00000e+00
    2.20870e+23         7.46123e+10    0.00000e+00
    2.20870e+23         6.97617e+10    0.00000e+00
    2.20870e+23         6.42127e+10    0.00000e+00
    2.20870e+23         6.09378e+10    0.00000e+00
    2.20870e+23         5.73013e+10    0.00000e+00
    2.20870e+23         5.31885e+10    0.00000e+00
    2.20870e+23         4.84149e+10    0.00000e+00
    2.20870e+23         4.55341e+10    0.00000e+00
    2.20870e+23         4.22773e+10    0.00000e+00
    2.20870e+23         3.84993e+10    0.00000e+00
    2.20870e+23         3.62214e+10    0.00000e+00
    2.20870e+23         3.36479e+10    0.00000e+00
    2.20870e+23         3.06657e+10    0.00000e+00
    2.20870e+23         2.88705e+10    0.00000e+00
    2.20870e+23         2.68451e+10    0.00000e+00
    2.20870e+23         2.45025e+10    0.00000e+00
    2.20870e+23         2.30965e+10    0.00000e+00
    2.20870e+23         2.15142e+10    0.00000e+00
    2.20870e+23         1.96905e+10    0.00000e+00
    2.20870e+23         1.86019e+10    0.00000e+00
    2.20870e+23         1.73822e+10    0.00000e+00
    2.20870e+23         1.59853e+10    0.00000e+00
    2.20870e+23         1.51594e+10    0.00000e+00
    2.20870e+23         1.42412e+10    0.00000e+00
    2.20870e+23         1.32006e+10    0.00000e+00
    2.20870e+23         1.19896e+10    0.00000e+00
    2.20870e+23         1.12556e+10    0.00000e+00
    2.20870e+23         1.04228e+10    0.00000e+00
    2.20870e+23         9.45146e+09    0.00000e+00
    2.20870e+23         8.86088e+09    0.00000e+00
    2.20870e+23         8.18894e+09    0.00000e+00
    2.20870e+23         7.40221e+09    0.00000e+00
    2.20870e+23         6.92078e+09    0.00000e+00
    2.20870e+23         6.37005e+09    0.00000e+00
    2.20870e+23         6.04501e+09    0.00000e+00
    2.20870e+23         5.68407e+09    0.00000e+00
    2.20870e+23         5.27585e+09    0.00000e+00
    2.20870e+23         4.80200e+09    0.00000e+00
    2.20870e+23         4.51601e+09    0.00000e+00
    2.20870e+23         4.19265e+09    0.00000e+00
    2.20870e+23         3.81750e+09    0.00000e+00
    2.20870e+23         3.59124e+09    0.00000e+00
    2.20870e+23         3.33557e+09    0.00000e+00
    2.20870e+23         3.03921e+09    0.00000e+00
    2.20870e+23         2.86072e+09    0.00000e+00
    2.20870e+23         2.65926e+09    0.00000e+00
    2.20870e+23         2.42613e+09    0.00000e+00
    2.20870e+23         2.28608e+09    0.00000e+00
    2.20870e+23         2.12835e+09    0.00000e+00
    2.20870e+23         1.94637e+09    0.00000e+00
    2.20870e+23         1.83757e+09    0.00000e+00
    2.20870e+23         1.71551e+09    0.00000e+00
    2.20870e+23         1.57546e+09    0.00000e+00
    2.20870e+23         1.49243e+09    0.00000e+00
    2.20870e+23         1.39991e+09    0.00000e+00
    2.20870e+23         1.29475e+09    0.00000e+00
    2.20870e+23         1.17181e+09    0.00000e+00
    2.20870e+23         1.09677e+09    0.00000e+00
    2.20870e+23         1.01111e+09    0.00000e+00
    2.20870e+23         9.10323e+08    0.00000e+00
    2.20870e+23         8.48152e+08    0.00000e+00
    2.20870e+23         7.76532e+08    0.00000e+00
    2.20870e+23         7.33812e+08    0.00000e+00
    2.20870e+23         6.85972e+08    0.00000e+00
    2.20870e+23         6.31228e+08    0.00000e+00
    2.20870e+23         5.98902e+08    0.00000e+00
    2.20870e+23         5.62993e+08    0.00000e+00
    2.20870e+23         5.22356e+08    0.00000e+00
    2.20870e+23         4.75151e+08    0.00000e+00
    2.20870e+23         4.46626e+08    0.00000e+00
    2.20870e+23         4.14341e+08    0.00000e+00
    2.20870e+23         3.76828e+08    0.00000e+00
    2.20870e+23         3.54152e+08    0.00000e+00
    2.20870e+23         3.28479e+08    0.00000e+00
    2.20870e+23         2.98635e+08    0.00000e+00
    2.20870e+23         2.80582e+08    0.00000e+00
    2.20870e+23         2.60131e+08    0.00000e+00
    2.20870e+23         2.36338e+08    0.00000e+00
    2.20870e+23         2.21926e+08    0.00000e+00
    2.20870e+23         2.05581e+08    0.00000e+00
    2.20870e+23         1.86533e+08    0.00000e+00
    2.20870e+23         1.74965e+08    0.00000e+00
    2.20870e+23         1.61817e+08    0.00000e+00
    2.20870e+23         1.46445e+08    0.00000e+00
    2.20870e+23         1.37061e+08    0.00000e+00
    2.20870e+23         1.26348e+08    0.00000e+00
    2.20870e+23         1.13742e+08    0.00000e+00
    2.20870e+23         1.05964e+08    0.00000e+00
    2.20870e+23         9.70018e+07    0.00000e+00
    2.20870e+23         9.16546e+07    0.00000e+00
    2.20870e+23         8.56653e+07    0.00000e+00
    2.20870e+23         7.88093e+07    0.00000e+00
    2.20870e+23         7.47589e+07    0.00000e+00
    2.20870e+23         7.02577e+07    0.00000e+00
    2.20870e+23         6.51613e+07    0.00000e+00
    2.20870e+23         5.92366e+07    0.00000e+00
    2.20870e+23         5.56520e+07    0.00000e+00
    2.20870e+23         5.15907e+07    0.00000e+00
    2.20870e+23         4.68648e+07    0.00000e+00
    2.20870e+23         4.40013e+07    0.00000e+00
    2.20870e+23         4.07530e+07    0.00000e+00
    2.20870e+23         3.69662e+07    0.00000e+00
    2.20870e+23         3.46650e+07    0.00000e+00
    2.20870e+23         3.20482e+07    0.00000e+00
    2.20870e+23         2.89865e+07    0.00000e+00
    2.20870e+23         2.71152e+07    0.00000e+00
    2.20870e+23         2.49767e+07    0.00000e+00
    2.20870e+23         2.37166e+07    0.00000e+00
    2.20870e+23         2.23189e+07    0.00000e+00
    2.20870e+23         2.07407e+07    0.00000e+00
    2.20870e+23         1.89132e+07    0.00000e+00
    2.20870e+23         1.78144e+07    0.00000e+00
    2.20870e+23         1.65758e+07    0.00000e+00
    2.20870e+23         1.51452e+07    0.00000e+00
    2.20870e+23         1.42883e+07    0.00000e+00
    2.20870e+23         1.33257e+07    0.00000e+00
    2.20870e+23         1.22189e+07    0.00000e+00
    2.20870e+23         1.15607e+07    0.00000e+00
    2.20870e+23         1.08254e+07    0.00000e+00
    2.20870e+23         9.98687e+06    0.00000e+00
    2.20870e+23         9.00160e+06    0.00000e+00
    2.20870e+23         8.39523e+06    0.00000e+00
    2.20870e+23         7.69809e+06    0.00000e+00
    2.20870e+23         7.28353e+06    0.00000e+00
    2.20870e+23         6.82044e+06    0.00000e+00
    2.20870e+23         6.29233e+06    0.00000e+00
    2.20870e+23         5.67184e+06    0.00000e+00
    2.20870e+23         5.29001e+06    0.00000e+00
    2.20870e+23         4.85106e+06    0.00000e+00
    2.20870e+23         4.59008e+06    0.00000e+00
    2.20870e+23         4.29857e+06    0.00000e+00
    2.20870e+23         3.96618e+06    0.00000e+00
    2.20870e+23         3.57575e+06    0.00000e+00
    2.20870e+23         3.33557e+06    0.00000e+00
    2.20870e+23         3.05956e+06    0.00000e+00
    2.20870e+23         2.89554e+06    0.00000e+00
    2.20870e+23         2.71240e+06    0.00000e+00
    2.20870e+23         2.50370e+06    0.00000e+00
    2.20870e+23         2.25876e+06    0.00000e+00
    2.20870e+23         2.10828e+06    0.00000e+00
    2.20870e+23         1.93556e+06    0.00000e+00
    2.20870e+23         1.83310e+06    0.00000e+00
    2.20870e+23         1.71887e+06    0.00000e+00
    2.20870e+23         1.58894e+06    0.00000e+00
    2.20870e+23         1.43690e+06    0.00000e+00
    2.20870e+23         1.34395e+06    0.00000e+00
    2.20870e+23         1.23769e+06    0.00000e+00
    2.20870e+23         1.17504e+06    0.00000e+00
    2.20870e+23         1.10554e+06    0.00000e+00
    2.20870e+23         1.02702e+06    0.00000e+00
    2.20870e+23         9.36036e+05    0.00000e+00
    2.20870e+23         8.81272e+05    0.00000e+00
    2.20870e+23         8.19489e+05    0.00000e+00
    2.20870e+23         7.48041e+05    0.00000e+00
    2.20870e+23         7.05166e+05    0.00000e+00
    2.20870e+23         6.56919e+05    0.00000e+00
    2.20870e+23         6.01325e+05    0.00000e+00
    2.20870e+23         5.68150e+05    0.00000e+00
    2.20870e+23         5.30989e+05    0.00000e+00
    2.20870e+23         4.88443e+05    0.00000e+00
    2.20870e+23         4.63303e+05    0.00000e+00
    2.20870e+23         4.35361e+05    0.00000e+00
    2.20870e+23         4.03717e+05    0.00000e+00
    2.20870e+23         3.66918e+05    0.00000e+00
    2.20870e+23         3.44642e+05    0.00000e+00
    2.20870e+23         3.19394e+05    0.00000e+00
    2.20870e+23         2.89997e+05    0.00000e+00
    2.20870e+23         2.72167e+05    0.00000e+00
    2.20870e+23         2.51925e+05    0.00000e+00
    2.20870e+23         2.28299e+05    0.00000e+00
    2.20870e+23         2.13915e+05    0.00000e+00
    2.20870e+23         1.97530e+05    0.00000e+00
    2.20870e+23         1.78316e+05    0.00000e+00
    2.20870e+23         1.66526e+05    0.00000e+00
    2.20870e+23         1.53008e+05    0.00000e+00
    2.20870e+23         1.45003e+05    0.00000e+00
    2.20870e+23         1.36088e+05    0.00000e+00
    2.20870e+23         1.25968e+05    0.00000e+00
    2.20870e+23         1.14156e+05    0.00000e+00
    2.20870e+23         1.06964e+05    0.00000e+00
    2.20870e+23         9.87731e+04    0.00000e+00
    2.20870e+23         8.91673e+04    0.00000e+00
    2.20870e+23         8.32739e+04    0.00000e+00
    2.20870e+23         7.65167e+04    0.00000e+00
    2.20870e+23         7.25150e+04    0.00000e+00
    2.20870e+23         6.80595e+04    0.00000e+00
    2.20870e+23         6.30016e+04    0.00000e+00
    2.20870e+23         5.70989e+04    0.00000e+00
    2.20870e+23         5.35058e+04    0.00000e+00
    2.20870e+23         4.94140e+04    0.00000e+00
    2.20870e+23         4.46164e+04    0.00000e+00
    2.20870e+23         4.16740e+04    0.00000e+00
    2.20870e+23         3.83014e+04    0.00000e+00
    2.20870e+23         3.63050e+04    0.00000e+00
    2.20870e+23         3.40831e+04    0.00000e+00
    2.20870e+23         3.15620e+04    0.00000e+00
    2.20870e+23         2.86222e+04    0.00000e+00
    2.20870e+23         2.68347e+04    0.00000e+00
    2.20870e+23         2.48013e+04    0.00000e+00
    2.20870e+23         2.24207e+04    0.00000e+00
    2.20870e+23         2.09642e+04    0.00000e+00
    2.20870e+23         1.92983e+04    0.00000e+00
    2.20870e+23         1.83153e+04    0.00000e+00
    2.20870e+23         1.72240e+04    0.00000e+00
    2.20870e+23         1.59901e+04    0.00000e+00
    2.20870e+23         1.45583e+04    0.00000e+00
    2.20870e+23         1.36947e+04    0.00000e+00
    2.20870e+23         1.27187e+04    0.00000e+00
    2.20870e+23         1.15872e+04    0.00000e+00
    2.20870e+23         1.09056e+04    0.00000e+00
    2.20870e+23         1.01361e+04    0.00000e+00
    2.20870e+23         9.24528e+03    0.00000e+00
    2.20870e+23         8.70993e+03    0.00000e+00
    2.20870e+23         8.10674e+03    0.00000e+00
    2.20870e+23         7.41045e+03    0.00000e+00
    2.20870e+23         6.99381e+03    0.00000e+00
    2.20870e+23         6.52605e+03    0.00000e+00
    2.20870e+23         5.98883e+03    0.00000e+00
    2.20870e+23         5.66987e+03    0.00000e+00
    2.20870e+23         5.31401e+03    0.00000e+00
    2.20870e+23         4.90890e+03    0.00000e+00
    2.20870e+23         4.43416e+03    0.00000e+00
    2.20870e+23         4.14324e+03    0.00000e+00
    2.20870e+23         3.81003e+03    0.00000e+00
    2.20870e+23         3.61301e+03    0.00000e+00
    2.20870e+23         3.39392e+03    0.00000e+00
    2.20870e+23         3.14564e+03    0.00000e+00
    2.20870e+23         2.85660e+03    0.00000e+00
    2.20870e+23         2.68136e+03    0.00000e+00
    2.20870e+23         2.48247e+03    0.00000e+00
    2.20870e+23         2.25043e+03    0.00000e+00
    2.20870e+23         2.10925e+03    0.00000e+00
    2.20870e+23         1.94854e+03    0.00000e+00
    2.20870e+23         1.76022e+03    0.00000e+00
    2.20870e+23         1.64484e+03    0.00000e+00
    2.20870e+23         1.51271e+03    0.00000e+00
    2.20870e+23         1.43459e+03    0.00000e+00
    2.20870e+23         1.34774e+03    0.00000e+00
    2.20870e+23         1.24933e+03    0.00000e+00
    2.20870e+23         1.13481e+03    0.00000e+00
    2.20870e+23         1.06541e+03    0.00000e+00
    2.20870e+23         9.86670e+02    0.00000e+00
    2.20870e+23         8.94864e+02    0.00000e+00
    2.20870e+23         8.39060e+02    0.00000e+00
    2.20870e+23         7.75586e+02    0.00000e+00
    2.20870e+23         7.01297e+02    0.00000e+00
    2.20870e+23         6.55867e+02    0.00000e+00
    2.20870e+23         6.03924e+02    0.00000e+00
    2.20870e+23         5.73293e+02    0.00000e+00
    2.20870e+23         5.39302e+02    0.00000e+00
    2.20870e+23         5.00891e+02    0.00000e+00
    2.20870e+23         4.56363e+02    0.00000e+00
    2.20870e+23         4.29542e+02    0.00000e+00
    2.20870e+23         3.99267e+02    0.00000e+00
    2.20870e+23         3.64227e+02    0.00000e+00
    2.20870e+23         3.43173e+02    0.00000e+00
    2.20870e+23         3.19458e+02    0.00000e+00
    2.20870e+23         2.92090e+02    0.00000e+00
    2.20870e+23         2.75722e+02    0.00000e+00
    2.20870e+23         2.57353e+02    0.00000e+00
    2.20870e+23         2.36268e+02    0.00000e+00
    2.20870e+23         2.23760e+02    0.00000e+00
    2.20870e+23         2.09814e+02    0.00000e+00
    2.20870e+23         1.93953e+02    0.00000e+00
    2.20870e+23         1.75392e+02    0.00000e+00
    2.20870e+23         1.64043e+02    0.00000e+00
    2.20870e+23         1.51069e+02    0.00000e+00
    2.20870e+23         1.43421e+02    0.00000e+00
    2.20870e+23         1.34934e+02    0.00000e+00
    2.20870e+23         1.25347e+02    0.00000e+00
    2.20870e+23         1.14237e+02    0.00000e+00
    2.20870e+23         1.07549e+02    0.00000e+00
    2.20870e+23         1.00003e+02    0.00000e+00
    2.20870e+23         9.12760e+01    0.00000e+00
    2.20870e+23         8.60380e+01    0.00000e+00
    2.20870e+23         8.01427e+01    0.00000e+00
    2.20870e+23         7.33483e+01    0.00000e+00
    2.20870e+23         6.92925e+01    0.00000e+00
    2.20870e+23         6.47481e+01    0.00000e+00
    2.20870e+23         5.95434e+01    0.00000e+00
    2.20870e+23         5.64662e+01    0.00000e+00
    2.20870e+23         5.30444e+01    0.00000e+00
    2.20870e+23         4.91670e+01    0.00000e+00
    2.20870e+23         4.46539e+01    0.00000e+00
    2.20870e+23         4.19182e+01    0.00000e+00
    2.20870e+23         3.88137e+01    0.00000e+00
    2.20870e+23         3.51928e+01    0.00000e+00
    2.20870e+23         3.29906e+01    0.00000e+00
    2.20870e+23         3.04845e+01    0.00000e+00
    2.20870e+23         2.75496e+01    0.00000e+00
    2.20870e+23         2.57528e+01    0.00000e+00
    2.20870e+23         2.36965e+01    0.00000e+00
    2.20870e+23         2.24822e+01    0.00000e+00
    2.20870e+23         2.11331e+01    0.00000e+00
    2.20870e+23         1.96063e+01    0.00000e+00
    2.20870e+23         1.78325e+01    0.00000e+00
    2.20870e+23         1.67604e+01    0.00000e+00
    2.20870e+23         1.55467e+01    0.00000e+00
    2.20870e+23         1.41361e+01    0.00000e+00
    2.20870e+23         1.32831e+01    0.00000e+00
    2.20870e+23         1.23169e+01    0.00000e+00
    2.20870e+23         1.11932e+01    0.00000e+00
    2.20870e+23         1.05129e+01    0.00000e+00
    2.20870e+23         9.74172e+00    0.00000e+00
    2.20870e+23         8.84359e+00    0.00000e+00
    2.20870e+23         8.29868e+00    0.00000e+00
    2.20870e+23         7.67986e+00    0.00000e+00
    2.20870e+23         6.95730e+00    0.00000e+00
    2.20870e+23         6.51708e+00    0.00000e+00
    2.20870e+23         6.01537e+00    0.00000e+00
    2.20870e+23         5.42649e+00    0.00000e+00
    2.20870e+23         5.06468e+00    0.00000e+00
    2.20870e+23         4.64932e+00    0.00000e+00
    2.20870e+23         4.40288e+00    0.00000e+00
    2.20870e+23         4.12808e+00    0.00000e+00
    2.20870e+23         3.81548e+00    0.00000e+00
    2.20870e+23         3.44955e+00    0.00000e+00
    2.20870e+23         3.22571e+00    0.00000e+00
    2.20870e+23         2.96972e+00    0.00000e+00
    2.20870e+23         2.81872e+00    0.00000e+00
    2.20870e+23         2.65110e+00    0.00000e+00
    2.20870e+23         2.46161e+00    0.00000e+00
    2.20870e+23         2.24182e+00    0.00000e+00
    2.20870e+23         2.10933e+00    0.00000e+00
    2.20870e+23         1.95967e+00    0.00000e+00
    2.20870e+23         1.78627e+00    0.00000e+00
    2.20870e+23         1.68192e+00    0.00000e+00
    2.20870e+23         1.56423e+00    0.00000e+00
    2.20870e+23         1.42816e+00    0.00000e+00
    2.20870e+23         1.34654e+00    0.00000e+00
    2.20870e+23         1.25472e+00    0.00000e+00
    2.20870e+23         1.14898e+00    0.00000e+00
    2.20870e+23         1.08593e+00    0.00000e+00
    2.20870e+23         1.01535e+00    0.00000e+00
    2.20870e+23         9.34607e-01    0.00000e+00
    2.20870e+23         8.86961e-01    0.00000e+00
    2.20870e+23         8.34059e-01    0.00000e+00
    2.20870e+23         7.74233e-01    0.00000e+00
    2.20870e+23         7.04804e-01    0.00000e+00
    2.20870e+23         6.62913e-01    0.00000e+00
    2.20870e+23         6.15561e-01    0.00000e+00
    2.20870e+23         5.60644e-01    0.00000e+00
    2.20870e+23         5.27542e-01    0.00000e+00
    2.20870e+23         4.90157e-01    0.00000e+00
    2.20870e+23         4.46850e-01    0.00000e+00
    2.20870e+23         4.20796e-01    0.00000e+00
    2.20870e+23         3.91417e-01    0.00000e+00
    2.20870e+23         3.57461e-01    0.00000e+00
    2.20870e+23         3.37104e-01    0.00000e+00
    2.20870e+23         3.14215e-01    0.00000e+00
    2.20870e+23         2.87869e-01    0.00000e+00
    2.20870e+23         2.72175e-01    0.00000e+00
    2.20870e+23         2.54618e-01    0.00000e+00
    2.20870e+23         2.34557e-01    0.00000e+00
    2.20870e+23         2.22738e-01    0.00000e+00
    2.20870e+23         2.09630e-01    0.00000e+00
    2.20870e+23         1.94833e-01    0.00000e+00
    2.20870e+23         1.77702e-01    0.00000e+00
    2.20870e+23         1.67405e-01    0.00000e+00
    2.20870e+23         1.55803e-01    0.00000e+00
    2.20870e+23         1.42409e-01    0.00000e+00
    2.20870e+23         1.34393e-01    0.00000e+00
    2.20870e+23         1.25392e-01    0.00000e+00
    2.20870e+23         1.15052e-01    0.00000e+00
    2.20870e+23         1.08911e-01    0.00000e+00
    2.20870e+23         1.02058e-01    0.00000e+00
    2.20870e+23         9.42543e-02    0.00000e+00
    2.20870e+23         8.51046e-02    0.00000e+00
    2.20870e+23         7.94931e-02    0.00000e+00
    2.20870e+23         7.30614e-02    0.00000e+00
    2.20870e+23         6.92545e-02    0.00000e+00
    2.20870e+23         6.50175e-02    0.00000e+00
    2.20870e+23         6.02103e-02    0.00000e+00
    2.20870e+23         5.46048e-02    0.00000e+00
    2.20870e+23         5.11971e-02    0.00000e+00
    2.20870e+23         4.73207e-02    0.00000e+00
    2.20870e+23         4.27832e-02    0.00000e+00
    2.20870e+23         4.00076e-02    0.00000e+00
    2.20870e+23         3.68336e-02    0.00000e+00
    2.20870e+23         3.49613e-02    0.00000e+00
    2.20870e+23         3.28831e-02    0.00000e+00
    2.20870e+23         3.05339e-02    0.00000e+00
    2.20870e+23         2.78094e-02    0.00000e+00
    2.20870e+23         2.61671e-02    0.00000e+00
    2.20870e+23         2.43122e-02    0.00000e+00
    2.20870e+23         2.21634e-02    0.00000e+00
    2.20870e+23         2.08706e-02    0.00000e+00
    2.20870e+23         1.94127e-02    0.00000e+00
    2.20870e+23         1.77276e-02    0.00000e+00
    2.20870e+23         1.67173e-02    0.00000e+00
    2.20870e+23         1.55811e-02    0.00000e+00
    2.20870e+23         1.42732e-02    0.00000e+00
    2.20870e+23         1.34939e-02    0.00000e+00
    2.20870e+23         1.26220e-02    0.00000e+00
    2.20870e+23         1.16255e-02    0.00000e+00
    2.20870e+23         1.10381e-02    0.00000e+00
    2.20870e+23         1.03866e-02    0.00000e+00
    2.20870e+23         9.65080e-03    0.00000e+00
    2.20870e+23         8.79851e-03    0.00000e+00
    2.20870e+23         8.28581e-03    0.00000e+00
    2.20870e+23         7.70770e-03    0.00000e+00
    2.20870e+23         7.03961e-03    0.00000e+00
    2.20870e+23         6.63916e-03    0.00000e+00
    2.20870e+23         6.18893e-03    0.00000e+00
    2.20870e+23         5.67083e-03    0.00000e+00
    2.20870e+23         5.36227e-03    0.00000e+00
    2.20870e+23         5.01719e-03    0.00000e+00
    2.20870e+23         4.62300e-03    0.00000e+00
    2.20870e+23         4.39087e-03    0.00000e+00
    2.20870e+23         4.13353e-03    0.00000e+00
    2.20870e+23         3.84317e-03    0.00000e+00
    2.20870e+23         3.50726e-03    0.00000e+00
    2.20870e+23         3.30560e-03    0.00000e+00
    2.20870e+23         3.07858e-03    0.00000e+00
    2.20870e+23         2.81685e-03    0.00000e+00
    2.20870e+23         2.66053e-03    0.00000e+00
    2.20870e+23         2.48530e-03    0.00000e+00
    2.20870e+23         2.28450e-03    0.00000e+00
    2.20870e+23         2.16567e-03    0.00000e+00
    2.20870e+23         2.03344e-03    0.00000e+00
    2.20870e+23         1.88346e-03    0.00000e+00
    2.20870e+23         1.70864e-03    0.00000e+00
    2.20870e+23         1.60243e-03    0.00000e+00
    2.20870e+23         1.48168e-03    0.00000e+00
    2.20870e+23         1.34043e-03    0.00000e+00
    2.20870e+23         1.25414e-03    0.00000e+00
    2.20870e+23         1.15557e-03    0.00000e+00
    2.20870e+23         1.09752e-03    0.00000e+00
    2.20870e+23         1.03317e-03    0.00000e+00
    2.20870e+23         9.60543e-04    0.00000e+00
    2.20870e+23         8.76523e-04    0.00000e+00
    2.20870e+23         8.26074e-04    0.00000e+00
    2.20870e+23         7.69274e-04    0.00000e+00
    2.20870e+23         7.03778e-04    0.00000e+00
    2.20870e+23         6.64650e-04    0.00000e+00
    2.20870e+23         6.20780e-04    0.00000e+00
    2.20870e+23         5.70491e-04    0.00000e+00
    2.20870e+23         5.40717e-04    0.00000e+00
    2.20870e+23         5.07575e-04    0.00000e+00
    2.20870e+23         4.69964e-04    0.00000e+00
    2.20870e+23         4.26091e-04    0.00000e+00
    2.20870e+23         3.99405e-04    0.00000e+00
    2.20870e+23         3.69033e-04    0.00000e+00
    2.20870e+23         3.33457e-04    0.00000e+00
    2.20870e+23         3.11670e-04    0.00000e+00
    2.20870e+23         2.86732e-04    0.00000e+00
    2.20870e+23         2.71999e-04    0.00000e+00
    2.20870e+23         2.55627e-04    0.00000e+00
    2.20870e+23         2.37091e-04    0.00000e+00
    2.20870e+23         2.15544e-04    0.00000e+00
    2.20870e+23         2.02508e-04    0.00000e+00
    2.20870e+23         1.87740e-04    0.00000e+00
    2.20870e+23         1.70557e-04    0.00000e+00
    2.20870e+23         1.60148e-04    0.00000e+00
    2.20870e+23         1.48341e-04    0.00000e+00
    2.20870e+23         1.34580e-04    0.00000e+00
    2.20870e+23         1.26221e-04    0.00000e+00
    2.20870e+23         1.16717e-04    0.00000e+00
    2.20870e+23         1.05603e-04    0.00000e+00
    2.20870e+23         9.88150e-05    0.00000e+00
    2.20870e+23         9.10620e-05    0.00000e+00
    2.20870e+23         8.64973e-05    0.00000e+00
    2.20870e+23         8.14382e-05    0.00000e+00
    2.20870e+23         7.57309e-05    0.00000e+00
    2.20870e+23         6.91311e-05    0.00000e+00
    2.20870e+23         6.51710e-05    0.00000e+00
    2.20870e+23         6.07150e-05    0.00000e+00
    2.20870e+23         5.55809e-05    0.00000e+00
    2.20870e+23         5.25177e-05    0.00000e+00
    2.20870e+23         4.90868e-05    0.00000e+00
    2.20870e+23         4.51595e-05    0.00000e+00
    2.20870e+23         4.28395e-05    0.00000e+00
    2.20870e+23         4.02614e-05    0.00000e+00
    2.20870e+23         3.73425e-05    0.00000e+00
    2.20870e+23         3.39495e-05    0.00000e+00
    2.20870e+23         3.18969e-05    0.00000e+00
    2.20870e+23         2.95717e-05    0.00000e+00
    2.20870e+23         2.68664e-05    0.00000e+00
    2.20870e+23         2.52277e-05    0.00000e+00


