              t                   M              a
    1.23833e-21         1.00000e+17    8.00000e-01
    2.47665e-21         9.79892e+16    7.71774e-01
    3.71498e-21         9.61135e+16    7.46447e-01
    4.95331e-21         9.43135e+16    7.23417e-01
    6.19164e-21         9.25489e+16    7.02111e-01
    7.42996e-21         9.07869e+16    6.82296e-01
    8.66829e-21         8.90103e+16    6.63906e-01
    9.90662e-21         8.71863e+16    6.46704e-01
    1.11449e-20         8.53042e+16    6.30662e-01
    1.23833e-20         8.33537e+16    6.15391e-01
    1.36216e-20         8.13187e+16    6.00928e-01
    1.48599e-20         7.91738e+16    5.87281e-01
    1.60983e-20         7.68891e+16    5.74501e-01
    1.73366e-20         7.44569e+16    5.62375e-01
    1.85749e-20         7.18514e+16    5.50687e-01
    1.98132e-20         6.90269e+16    5.39569e-01
    2.10516e-20         6.59313e+16    5.29103e-01
    2.22899e-20         6.25147e+16    5.18927e-01
    2.35282e-20         5.86460e+16    5.09604e-01
    2.47665e-20         5.41725e+16    5.01225e-01
    2.60049e-20         4.88466e+16    4.93845e-01
    2.66240e-20         4.55107e+16    4.90896e-01
    2.72432e-20         4.16262e+16    4.88535e-01
    2.75528e-20         3.92820e+16    4.87713e-01
    2.78624e-20         3.66381e+16    4.87101e-01
    2.81719e-20         3.35810e+16    4.86880e-01
    2.83267e-20         3.17502e+16    4.87067e-01
    2.84815e-20         2.96974e+16    4.87407e-01
    2.86363e-20         2.73447e+16    4.87983e-01
    2.87137e-20         2.59537e+16    4.88425e-01
    2.87911e-20         2.44072e+16    4.88988e-01
    2.88685e-20         2.26559e+16    4.89706e-01
    2.89459e-20         2.06203e+16    4.90625e-01
    2.89846e-20         1.93903e+16    4.91214e-01
    2.90233e-20         1.79982e+16    4.91909e-01
    2.90620e-20         1.63811e+16    4.92748e-01
    2.90813e-20         1.54045e+16    4.93262e-01
    2.91007e-20         1.42998e+16    4.93841e-01
    2.91200e-20         1.30173e+16    4.94515e-01
    2.91297e-20         1.22432e+16    4.94921e-01
    2.91394e-20         1.13680e+16    4.95372e-01
    2.91491e-20         1.03527e+16    4.95882e-01
    2.91539e-20         9.74057e+15    4.96181e-01
    2.91587e-20         9.04896e+15    4.96512e-01
    2.91636e-20         8.24754e+15    4.96885e-01
    2.91660e-20         7.76515e+15    4.97099e-01
    2.91684e-20         7.22094e+15    4.97334e-01
    2.91708e-20         6.59159e+15    4.97597e-01
    2.91720e-20         6.21395e+15    4.97747e-01
    2.91733e-20         5.78901e+15    4.97911e-01
    2.91745e-20         5.29939e+15    4.98091e-01
    2.91751e-20         5.00725e+15    4.98194e-01
    2.91757e-20         4.68003e+15    4.98304e-01
    2.91763e-20         4.30545e+15    4.98426e-01
    2.91766e-20         4.08415e+15    4.98494e-01
    2.91769e-20         3.83822e+15    4.98568e-01
    2.91772e-20         3.55977e+15    4.98648e-01
    2.91775e-20         3.23604e+15    4.98737e-01
    2.91776e-20         3.04018e+15    4.98786e-01
    2.91778e-20         2.81827e+15    4.98841e-01
    2.91779e-20         2.56003e+15    4.98902e-01
    2.91780e-20         2.40355e+15    4.98936e-01
    2.91781e-20         2.22603e+15    4.98973e-01
    2.91782e-20         2.01907e+15    4.99014e-01
    2.91782e-20         1.89329e+15    4.99037e-01
    2.91782e-20         1.75024e+15    4.99062e-01
    2.91783e-20         1.58286e+15    4.99090e-01
    2.91783e-20         1.48053e+15    4.99106e-01
    2.91783e-20         1.36357e+15    4.99123e-01
    2.91783e-20         1.29462e+15    4.99133e-01
    2.91783e-20         1.21814e+15    4.99143e-01
    2.91783e-20         1.13175e+15    4.99154e-01
    2.91784e-20         1.03166e+15    4.99166e-01
    2.91784e-20         9.71444e+14    4.99173e-01
    2.91784e-20         9.03526e+14    4.99180e-01
    2.91784e-20         8.25013e+14    4.99188e-01
    2.91784e-20         7.77930e+14    4.99193e-01
    2.91784e-20         7.24974e+14    4.99198e-01
    2.91784e-20         6.64000e+14    4.99203e-01
    2.91784e-20         6.27657e+14    4.99206e-01
    2.91784e-20         5.86983e+14    4.99209e-01
    2.91784e-20         5.40477e+14    4.99212e-01
    2.91784e-20         5.13050e+14    4.99214e-01
    2.91784e-20         4.82612e+14    4.99216e-01
    2.91784e-20         4.48214e+14    4.99218e-01
    2.91784e-20         4.08334e+14    4.99221e-01
    2.91784e-20         3.84308e+14    4.99222e-01
    2.91784e-20         3.57185e+14    4.99224e-01
    2.91784e-20         3.25786e+14    4.99225e-01
    2.91784e-20         3.06915e+14    4.99226e-01
    2.91784e-20         2.85652e+14    4.99227e-01
    2.91784e-20         2.61105e+14    4.99228e-01
    2.91784e-20         2.46415e+14    4.99229e-01
    2.91784e-20         2.29922e+14    4.99229e-01
    2.91784e-20         2.10978e+14    4.99230e-01
    2.91784e-20         1.99728e+14    4.99231e-01
    2.91784e-20         1.87175e+14    4.99231e-01
    2.91784e-20         1.72883e+14    4.99231e-01
    2.91784e-20         1.56129e+14    4.99232e-01
    2.91784e-20         1.45858e+14    4.99232e-01
    2.91784e-20         1.34090e+14    4.99232e-01
    2.91784e-20         1.27128e+14    4.99233e-01
    2.91784e-20         1.19382e+14    4.99233e-01
    2.91784e-20         1.10598e+14    4.99233e-01
    2.91784e-20         1.00364e+14    4.99233e-01
    2.91784e-20         9.41499e+13    4.99233e-01
    2.91784e-20         8.70887e+13    4.99233e-01
    2.91784e-20         7.88360e+13    4.99234e-01
    2.91784e-20         7.38005e+13    4.99234e-01
    2.91784e-20         6.80544e+13    4.99234e-01
    2.91784e-20         6.12970e+13    4.99234e-01
    2.91784e-20         5.71324e+13    4.99234e-01
    2.91784e-20         5.23384e+13    4.99234e-01
    2.91784e-20         4.94822e+13    4.99234e-01
    2.91784e-20         4.62868e+13    4.99234e-01
    2.91784e-20         4.26349e+13    4.99234e-01
    2.91784e-20         4.04827e+13    4.99234e-01
    2.91784e-20         3.80957e+13    4.99234e-01
    2.91784e-20         3.54001e+13    4.99234e-01
    2.91784e-20         3.22785e+13    4.99234e-01
    2.91784e-20         3.04011e+13    4.99234e-01
    2.91784e-20         2.82847e+13    4.99234e-01
    2.91784e-20         2.58398e+13    4.99234e-01
    2.91784e-20         2.43751e+13    4.99234e-01
    2.91784e-20         2.27290e+13    4.99234e-01
    2.91784e-20         2.08359e+13    4.99234e-01
    2.91784e-20         1.97095e+13    4.99234e-01
    2.91784e-20         1.84507e+13    4.99234e-01
    2.91784e-20         1.70143e+13    4.99234e-01
    2.91784e-20         1.53251e+13    4.99234e-01
    2.91784e-20         1.42840e+13    4.99234e-01
    2.91784e-20         1.30857e+13    4.99234e-01
    2.91784e-20         1.23717e+13    4.99234e-01
    2.91784e-20         1.15730e+13    4.99234e-01
    2.91784e-20         1.06603e+13    4.99234e-01
    2.91784e-20         1.01224e+13    4.99234e-01
    2.91784e-20         9.52583e+12    4.99234e-01
    2.91784e-20         8.85221e+12    4.99234e-01
    2.91784e-20         8.07217e+12    4.99234e-01
    2.91784e-20         7.60313e+12    4.99234e-01
    2.91784e-20         7.07444e+12    4.99234e-01
    2.91784e-20         6.46377e+12    4.99234e-01
    2.91784e-20         6.09802e+12    4.99234e-01
    2.91784e-20         5.68707e+12    4.99234e-01
    2.91784e-20         5.21459e+12    4.99234e-01
    2.91784e-20         4.93360e+12    4.99234e-01
    2.91784e-20         4.61970e+12    4.99234e-01
    2.91784e-20         4.26168e+12    4.99234e-01
    2.91784e-20         3.84099e+12    4.99234e-01
    2.91784e-20         3.58204e+12    4.99234e-01
    2.91784e-20         3.28430e+12    4.99234e-01
    2.91784e-20         3.10721e+12    4.99234e-01
    2.91784e-20         2.90936e+12    4.99234e-01
    2.91784e-20         2.68369e+12    4.99234e-01
    2.91784e-20         2.41847e+12    4.99234e-01
    2.91784e-20         2.25519e+12    4.99234e-01
    2.91784e-20         2.06739e+12    4.99234e-01
    2.91784e-20         1.95567e+12    4.99234e-01
    2.91784e-20         1.83081e+12    4.99234e-01
    2.91784e-20         1.68834e+12    4.99234e-01
    2.91784e-20         1.52081e+12    4.99234e-01
    2.91784e-20         1.41757e+12    4.99234e-01
    2.91784e-20         1.29875e+12    4.99234e-01
    2.91784e-20         1.22797e+12    4.99234e-01
    2.91784e-20         1.14880e+12    4.99234e-01
    2.91784e-20         1.05834e+12    4.99234e-01
    2.91784e-20         1.00505e+12    4.99234e-01
    2.91784e-20         9.45954e+11    4.99234e-01
    2.91784e-20         8.79246e+11    4.99234e-01
    2.91784e-20         8.02031e+11    4.99234e-01
    2.91784e-20         7.55632e+11    4.99234e-01
    2.91784e-20         7.03360e+11    4.99234e-01
    2.91784e-20         6.43030e+11    4.99234e-01
    2.91784e-20         6.06939e+11    4.99234e-01
    2.91784e-20         5.66429e+11    4.99234e-01
    2.91784e-20         5.19916e+11    4.99234e-01
    2.91784e-20         4.92313e+11    4.99234e-01
    2.91784e-20         4.61527e+11    4.99234e-01
    2.91784e-20         4.26497e+11    4.99234e-01
    2.91784e-20         3.85477e+11    4.99234e-01
    2.91784e-20         3.60370e+11    4.99234e-01
    2.91784e-20         3.31642e+11    4.99234e-01
    2.91784e-20         3.14682e+11    4.99234e-01
    2.91784e-20         2.95844e+11    4.99234e-01
    2.91784e-20         2.74531e+11    4.99234e-01
    2.91784e-20         2.49781e+11    4.99234e-01
    2.91784e-20         2.34831e+11    4.99234e-01
    2.91784e-20         2.17918e+11    4.99234e-01
    2.91784e-20         1.98278e+11    4.99234e-01
    2.91784e-20         1.86415e+11    4.99234e-01
    2.91784e-20         1.72996e+11    4.99234e-01
    2.91784e-20         1.57413e+11    4.99234e-01
    2.91784e-20         1.48003e+11    4.99234e-01
    2.91784e-20         1.37358e+11    4.99234e-01
    2.91784e-20         1.24999e+11    4.99234e-01
    2.91784e-20         1.17538e+11    4.99234e-01
    2.91784e-20         1.09099e+11    4.99234e-01
    2.91784e-20         9.93034e+10    4.99234e-01
    2.91784e-20         9.33920e+10    4.99234e-01
    2.91784e-20         8.67085e+10    4.99234e-01
    2.91784e-20         7.89550e+10    4.99234e-01
    2.91784e-20         7.42795e+10    4.99234e-01
    2.91784e-20         6.89969e+10    4.99234e-01
    2.91784e-20         6.28744e+10    4.99234e-01
    2.91784e-20         5.91879e+10    4.99234e-01
    2.91784e-20         5.50279e+10    4.99234e-01
    2.91784e-20         5.02151e+10    4.99234e-01
    2.91784e-20         4.73253e+10    4.99234e-01
    2.91784e-20         4.40719e+10    4.99234e-01
    2.91784e-20         4.03204e+10    4.99234e-01
    2.91784e-20         3.80793e+10    4.99234e-01
    2.91784e-20         3.55668e+10    4.99234e-01
    2.91784e-20         3.26866e+10    4.99234e-01
    2.91784e-20         3.09816e+10    4.99234e-01
    2.91784e-20         2.90838e+10    4.99234e-01
    2.91784e-20         2.69301e+10    4.99234e-01
    2.91784e-20         2.44183e+10    4.99234e-01
    2.91784e-20         2.28907e+10    4.99234e-01
    2.91784e-20         2.11524e+10    4.99234e-01
    2.91784e-20         1.91167e+10    4.99234e-01
    2.91784e-20         1.78705e+10    4.99234e-01
    2.91784e-20         1.64444e+10    4.99234e-01
    2.91784e-20         1.56024e+10    4.99234e-01
    2.91784e-20         1.46670e+10    4.99234e-01
    2.91784e-20         1.36085e+10    4.99234e-01
    2.91784e-20         1.23789e+10    4.99234e-01
    2.91784e-20         1.16359e+10    4.99234e-01
    2.91784e-20         1.07949e+10    4.99234e-01
    2.91784e-20         9.81791e+09    4.99234e-01
    2.91784e-20         9.22733e+09    4.99234e-01
    2.91784e-20         8.55873e+09    4.99234e-01
    2.91784e-20         7.78158e+09    4.99234e-01
    2.91784e-20         7.31152e+09    4.99234e-01
    2.91784e-20         6.77908e+09    4.99234e-01
    2.91784e-20         6.15971e+09    4.99234e-01
    2.91784e-20         5.78462e+09    4.99234e-01
    2.91784e-20         5.35930e+09    4.99234e-01
    2.91784e-20         4.86380e+09    4.99234e-01
    2.91784e-20         4.56300e+09    4.99234e-01
    2.91784e-20         4.22124e+09    4.99234e-01
    2.91784e-20         3.82189e+09    4.99234e-01
    2.91784e-20         3.57831e+09    4.99234e-01
    2.91784e-20         3.30044e+09    4.99234e-01
    2.91784e-20         2.97380e+09    4.99234e-01
    2.91784e-20         2.77264e+09    4.99234e-01
    2.91784e-20         2.54123e+09    4.99234e-01
    2.91784e-20         2.40350e+09    4.99234e-01
    2.91784e-20         2.24952e+09    4.99234e-01
    2.91784e-20         2.07374e+09    4.99234e-01
    2.91784e-20         1.86690e+09    4.99234e-01
    2.91784e-20         1.73930e+09    4.99234e-01
    2.91784e-20         1.59229e+09    4.99234e-01
    2.91784e-20         1.50458e+09    4.99234e-01
    2.91784e-20         1.40635e+09    4.99234e-01
    2.91784e-20         1.29391e+09    4.99234e-01
    2.91784e-20         1.22750e+09    4.99234e-01
    2.91784e-20         1.15371e+09    4.99234e-01
    2.91784e-20         1.07018e+09    4.99234e-01
    2.91784e-20         9.73097e+08    4.99234e-01
    2.91784e-20         9.14387e+08    4.99234e-01
    2.91784e-20         8.47897e+08    4.99234e-01
    2.91784e-20         7.70570e+08    4.99234e-01
    2.91784e-20         7.23757e+08    4.99234e-01
    2.91784e-20         6.70692e+08    4.99234e-01
    2.91784e-20         6.08898e+08    4.99234e-01
    2.91784e-20         5.71412e+08    4.99234e-01
    2.91784e-20         5.28846e+08    4.99234e-01
    2.91784e-20         4.79153e+08    4.99234e-01
    2.91784e-20         4.48885e+08    4.99234e-01
    2.91784e-20         4.14398e+08    4.99234e-01
    2.91784e-20         3.73931e+08    4.99234e-01
    2.91784e-20         3.49082e+08    4.99234e-01
    2.91784e-20         3.20569e+08    4.99234e-01
    2.91784e-20         3.03663e+08    4.99234e-01
    2.91784e-20         2.84823e+08    4.99234e-01
    2.91784e-20         2.63408e+08    4.99234e-01
    2.91784e-20         2.38369e+08    4.99234e-01
    2.91784e-20         2.23081e+08    4.99234e-01
    2.91784e-20         2.05627e+08    4.99234e-01
    2.91784e-20         1.85083e+08    4.99234e-01
    2.91784e-20         1.72404e+08    4.99234e-01
    2.91784e-20         1.57792e+08    4.99234e-01
    2.91784e-20         1.49070e+08    4.99234e-01
    2.91784e-20         1.39297e+08    4.99234e-01
    2.91784e-20         1.28106e+08    4.99234e-01
    2.91784e-20         1.21489e+08    4.99234e-01
    2.91784e-20         1.14133e+08    4.99234e-01
    2.91784e-20         1.05798e+08    4.99234e-01
    2.91784e-20         9.60969e+07    4.99234e-01
    2.91784e-20         9.02179e+07    4.99234e-01
    2.91784e-20         8.35478e+07    4.99234e-01
    2.91784e-20         7.57701e+07    4.99234e-01
    2.91784e-20         7.10420e+07    4.99234e-01
    2.91784e-20         6.56635e+07    4.99234e-01
    2.91784e-20         5.93678e+07    4.99234e-01
    2.91784e-20         5.55169e+07    4.99234e-01
    2.91784e-20         5.11133e+07    4.99234e-01
    2.91784e-20         4.85158e+07    4.99234e-01
    2.91784e-20         4.56327e+07    4.99234e-01
    2.91784e-20         4.23737e+07    4.99234e-01
    2.91784e-20         3.85942e+07    4.99234e-01
    2.91784e-20         3.63162e+07    4.99234e-01
    2.91784e-20         3.37434e+07    4.99234e-01
    2.91784e-20         3.07634e+07    4.99234e-01
    2.91784e-20         2.89707e+07    4.99234e-01
    2.91784e-20         2.69493e+07    4.99234e-01
    2.91784e-20         2.46133e+07    4.99234e-01
    2.91784e-20         2.32131e+07    4.99234e-01
    2.91784e-20         2.16388e+07    4.99234e-01
    2.91784e-20         1.98272e+07    4.99234e-01
    2.91784e-20         1.87482e+07    4.99234e-01
    2.91784e-20         1.75416e+07    4.99234e-01
    2.91784e-20         1.61632e+07    4.99234e-01
    2.91784e-20         1.53514e+07    4.99234e-01
    2.91784e-20         1.44515e+07    4.99234e-01
    2.91784e-20         1.34361e+07    4.99234e-01
    2.91784e-20         1.22614e+07    4.99234e-01
    2.91784e-20         1.15561e+07    4.99234e-01
    2.91784e-20         1.07621e+07    4.99234e-01
    2.91784e-20         9.84658e+06    4.99234e-01
    2.91784e-20         9.29975e+06    4.99234e-01
    2.91784e-20         8.68673e+06    4.99234e-01
    2.91784e-20         7.98413e+06    4.99234e-01
    2.91784e-20         7.56828e+06    4.99234e-01
    2.91784e-20         7.10548e+06    4.99234e-01
    2.91784e-20         6.58042e+06    4.99234e-01
    2.91784e-20         5.96824e+06    4.99234e-01
    2.91784e-20         5.59613e+06    4.99234e-01
    2.91784e-20         5.17289e+06    4.99234e-01
    2.91784e-20         4.67757e+06    4.99234e-01
    2.91784e-20         4.37467e+06    4.99234e-01
    2.91784e-20         4.02838e+06    4.99234e-01
    2.91784e-20         3.82419e+06    4.99234e-01
    2.91784e-20         3.59761e+06    4.99234e-01
    2.91784e-20         3.34159e+06    4.99234e-01
    2.91784e-20         3.04484e+06    4.99234e-01
    2.91784e-20         2.86614e+06    4.99234e-01
    2.91784e-20         2.66445e+06    4.99234e-01
    2.91784e-20         2.43107e+06    4.99234e-01
    2.91784e-20         2.29091e+06    4.99234e-01
    2.91784e-20         2.13306e+06    4.99234e-01
    2.91784e-20         1.95100e+06    4.99234e-01
    2.91784e-20         1.84218e+06    4.99234e-01
    2.91784e-20         1.72013e+06    4.99234e-01
    2.91784e-20         1.58014e+06    4.99234e-01
    2.91784e-20         1.49719e+06    4.99234e-01
    2.91784e-20         1.40480e+06    4.99234e-01
    2.91784e-20         1.29986e+06    4.99234e-01
    2.91784e-20         1.17729e+06    4.99234e-01
    2.91784e-20         1.10258e+06    4.99234e-01
    2.91784e-20         1.01740e+06    4.99234e-01
    2.91784e-20         9.17367e+05    4.99234e-01
    2.91784e-20         8.55845e+05    4.99234e-01
    2.91784e-20         7.85159e+05    4.99234e-01
    2.91784e-20         7.43167e+05    4.99234e-01
    2.91784e-20         6.96294e+05    4.99234e-01
    2.91784e-20         6.42899e+05    4.99234e-01
    2.91784e-20         5.80265e+05    4.99234e-01
    2.91784e-20         5.41823e+05    4.99234e-01
    2.91784e-20         4.97733e+05    4.99234e-01
    2.91784e-20         4.71609e+05    4.99234e-01
    2.91784e-20         4.42511e+05    4.99234e-01
    2.91784e-20         4.09460e+05    4.99234e-01
    2.91784e-20         3.70858e+05    4.99234e-01
    2.91784e-20         3.47330e+05    4.99234e-01
    2.91784e-20         3.20507e+05    4.99234e-01
    2.91784e-20         2.89006e+05    4.99234e-01
    2.91784e-20         2.69635e+05    4.99234e-01
    2.91784e-20         2.47380e+05    4.99234e-01
    2.91784e-20         2.34161e+05    4.99234e-01
    2.91784e-20         2.19407e+05    4.99234e-01
    2.91784e-20         2.02602e+05    4.99234e-01
    2.91784e-20         1.82893e+05    4.99234e-01
    2.91784e-20         1.70801e+05    4.99234e-01
    2.91784e-20         1.56935e+05    4.99234e-01
    2.91784e-20         1.48724e+05    4.99234e-01
    2.91784e-20         1.39580e+05    4.99234e-01
    2.91784e-20         1.29199e+05    4.99234e-01
    2.91784e-20         1.17083e+05    4.99234e-01
    2.91784e-20         1.09706e+05    4.99234e-01
    2.91784e-20         1.01304e+05    4.99234e-01
    2.91784e-20         9.14507e+04    4.99234e-01
    2.91784e-20         8.54050e+04    4.99234e-01
    2.91784e-20         7.84731e+04    4.99234e-01
    2.91784e-20         7.43677e+04    4.99234e-01
    2.91784e-20         6.97966e+04    4.99234e-01
    2.91784e-20         6.46072e+04    4.99234e-01
    2.91784e-20         5.85506e+04    4.99234e-01
    2.91784e-20         5.48634e+04    4.99234e-01
    2.91784e-20         5.06639e+04    4.99234e-01
    2.91784e-20         4.57394e+04    4.99234e-01
    2.91784e-20         4.27184e+04    4.99234e-01
    2.91784e-20         3.92550e+04    4.99234e-01
    2.91784e-20         3.72043e+04    4.99234e-01
    2.91784e-20         3.49212e+04    4.99234e-01
    2.91784e-20         3.23299e+04    4.99234e-01
    2.91784e-20         2.93066e+04    4.99234e-01
    2.91784e-20         2.74669e+04    4.99234e-01
    2.91784e-20         2.53725e+04    4.99234e-01
    2.91784e-20         2.29181e+04    4.99234e-01
    2.91784e-20         2.14140e+04    4.99234e-01
    2.91784e-20         1.96912e+04    4.99234e-01
    2.91784e-20         1.86724e+04    4.99234e-01
    2.91784e-20         1.75395e+04    4.99234e-01
    2.91784e-20         1.62555e+04    4.99234e-01
    2.91784e-20         1.47606e+04    4.99234e-01
    2.91784e-20         1.38541e+04    4.99234e-01
    2.91784e-20         1.28250e+04    4.99234e-01
    2.91784e-20         1.16243e+04    4.99234e-01
    2.91784e-20         1.08934e+04    4.99234e-01
    2.91784e-20         1.00612e+04    4.99234e-01
    2.91784e-20         9.08571e+03    4.99234e-01
    2.91784e-20         8.48757e+03    4.99234e-01
    2.91784e-20         7.80215e+03    4.99234e-01
    2.91784e-20         7.39658e+03    4.99234e-01
    2.91784e-20         6.94532e+03    4.99234e-01
    2.91784e-20         6.43352e+03    4.99234e-01
    2.91784e-20         5.83704e+03    4.99234e-01
    2.91784e-20         5.47474e+03    4.99234e-01
    2.91784e-20         5.06289e+03    4.99234e-01
    2.91784e-20         4.58132e+03    4.99234e-01
    2.91784e-20         4.28725e+03    4.99234e-01
    2.91784e-20         3.95146e+03    4.99234e-01
    2.91784e-20         3.75381e+03    4.99234e-01
    2.91784e-20         3.53480e+03    4.99234e-01
    2.91784e-20         3.28782e+03    4.99234e-01
    2.91784e-20         3.00233e+03    4.99234e-01
    2.91784e-20         2.83116e+03    4.99234e-01
    2.91784e-20         2.63865e+03    4.99234e-01
    2.91784e-20         2.41703e+03    4.99234e-01
    2.91784e-20         2.28497e+03    4.99234e-01
    2.91784e-20         2.13720e+03    4.99234e-01
    2.91784e-20         1.96830e+03    4.99234e-01
    2.91784e-20         1.86872e+03    4.99234e-01
    2.91784e-20         1.75826e+03    4.99234e-01
    2.91784e-20         1.63348e+03    4.99234e-01
    2.91784e-20         1.48891e+03    4.99234e-01
    2.91784e-20         1.40191e+03    4.99234e-01
    2.91784e-20         1.30377e+03    4.99234e-01
    2.91784e-20         1.19030e+03    4.99234e-01
    2.91784e-20         1.12223e+03    4.99234e-01
    2.91784e-20         1.04565e+03    4.99234e-01
    2.91784e-20         9.57454e+02    4.99234e-01
    2.91784e-20         9.04854e+02    4.99234e-01
    2.91784e-20         8.45961e+02    4.99234e-01
    2.91784e-20         7.78582e+02    4.99234e-01
    2.91784e-20         7.38810e+02    4.99234e-01
    2.91784e-20         6.94640e+02    4.99234e-01
    2.91784e-20         6.44675e+02    4.99234e-01
    2.91784e-20         5.86664e+02    4.99234e-01
    2.91784e-20         5.51639e+02    4.99234e-01
    2.91784e-20         5.12025e+02    4.99234e-01
    2.91784e-20         4.66044e+02    4.99234e-01
    2.91784e-20         4.38293e+02    4.99234e-01
    2.91784e-20         4.06917e+02    4.99234e-01
    2.91784e-20         3.70515e+02    4.99234e-01
    2.91784e-20         3.48563e+02    4.99234e-01
    2.91784e-20         3.23758e+02    4.99234e-01
    2.91784e-20         2.95006e+02    4.99234e-01
    2.91784e-20         2.77692e+02    4.99234e-01
    2.91784e-20         2.58151e+02    4.99234e-01
    2.91784e-20         2.35540e+02    4.99234e-01
    2.91784e-20         2.21960e+02    4.99234e-01
    2.91784e-20         2.06667e+02    4.99234e-01
    2.91784e-20         1.89026e+02    4.99234e-01
    2.91784e-20         1.78483e+02    4.99234e-01
    2.91784e-20         1.66658e+02    4.99234e-01
    2.91784e-20         1.53095e+02    4.99234e-01
    2.91784e-20         1.45059e+02    4.99234e-01
    2.91784e-20         1.36107e+02    4.99234e-01
    2.91784e-20         1.25940e+02    4.99234e-01
    2.91784e-20         1.14064e+02    4.99234e-01
    2.91784e-20         1.06826e+02    4.99234e-01
    2.91784e-20         9.85729e+01    4.99234e-01
    2.91784e-20         8.88804e+01    4.99234e-01
    2.91784e-20         8.29196e+01    4.99234e-01
    2.91784e-20         7.60709e+01    4.99234e-01
    2.91784e-20         7.20022e+01    4.99234e-01
    2.91784e-20         6.74607e+01    4.99234e-01
    2.91784e-20         6.22872e+01    4.99234e-01
    2.91784e-20         5.62185e+01    4.99234e-01
    2.91784e-20         5.24937e+01    4.99234e-01
    2.91784e-20         4.82216e+01    4.99234e-01
    2.91784e-20         4.56903e+01    4.99234e-01
    2.91784e-20         4.28707e+01    4.99234e-01
    2.91784e-20         3.96680e+01    4.99234e-01
    2.91784e-20         3.59274e+01    4.99234e-01
    2.91784e-20         3.36473e+01    4.99234e-01
    2.91784e-20         3.10477e+01    4.99234e-01
    2.91784e-20         2.79946e+01    4.99234e-01
    2.91784e-20         2.61170e+01    4.99234e-01
    2.91784e-20         2.39596e+01    4.99234e-01
    2.91784e-20         2.26779e+01    4.99234e-01
    2.91784e-20         2.12473e+01    4.99234e-01
    2.91784e-20         1.96175e+01    4.99234e-01
    2.91784e-20         1.77056e+01    4.99234e-01
    2.91784e-20         1.65321e+01    4.99234e-01
    2.91784e-20         1.51860e+01    4.99234e-01
    2.91784e-20         1.43884e+01    4.99234e-01
    2.91784e-20         1.34999e+01    4.99234e-01
    2.91784e-20         1.24907e+01    4.99234e-01
    2.91784e-20         1.13117e+01    4.99234e-01
    2.91784e-20         1.05929e+01    4.99234e-01
    2.91784e-20         9.77325e+00    4.99234e-01
    2.91784e-20         8.81037e+00    4.99234e-01
    2.91784e-20         8.21794e+00    4.99234e-01
    2.91784e-20         7.53703e+00    4.99234e-01
    2.91784e-20         7.13228e+00    4.99234e-01
    2.91784e-20         6.68028e+00    4.99234e-01
    2.91784e-20         6.16505e+00    4.99234e-01
    2.91784e-20         5.56010e+00    4.99234e-01
    2.91784e-20         5.18823e+00    4.99234e-01
    2.91784e-20         4.76114e+00    4.99234e-01
    2.91784e-20         4.50756e+00    4.99234e-01
    2.91784e-20         4.22465e+00    4.99234e-01
    2.91784e-20         3.90259e+00    4.99234e-01
    2.91784e-20         3.52517e+00    4.99234e-01
    2.91784e-20         3.29388e+00    4.99234e-01
    2.91784e-20         3.02898e+00    4.99234e-01
    2.91784e-20         2.87235e+00    4.99234e-01
    2.91784e-20         2.69817e+00    4.99234e-01
    2.91784e-20         2.50078e+00    4.99234e-01
    2.91784e-20         2.27100e+00    4.99234e-01
    2.91784e-20         2.13168e+00    4.99234e-01
    2.91784e-20         1.97356e+00    4.99234e-01
    2.91784e-20         1.78908e+00    4.99234e-01
    2.91784e-20         1.67684e+00    4.99234e-01
    2.91784e-20         1.54907e+00    4.99234e-01
    2.91784e-20         1.39936e+00    4.99234e-01
    2.91784e-20         1.30762e+00    4.99234e-01
    2.91784e-20         1.20257e+00    4.99234e-01
    2.91784e-20         1.14046e+00    4.99234e-01
    2.91784e-20         1.07141e+00    4.99234e-01
    2.91784e-20         9.93166e-01    4.99234e-01
    2.91784e-20         9.02111e-01    4.99234e-01
    2.91784e-20         8.46928e-01    4.99234e-01
    2.91784e-20         7.84321e-01    4.99234e-01
    2.91784e-20         7.11319e-01    4.99234e-01
    2.91784e-20         6.66942e-01    4.99234e-01
    2.91784e-20         6.16462e-01    4.99234e-01
    2.91784e-20         5.57377e-01    4.99234e-01
    2.91784e-20         5.21240e-01    4.99234e-01
    2.91784e-20         4.79917e-01    4.99234e-01
    2.91784e-20         4.55545e-01    4.99234e-01
    2.91784e-20         4.28495e-01    4.99234e-01
    2.91784e-20         3.97922e-01    4.99234e-01
    2.91784e-20         3.62470e-01    4.99234e-01
    2.91784e-20         3.41108e-01    4.99234e-01
    2.91784e-20         3.16985e-01    4.99234e-01
    2.91784e-20         2.89052e-01    4.99234e-01
    2.91784e-20         2.72256e-01    4.99234e-01
    2.91784e-20         2.53323e-01    4.99234e-01
    2.91784e-20         2.31454e-01    4.99234e-01
    2.91784e-20         2.18356e-01    4.99234e-01
    2.91784e-20         2.03639e-01    4.99234e-01
    2.91784e-20         1.86719e-01    4.99234e-01
    2.91784e-20         1.76656e-01    4.99234e-01
    2.91784e-20         1.65413e-01    4.99234e-01
    2.91784e-20         1.52591e-01    4.99234e-01
    2.91784e-20         1.37523e-01    4.99234e-01
    2.91784e-20         1.28248e-01    4.99234e-01
    2.91784e-20         1.17582e-01    4.99234e-01
    2.91784e-20         1.11238e-01    4.99234e-01
    2.91784e-20         1.04150e-01    4.99234e-01
    2.91784e-20         9.60635e-02    4.99234e-01
    2.91784e-20         8.65590e-02    4.99234e-01
    2.91784e-20         8.07057e-02    4.99234e-01
    2.91784e-20         7.39727e-02    4.99234e-01
    2.91784e-20         6.99654e-02    4.99234e-01
    2.91784e-20         6.54860e-02    4.99234e-01
    2.91784e-20         6.03728e-02    4.99234e-01
    2.91784e-20         5.43568e-02    4.99234e-01
    2.91784e-20         5.06461e-02    4.99234e-01
    2.91784e-20         4.63718e-02    4.99234e-01
    2.91784e-20         4.38224e-02    4.99234e-01
    2.91784e-20         4.09679e-02    4.99234e-01
    2.91784e-20         3.77017e-02    4.99234e-01
    2.91784e-20         3.57734e-02    4.99234e-01
    2.91784e-20         3.36316e-02    4.99234e-01
    2.91784e-20         3.12083e-02    4.99234e-01
    2.91784e-20         2.83940e-02    4.99234e-01
    2.91784e-20         2.66942e-02    4.99234e-01
    2.91784e-20         2.47709e-02    4.99234e-01
    2.91784e-20         2.25374e-02    4.99234e-01
    2.91784e-20         2.11883e-02    4.99234e-01
    2.91784e-20         1.96620e-02    4.99234e-01
    2.91784e-20         1.78895e-02    4.99234e-01
    2.91784e-20         1.68190e-02    4.99234e-01
    2.91784e-20         1.56078e-02    4.99234e-01
    2.91784e-20         1.42013e-02    4.99234e-01
    2.91784e-20         1.33519e-02    4.99234e-01
    2.91784e-20         1.23910e-02    4.99234e-01
    2.91784e-20         1.12752e-02    4.99234e-01
    2.91784e-20         1.06014e-02    4.99234e-01
    2.91784e-20         9.83932e-03    4.99234e-01
    2.91784e-20         8.95457e-03    4.99234e-01
    2.91784e-20         8.42046e-03    4.99234e-01
    2.91784e-20         7.81645e-03    4.99234e-01
    2.91784e-20         7.11547e-03    4.99234e-01
    2.91784e-20         6.69253e-03    4.99234e-01
    2.91784e-20         6.21444e-03    4.99234e-01
    2.91784e-20         5.65996e-03    4.99234e-01
    2.91784e-20         5.32574e-03    4.99234e-01
    2.91784e-20         4.94825e-03    4.99234e-01
    2.91784e-20         4.51097e-03    4.99234e-01
    2.91784e-20         4.24789e-03    4.99234e-01
    2.91784e-20         3.95121e-03    4.99234e-01
    2.91784e-20         3.60831e-03    4.99234e-01
    2.91784e-20         3.40273e-03    4.99234e-01
    2.91784e-20         3.17155e-03    4.99234e-01
    2.91784e-20         2.90544e-03    4.99234e-01
    2.91784e-20         2.74690e-03    4.99234e-01
    2.91784e-20         2.56953e-03    4.99234e-01
    2.91784e-20         2.36682e-03    4.99234e-01
    2.91784e-20         2.24736e-03    4.99234e-01
    2.91784e-20         2.11487e-03    4.99234e-01
    2.91784e-20         1.96526e-03    4.99234e-01
    2.91784e-20         1.79199e-03    4.99234e-01
    2.91784e-20         1.68780e-03    4.99234e-01
    2.91784e-20         1.57035e-03    4.99234e-01
    2.91784e-20         1.43467e-03    4.99234e-01
    2.91784e-20         1.35339e-03    4.99234e-01
    2.91784e-20         1.26205e-03    4.99234e-01
    2.91784e-20         1.15702e-03    4.99234e-01
    2.91784e-20         1.09454e-03    4.99234e-01
    2.91784e-20         1.02472e-03    4.99234e-01
    2.91784e-20         9.45055e-04    4.99234e-01
    2.91784e-20         8.51399e-04    4.99234e-01
    2.91784e-20         7.93702e-04    4.99234e-01
    2.91784e-20         7.27311e-04    4.99234e-01
    2.91784e-20         6.87779e-04    4.99234e-01
    2.91784e-20         6.43572e-04    4.99234e-01
    2.91784e-20         5.93083e-04    4.99234e-01
    2.91784e-20         5.63358e-04    4.99234e-01
    2.91784e-20         5.30413e-04    4.99234e-01
    2.91784e-20         4.93248e-04    4.99234e-01
    2.91784e-20         4.50272e-04    4.99234e-01
    2.91784e-20         4.24486e-04    4.99234e-01
    2.91784e-20         3.95472e-04    4.99234e-01
    2.91784e-20         3.62045e-04    4.99234e-01
    2.91784e-20         3.42102e-04    4.99234e-01
    2.91784e-20         3.19767e-04    4.99234e-01
    2.91784e-20         2.94203e-04    4.99234e-01
    2.91784e-20         2.79103e-04    4.99234e-01
    2.91784e-20         2.62325e-04    4.99234e-01
    2.91784e-20         2.43332e-04    4.99234e-01
    2.91784e-20         2.21259e-04    4.99234e-01
    2.91784e-20         2.07910e-04    4.99234e-01
    2.91784e-20         1.92792e-04    4.99234e-01
    2.91784e-20         1.75210e-04    4.99234e-01
    2.91784e-20         1.64567e-04    4.99234e-01
    2.91784e-20         1.52502e-04    4.99234e-01
    2.91784e-20         1.38452e-04    4.99234e-01
    2.91784e-20         1.29930e-04    4.99234e-01
    2.91784e-20         1.20252e-04    4.99234e-01
    2.91784e-20         1.08954e-04    4.99234e-01
    2.91784e-20         1.02073e-04    4.99234e-01
    2.91784e-20         9.42327e-05    4.99234e-01
    2.91784e-20         8.50336e-05    4.99234e-01
    2.91784e-20         7.93850e-05    4.99234e-01
    2.91784e-20         7.29040e-05    4.99234e-01
    2.91784e-20         6.90617e-05    4.99234e-01
    2.91784e-20         6.47800e-05    4.99234e-01
    2.91784e-20         5.99136e-05    4.99234e-01
    2.91784e-20         5.42245e-05    4.99234e-01
    2.91784e-20         5.07518e-05    4.99234e-01
    2.91784e-20         4.67876e-05    4.99234e-01
    2.91784e-20         4.21232e-05    4.99234e-01
    2.91784e-20         3.92459e-05    4.99234e-01
    2.91784e-20         3.59312e-05    4.99234e-01
    2.91784e-20         3.39539e-05    4.99234e-01
    2.91784e-20         3.17397e-05    4.99234e-01
    2.91784e-20         2.92058e-05    4.99234e-01
    2.91784e-20         2.77095e-05    4.99234e-01
    2.91784e-20         2.60471e-05    4.99234e-01
    2.91784e-20         2.41659e-05    4.99234e-01


