              t                   M              a
    1.23833e-21         1.00000e+17    8.00000e-01
    1.23833e-21         9.58079e+16    7.52756e-01
    1.23833e-21         9.18250e+16    7.15015e-01
    1.23833e-21         8.77563e+16    6.82879e-01
    1.23833e-21         8.34665e+16    6.54798e-01
    1.23833e-21         7.88029e+16    6.29789e-01
    1.23833e-21         7.36467e+16    6.06733e-01
    1.23833e-21         6.78155e+16    5.85003e-01
    1.23833e-21         6.43804e+16    5.74860e-01
    1.23833e-21         6.05708e+16    5.64966e-01
    1.23833e-21         5.62757e+16    5.54930e-01
    1.23833e-21         5.13125e+16    5.44547e-01
    1.23833e-21         4.83354e+16    5.39104e-01
    1.23833e-21         4.49849e+16    5.33451e-01
    1.23833e-21         4.11190e+16    5.27509e-01
    1.23833e-21         3.88051e+16    5.24332e-01
    1.23833e-21         3.62067e+16    5.20998e-01
    1.23833e-21         3.32217e+16    5.17463e-01
    1.23833e-21         3.14487e+16    5.15561e-01
    1.23833e-21         2.94701e+16    5.13561e-01
    1.23833e-21         2.72167e+16    5.11438e-01
    1.23833e-21         2.45746e+16    5.09154e-01
    1.23833e-21         2.29540e+16    5.07900e-01
    1.23833e-21         2.10965e+16    5.06561e-01
    1.23833e-21         1.99970e+16    5.05835e-01
    1.23833e-21         1.87732e+16    5.05069e-01
    1.23833e-21         1.73845e+16    5.04253e-01
    1.23833e-21         1.57652e+16    5.03373e-01
    1.23833e-21         1.47806e+16    5.02888e-01
    1.23833e-21         1.36605e+16    5.02371e-01
    1.23833e-21         1.23491e+16    5.01811e-01
    1.23833e-21         1.15467e+16    5.01502e-01
    1.23833e-21         1.06289e+16    5.01171e-01
    1.23833e-21         1.00874e+16    5.00991e-01
    1.23833e-21         9.48609e+15    5.00801e-01
    1.23833e-21         8.80618e+15    5.00598e-01
    1.23833e-21         8.01722e+15    5.00379e-01
    1.23833e-21         7.54127e+15    5.00259e-01
    1.23833e-21         7.00336e+15    5.00130e-01
    1.23833e-21         6.37963e+15    4.99992e-01
    1.23833e-21         6.00380e+15    4.99916e-01
    1.23833e-21         5.57945e+15    4.99834e-01
    1.23833e-21         5.08808e+15    4.99743e-01
    1.23833e-21         4.79266e+15    4.99693e-01
    1.23833e-21         4.45968e+15    4.99639e-01
    1.23833e-21         4.07513e+15    4.99579e-01
    1.23833e-21         3.84485e+15    4.99546e-01
    1.23833e-21         3.58616e+15    4.99510e-01
    1.23833e-21         3.28880e+15    4.99471e-01
    1.23833e-21         3.11202e+15    4.99450e-01
    1.23833e-21         2.91459e+15    4.99426e-01
    1.23833e-21         2.68949e+15    4.99401e-01
    1.23833e-21         2.42515e+15    4.99373e-01
    1.23833e-21         2.26259e+15    4.99357e-01
    1.23833e-21         2.07583e+15    4.99340e-01
    1.23833e-21         1.96490e+15    4.99330e-01
    1.23833e-21         1.84108e+15    4.99320e-01
    1.23833e-21         1.70005e+15    4.99309e-01
    1.23833e-21         1.53465e+15    4.99296e-01
    1.23833e-21         1.43316e+15    4.99289e-01
    1.23833e-21         1.31679e+15    4.99282e-01
    1.23833e-21         1.24787e+15    4.99278e-01
    1.23833e-21         1.17112e+15    4.99273e-01
    1.23833e-21         1.08399e+15    4.99268e-01
    1.23833e-21         9.82282e+14    4.99263e-01
    1.23833e-21         9.20352e+14    4.99260e-01
    1.23833e-21         8.49808e+14    4.99256e-01
    1.23833e-21         7.67065e+14    4.99253e-01
    1.23833e-21         7.16287e+14    4.99251e-01
    1.23833e-21         6.58055e+14    4.99248e-01
    1.23833e-21         6.23557e+14    4.99247e-01
    1.23833e-21         5.85137e+14    4.99246e-01
    1.23833e-21         5.41506e+14    4.99244e-01
    1.23833e-21         4.90560e+14    4.99243e-01
    1.23833e-21         4.59522e+14    4.99242e-01
    1.23833e-21         4.24149e+14    4.99241e-01
    1.23833e-21         3.82631e+14    4.99240e-01
    1.23833e-21         3.57122e+14    4.99239e-01
    1.23833e-21         3.27838e+14    4.99238e-01
    1.23833e-21         3.10464e+14    4.99238e-01
    1.23833e-21         2.91091e+14    4.99238e-01
    1.23833e-21         2.69054e+14    4.99237e-01
    1.23833e-21         2.43258e+14    4.99237e-01
    1.23833e-21         2.27480e+14    4.99237e-01
    1.23833e-21         2.09437e+14    4.99236e-01
    1.23833e-21         1.98795e+14    4.99236e-01
    1.23833e-21         1.86982e+14    4.99236e-01
    1.23833e-21         1.73629e+14    4.99236e-01
    1.23833e-21         1.58144e+14    4.99236e-01
    1.23833e-21         1.48811e+14    4.99235e-01
    1.23833e-21         1.38271e+14    4.99235e-01
    1.23833e-21         1.26062e+14    4.99235e-01
    1.23833e-21         1.18718e+14    4.99235e-01
    1.23833e-21         1.10437e+14    4.99235e-01
    1.23833e-21         1.00868e+14    4.99235e-01
    1.23833e-21         9.51325e+13    4.99235e-01
    1.23833e-21         8.86846e+13    4.99235e-01
    1.23833e-21         8.12651e+13    4.99235e-01
    1.23833e-21         7.68470e+13    4.99235e-01
    1.23833e-21         7.19063e+13    4.99235e-01
    1.23833e-21         6.62634e+13    4.99235e-01
    1.23833e-21         6.29409e+13    4.99235e-01
    1.23833e-21         5.92584e+13    4.99235e-01
    1.23833e-21         5.51039e+13    4.99235e-01
    1.23833e-21         5.02994e+13    4.99235e-01
    1.23833e-21         4.74163e+13    4.99235e-01
    1.23833e-21         4.41720e+13    4.99234e-01
    1.23833e-21         4.04336e+13    4.99234e-01
    1.23833e-21         3.82028e+13    4.99234e-01
    1.23833e-21         3.57038e+13    4.99234e-01
    1.23833e-21         3.28428e+13    4.99234e-01
    1.23833e-21         3.11521e+13    4.99234e-01
    1.23833e-21         2.92731e+13    4.99234e-01
    1.23833e-21         2.71450e+13    4.99234e-01
    1.23833e-21         2.46702e+13    4.99234e-01
    1.23833e-21         2.31721e+13    4.99234e-01
    1.23833e-21         2.14740e+13    4.99234e-01
    1.23833e-21         1.94967e+13    4.99234e-01
    1.23833e-21         1.82973e+13    4.99234e-01
    1.23833e-21         1.69356e+13    4.99234e-01
    1.23833e-21         1.53461e+13    4.99234e-01
    1.23833e-21         1.43782e+13    4.99234e-01
    1.23833e-21         1.32756e+13    4.99234e-01
    1.23833e-21         1.19823e+13    4.99234e-01
    1.23833e-21         1.11884e+13    4.99234e-01
    1.23833e-21         1.02780e+13    4.99234e-01
    1.23833e-21         9.73851e+12    4.99234e-01
    1.23833e-21         9.13764e+12    4.99234e-01
    1.23833e-21         8.45513e+12    4.99234e-01
    1.23833e-21         7.65800e+12    4.99234e-01
    1.23833e-21         7.17214e+12    4.99234e-01
    1.23833e-21         6.61822e+12    4.99234e-01
    1.23833e-21         5.96770e+12    4.99234e-01
    1.23833e-21         5.56767e+12    4.99234e-01
    1.23833e-21         5.10809e+12    4.99234e-01
    1.23833e-21         4.83508e+12    4.99234e-01
    1.23833e-21         4.53038e+12    4.99234e-01
    1.23833e-21         4.18332e+12    4.99234e-01
    1.23833e-21         3.77628e+12    4.99234e-01
    1.23833e-21         3.52651e+12    4.99234e-01
    1.23833e-21         3.24012e+12    4.99234e-01
    1.23833e-21         3.07049e+12    4.99234e-01
    1.23833e-21         2.88160e+12    4.99234e-01
    1.23833e-21         2.66714e+12    4.99234e-01
    1.23833e-21         2.41680e+12    4.99234e-01
    1.23833e-21         2.26436e+12    4.99234e-01
    1.23833e-21         2.09070e+12    4.99234e-01
    1.23833e-21         1.88699e+12    4.99234e-01
    1.23833e-21         1.76196e+12    4.99234e-01
    1.23833e-21         1.61855e+12    4.99234e-01
    1.23833e-21         1.53358e+12    4.99234e-01
    1.23833e-21         1.43893e+12    4.99234e-01
    1.23833e-21         1.33141e+12    4.99234e-01
    1.23833e-21         1.20584e+12    4.99234e-01
    1.23833e-21         1.12929e+12    4.99234e-01
    1.23833e-21         1.04202e+12    4.99234e-01
    1.23833e-21         9.39510e+11    4.99234e-01
    1.23833e-21         8.76462e+11    4.99234e-01
    1.23833e-21         8.04017e+11    4.99234e-01
    1.23833e-21         7.60973e+11    4.99234e-01
    1.23833e-21         7.12922e+11    4.99234e-01
    1.23833e-21         6.58176e+11    4.99234e-01
    1.23833e-21         5.93942e+11    4.99234e-01
    1.23833e-21         5.54504e+11    4.99234e-01
    1.23833e-21         5.09255e+11    4.99234e-01
    1.23833e-21         4.82432e+11    4.99234e-01
    1.23833e-21         4.52543e+11    4.99234e-01
    1.23833e-21         4.18576e+11    4.99234e-01
    1.23833e-21         3.78872e+11    4.99234e-01
    1.23833e-21         3.54641e+11    4.99234e-01
    1.23833e-21         3.26986e+11    4.99234e-01
    1.23833e-21         2.94456e+11    4.99234e-01
    1.23833e-21         2.74398e+11    4.99234e-01
    1.23833e-21         2.51301e+11    4.99234e-01
    1.23833e-21         2.37531e+11    4.99234e-01
    1.23833e-21         2.22120e+11    4.99234e-01
    1.23833e-21         2.04495e+11    4.99234e-01
    1.23833e-21         1.94099e+11    4.99234e-01
    1.23833e-21         1.82558e+11    4.99234e-01
    1.23833e-21         1.69513e+11    4.99234e-01
    1.23833e-21         1.54382e+11    4.99234e-01
    1.23833e-21         1.45261e+11    4.99234e-01
    1.23833e-21         1.34959e+11    4.99234e-01
    1.23833e-21         1.23024e+11    4.99234e-01
    1.23833e-21         1.15842e+11    4.99234e-01
    1.23833e-21         1.07743e+11    4.99234e-01
    1.23833e-21         9.83793e+10    4.99234e-01
    1.23833e-21         9.27641e+10    4.99234e-01
    1.23833e-21         8.64485e+10    4.99234e-01
    1.23833e-21         7.91765e+10    4.99234e-01
    1.23833e-21         7.48419e+10    4.99234e-01
    1.23833e-21         6.99906e+10    4.99234e-01
    1.23833e-21         6.44436e+10    4.99234e-01
    1.23833e-21         6.11720e+10    4.99234e-01
    1.23833e-21         5.75412e+10    4.99234e-01
    1.23833e-21         5.34377e+10    4.99234e-01
    1.23833e-21         4.86798e+10    4.99234e-01
    1.23833e-21         4.58131e+10    4.99234e-01
    1.23833e-21         4.25763e+10    4.99234e-01
    1.23833e-21         3.88288e+10    4.99234e-01
    1.23833e-21         3.65759e+10    4.99234e-01
    1.23833e-21         3.40369e+10    4.99234e-01
    1.23833e-21         3.11050e+10    4.99234e-01
    1.23833e-21         2.93496e+10    4.99234e-01
    1.23833e-21         2.73781e+10    4.99234e-01
    1.23833e-21         2.51123e+10    4.99234e-01
    1.23833e-21         2.37657e+10    4.99234e-01
    1.23833e-21         2.22623e+10    4.99234e-01
    1.23833e-21         2.05489e+10    4.99234e-01
    1.23833e-21         1.85379e+10    4.99234e-01
    1.23833e-21         1.73024e+10    4.99234e-01
    1.23833e-21         1.58842e+10    4.99234e-01
    1.23833e-21         1.50428e+10    4.99234e-01
    1.23833e-21         1.41046e+10    4.99234e-01
    1.23833e-21         1.30375e+10    4.99234e-01
    1.23833e-21         1.17885e+10    4.99234e-01
    1.23833e-21         1.10247e+10    4.99234e-01
    1.23833e-21         1.01514e+10    4.99234e-01
    1.23833e-21         9.63642e+09    4.99234e-01
    1.23833e-21         9.06489e+09    4.99234e-01
    1.23833e-21         8.41902e+09    4.99234e-01
    1.23833e-21         7.67025e+09    4.99234e-01
    1.23833e-21         7.21920e+09    4.99234e-01
    1.23833e-21         6.71003e+09    4.99234e-01
    1.23833e-21         6.12065e+09    4.99234e-01
    1.23833e-21         5.76647e+09    4.99234e-01
    1.23833e-21         5.36746e+09    4.99234e-01
    1.23833e-21         4.90691e+09    4.99234e-01
    1.23833e-21         4.63138e+09    4.99234e-01
    1.23833e-21         4.32210e+09    4.99234e-01
    1.23833e-21         3.96696e+09    4.99234e-01
    1.23833e-21         3.75618e+09    4.99234e-01
    1.23833e-21         3.52107e+09    4.99234e-01
    1.23833e-21         3.25353e+09    4.99234e-01
    1.23833e-21         2.94017e+09    4.99234e-01
    1.23833e-21         2.74831e+09    4.99234e-01
    1.23833e-21         2.52873e+09    4.99234e-01
    1.23833e-21         2.39904e+09    4.99234e-01
    1.23833e-21         2.25496e+09    4.99234e-01
    1.23833e-21         2.09188e+09    4.99234e-01
    1.23833e-21         1.90237e+09    4.99234e-01
    1.23833e-21         1.78780e+09    4.99234e-01
    1.23833e-21         1.65808e+09    4.99234e-01
    1.23833e-21         1.50726e+09    4.99234e-01
    1.23833e-21         1.41600e+09    4.99234e-01
    1.23833e-21         1.31261e+09    4.99234e-01
    1.23833e-21         1.19228e+09    4.99234e-01
    1.23833e-21         1.11936e+09    4.99234e-01
    1.23833e-21         1.03663e+09    4.99234e-01
    1.23833e-21         9.40169e+08    4.99234e-01
    1.23833e-21         8.81533e+08    4.99234e-01
    1.23833e-21         8.14838e+08    4.99234e-01
    1.23833e-21         7.36778e+08    4.99234e-01
    1.23833e-21         6.89039e+08    4.99234e-01
    1.23833e-21         6.34456e+08    4.99234e-01
    1.23833e-21         6.02267e+08    4.99234e-01
    1.23833e-21         5.66546e+08    4.99234e-01
    1.23833e-21         5.26177e+08    4.99234e-01
    1.23833e-21         4.79377e+08    4.99234e-01
    1.23833e-21         4.51185e+08    4.99234e-01
    1.23833e-21         4.19359e+08    4.99234e-01
    1.23833e-21         3.82520e+08    4.99234e-01
    1.23833e-21         3.60382e+08    4.99234e-01
    1.23833e-21         3.35440e+08    4.99234e-01
    1.23833e-21         3.06651e+08    4.99234e-01
    1.23833e-21         2.89428e+08    4.99234e-01
    1.23833e-21         2.70093e+08    4.99234e-01
    1.23833e-21         2.47890e+08    4.99234e-01
    1.23833e-21         2.34712e+08    4.99234e-01
    1.23833e-21         2.20012e+08    4.99234e-01
    1.23833e-21         2.03281e+08    4.99234e-01
    1.23833e-21         1.83684e+08    4.99234e-01
    1.23833e-21         1.71683e+08    4.99234e-01
    1.23833e-21         1.57945e+08    4.99234e-01
    1.23833e-21         1.49830e+08    4.99234e-01
    1.23833e-21         1.40811e+08    4.99234e-01
    1.23833e-21         1.30601e+08    4.99234e-01
    1.23833e-21         1.18731e+08    4.99234e-01
    1.23833e-21         1.11550e+08    4.99234e-01
    1.23833e-21         1.03415e+08    4.99234e-01
    1.23833e-21         9.39497e+07    4.99234e-01
    1.23833e-21         8.82154e+07    4.99234e-01
    1.23833e-21         8.17113e+07    4.99234e-01
    1.23833e-21         7.41306e+07    4.99234e-01
    1.23833e-21         6.95254e+07    4.99234e-01
    1.23833e-21         6.42900e+07    4.99234e-01
    1.23833e-21         5.81671e+07    4.99234e-01
    1.23833e-21         5.44272e+07    4.99234e-01
    1.23833e-21         5.01558e+07    4.99234e-01
    1.23833e-21         4.76407e+07    4.99234e-01
    1.23833e-21         4.48532e+07    4.99234e-01
    1.23833e-21         4.17083e+07    4.99234e-01
    1.23833e-21         3.80714e+07    4.99234e-01
    1.23833e-21         3.58889e+07    4.99234e-01
    1.23833e-21         3.34329e+07    4.99234e-01
    1.23833e-21         3.06028e+07    4.99234e-01
    1.23833e-21         2.89139e+07    4.99234e-01
    1.23833e-21         2.70219e+07    4.99234e-01
    1.23833e-21         2.48558e+07    4.99234e-01
    1.23833e-21         2.35757e+07    4.99234e-01
    1.23833e-21         2.21528e+07    4.99234e-01
    1.23833e-21         2.05413e+07    4.99234e-01
    1.23833e-21         1.86671e+07    4.99234e-01
    1.23833e-21         1.75323e+07    4.99234e-01
    1.23833e-21         1.62458e+07    4.99234e-01
    1.23833e-21         1.47476e+07    4.99234e-01
    1.23833e-21         1.38386e+07    4.99234e-01
    1.23833e-21         1.28062e+07    4.99234e-01
    1.23833e-21         1.16006e+07    4.99234e-01
    1.23833e-21         1.08660e+07    4.99234e-01
    1.23833e-21         1.00287e+07    4.99234e-01
    1.23833e-21         9.04585e+06    4.99234e-01
    1.23833e-21         8.44180e+06    4.99234e-01
    1.23833e-21         7.74821e+06    4.99234e-01
    1.23833e-21         7.33655e+06    4.99234e-01
    1.23833e-21         6.87739e+06    4.99234e-01
    1.23833e-21         6.35488e+06    4.99234e-01
    1.23833e-21         5.74292e+06    4.99234e-01
    1.23833e-21         5.36825e+06    4.99234e-01
    1.23833e-21         4.93946e+06    4.99234e-01
    1.23833e-21         4.68622e+06    4.99234e-01
    1.23833e-21         4.40488e+06    4.99234e-01
    1.23833e-21         4.08645e+06    4.99234e-01
    1.23833e-21         3.71646e+06    4.99234e-01
    1.23833e-21         3.49280e+06    4.99234e-01
    1.23833e-21         3.23957e+06    4.99234e-01
    1.23833e-21         2.94522e+06    4.99234e-01
    1.23833e-21         2.76715e+06    4.99234e-01
    1.23833e-21         2.56542e+06    4.99234e-01
    1.23833e-21         2.33073e+06    4.99234e-01
    1.23833e-21         2.18856e+06    4.99234e-01
    1.23833e-21         2.02731e+06    4.99234e-01
    1.23833e-21         1.83940e+06    4.99234e-01
    1.23833e-21         1.72527e+06    4.99234e-01
    1.23833e-21         1.59554e+06    4.99234e-01
    1.23833e-21         1.44385e+06    4.99234e-01
    1.23833e-21         1.35124e+06    4.99234e-01
    1.23833e-21         1.24549e+06    4.99234e-01
    1.23833e-21         1.12103e+06    4.99234e-01
    1.23833e-21         1.04421e+06    4.99234e-01
    1.23833e-21         9.55669e+05    4.99234e-01
    1.23833e-21         9.02817e+05    4.99234e-01
    1.23833e-21         8.43596e+05    4.99234e-01
    1.23833e-21         7.75769e+05    4.99234e-01
    1.23833e-21         7.35666e+05    4.99234e-01
    1.23833e-21         6.91072e+05    4.99234e-01
    1.23833e-21         6.40537e+05    4.99234e-01
    1.23833e-21         5.81713e+05    4.99234e-01
    1.23833e-21         5.46052e+05    4.99234e-01
    1.23833e-21         5.05581e+05    4.99234e-01
    1.23833e-21         4.58371e+05    4.99234e-01
    1.23833e-21         4.29653e+05    4.99234e-01
    1.23833e-21         3.96968e+05    4.99234e-01
    1.23833e-21         3.58680e+05    4.99234e-01
    1.23833e-21         3.35230e+05    4.99234e-01
    1.23833e-21         3.08385e+05    4.99234e-01
    1.23833e-21         2.92523e+05    4.99234e-01
    1.23833e-21         2.74896e+05    4.99234e-01
    1.23833e-21         2.54934e+05    4.99234e-01
    1.23833e-21         2.31725e+05    4.99234e-01
    1.23833e-21         2.17679e+05    4.99234e-01
    1.23833e-21         2.01762e+05    4.99234e-01
    1.23833e-21         1.83235e+05    4.99234e-01
    1.23833e-21         1.72003e+05    4.99234e-01
    1.23833e-21         1.59257e+05    4.99234e-01
    1.23833e-21         1.44388e+05    4.99234e-01
    1.23833e-21         1.35344e+05    4.99234e-01
    1.23833e-21         1.25051e+05    4.99234e-01
    1.23833e-21         1.12993e+05    4.99234e-01
    1.23833e-21         1.05609e+05    4.99234e-01
    1.23833e-21         9.71562e+04    4.99234e-01
    1.23833e-21         9.21624e+04    4.99234e-01
    1.23833e-21         8.66128e+04    4.99234e-01
    1.23833e-21         8.03292e+04    4.99234e-01
    1.23833e-21         7.30241e+04    4.99234e-01
    1.23833e-21         6.86042e+04    4.99234e-01
    1.23833e-21         6.35964e+04    4.99234e-01
    1.23833e-21         5.77690e+04    4.99234e-01
    1.23833e-21         5.42378e+04    4.99234e-01
    1.23833e-21         5.02318e+04    4.99234e-01
    1.23833e-21         4.55615e+04    4.99234e-01
    1.23833e-21         4.27230e+04    4.99234e-01
    1.23833e-21         3.94948e+04    4.99234e-01
    1.23833e-21         3.57173e+04    4.99234e-01
    1.23833e-21         3.34079e+04    4.99234e-01
    1.23833e-21         3.07682e+04    4.99234e-01
    1.23833e-21         2.92122e+04    4.99234e-01
    1.23833e-21         2.74860e+04    4.99234e-01
    1.23833e-21         2.55361e+04    4.99234e-01
    1.23833e-21         2.32771e+04    4.99234e-01
    1.23833e-21         2.19178e+04    4.99234e-01
    1.23833e-21         2.03846e+04    4.99234e-01
    1.23833e-21         1.86121e+04    4.99234e-01
    1.23833e-21         1.75490e+04    4.99234e-01
    1.23833e-21         1.63532e+04    4.99234e-01
    1.23833e-21         1.49761e+04    4.99234e-01
    1.23833e-21         1.41551e+04    4.99234e-01
    1.23833e-21         1.32361e+04    4.99234e-01
    1.23833e-21         1.21851e+04    4.99234e-01
    1.23833e-21         1.15650e+04    4.99234e-01
    1.23833e-21         1.08767e+04    4.99234e-01
    1.23833e-21         1.00984e+04    4.99234e-01
    1.23833e-21         9.19562e+03    4.99234e-01
    1.23833e-21         8.65122e+03    4.99234e-01
    1.23833e-21         8.03617e+03    4.99234e-01
    1.23833e-21         7.32335e+03    4.99234e-01
    1.23833e-21         6.89419e+03    4.99234e-01
    1.23833e-21         6.40993e+03    4.99234e-01
    1.23833e-21         5.84974e+03    4.99234e-01
    1.23833e-21         5.51344e+03    4.99234e-01
    1.23833e-21         5.13485e+03    4.99234e-01
    1.23833e-21         4.69837e+03    4.99234e-01
    1.23833e-21         4.43771e+03    4.99234e-01
    1.23833e-21         4.14552e+03    4.99234e-01
    1.23833e-21         3.81069e+03    4.99234e-01
    1.23833e-21         3.61256e+03    4.99234e-01
    1.23833e-21         3.39210e+03    4.99234e-01
    1.23833e-21         3.14206e+03    4.99234e-01
    1.23833e-21         2.85064e+03    4.99234e-01
    1.23833e-21         2.67361e+03    4.99234e-01
    1.23833e-21         2.47236e+03    4.99234e-01
    1.23833e-21         2.23702e+03    4.99234e-01
    1.23833e-21         2.09329e+03    4.99234e-01
    1.23833e-21         1.92914e+03    4.99234e-01
    1.23833e-21         1.83251e+03    4.99234e-01
    1.23833e-21         1.72541e+03    4.99234e-01
    1.23833e-21         1.60461e+03    4.99234e-01
    1.23833e-21         1.46494e+03    4.99234e-01
    1.23833e-21         1.38115e+03    4.99234e-01
    1.23833e-21         1.28688e+03    4.99234e-01
    1.23833e-21         1.17830e+03    4.99234e-01
    1.23833e-21         1.11354e+03    4.99234e-01
    1.23833e-21         1.04103e+03    4.99234e-01
    1.23833e-21         9.58071e+02    4.99234e-01
    1.23833e-21         9.09096e+02    4.99234e-01
    1.23833e-21         8.54702e+02    4.99234e-01
    1.23833e-21         7.93164e+02    4.99234e-01
    1.23833e-21         7.21706e+02    4.99234e-01
    1.23833e-21         6.78552e+02    4.99234e-01
    1.23833e-21         6.29735e+02    4.99234e-01
    1.23833e-21         5.73055e+02    4.99234e-01
    1.23833e-21         5.38832e+02    4.99234e-01
    1.23833e-21         5.00123e+02    4.99234e-01
    1.23833e-21         4.55191e+02    4.99234e-01
    1.23833e-21         4.28071e+02    4.99234e-01
    1.23833e-21         3.97405e+02    4.99234e-01
    1.23833e-21         3.61825e+02    4.99234e-01
    1.23833e-21         3.40363e+02    4.99234e-01
    1.23833e-21         3.16110e+02    4.99234e-01
    1.23833e-21         2.87993e+02    4.99234e-01
    1.23833e-21         2.71055e+02    4.99234e-01
    1.23833e-21         2.51934e+02    4.99234e-01
    1.23833e-21         2.29801e+02    4.99234e-01
    1.23833e-21         2.16499e+02    4.99234e-01
    1.23833e-21         2.01514e+02    4.99234e-01
    1.23833e-21         1.84216e+02    4.99234e-01
    1.23833e-21         1.73867e+02    4.99234e-01
    1.23833e-21         1.62249e+02    4.99234e-01
    1.23833e-21         1.48908e+02    4.99234e-01
    1.23833e-21         1.40988e+02    4.99234e-01
    1.23833e-21         1.32154e+02    4.99234e-01
    1.23833e-21         1.22099e+02    4.99234e-01
    1.23833e-21         1.10320e+02    4.99234e-01
    1.23833e-21         1.03106e+02    4.99234e-01
    1.23833e-21         9.48467e+01    4.99234e-01
    1.23833e-21         8.99666e+01    4.99234e-01
    1.23833e-21         8.45428e+01    4.99234e-01
    1.23833e-21         7.84006e+01    4.99234e-01
    1.23833e-21         7.12584e+01    4.99234e-01
    1.23833e-21         6.69355e+01    4.99234e-01
    1.23833e-21         6.20363e+01    4.99234e-01
    1.23833e-21         5.63327e+01    4.99234e-01
    1.23833e-21         5.28742e+01    4.99234e-01
    1.23833e-21         4.89484e+01    4.99234e-01
    1.23833e-21         4.43676e+01    4.99234e-01
    1.23833e-21         4.15799e+01    4.99234e-01
    1.23833e-21         3.84058e+01    4.99234e-01
    1.23833e-21         3.46855e+01    4.99234e-01
    1.23833e-21         3.24048e+01    4.99234e-01
    1.23833e-21         2.97919e+01    4.99234e-01
    1.23833e-21         2.82461e+01    4.99234e-01
    1.23833e-21         2.65266e+01    4.99234e-01
    1.23833e-21         2.45770e+01    4.99234e-01
    1.23833e-21         2.23057e+01    4.99234e-01
    1.23833e-21         2.09271e+01    4.99234e-01
    1.23833e-21         1.93608e+01    4.99234e-01
    1.23833e-21         1.75308e+01    4.99234e-01
    1.23833e-21         1.64148e+01    4.99234e-01
    1.23833e-21         1.51419e+01    4.99234e-01
    1.23833e-21         1.36460e+01    4.99234e-01
    1.23833e-21         1.27251e+01    4.99234e-01
    1.23833e-21         1.16661e+01    4.99234e-01
    1.23833e-21         1.10360e+01    4.99234e-01
    1.23833e-21         1.03320e+01    4.99234e-01
    1.23833e-21         9.52881e+00    4.99234e-01
    1.23833e-21         8.58448e+00    4.99234e-01
    1.23833e-21         8.00271e+00    4.99234e-01
    1.23833e-21         7.33330e+00    4.99234e-01
    1.23833e-21         6.93469e+00    4.99234e-01
    1.23833e-21         6.48894e+00    4.99234e-01
    1.23833e-21         5.97985e+00    4.99234e-01
    1.23833e-21         5.68012e+00    4.99234e-01
    1.23833e-21         5.34792e+00    4.99234e-01
    1.23833e-21         4.97317e+00    4.99234e-01
    1.23833e-21         4.53982e+00    4.99234e-01
    1.23833e-21         4.27980e+00    4.99234e-01
    1.23833e-21         3.98722e+00    4.99234e-01
    1.23833e-21         3.65013e+00    4.99234e-01
    1.23833e-21         3.44902e+00    4.99234e-01
    1.23833e-21         3.22378e+00    4.99234e-01
    1.23833e-21         2.96595e+00    4.99234e-01
    1.23833e-21         2.81365e+00    4.99234e-01
    1.23833e-21         2.64442e+00    4.99234e-01
    1.23833e-21         2.45284e+00    4.99234e-01
    1.23833e-21         2.23016e+00    4.99234e-01
    1.23833e-21         2.09547e+00    4.99234e-01
    1.23833e-21         1.94292e+00    4.99234e-01
    1.23833e-21         1.76546e+00    4.99234e-01
    1.23833e-21         1.65800e+00    4.99234e-01
    1.23833e-21         1.53616e+00    4.99234e-01
    1.23833e-21         1.39423e+00    4.99234e-01
    1.23833e-21         1.30808e+00    4.99234e-01
    1.23833e-21         1.21020e+00    4.99234e-01
    1.23833e-21         1.09586e+00    4.99234e-01
    1.23833e-21         1.02613e+00    4.99234e-01
    1.23833e-21         9.46608e-01    4.99234e-01
    1.23833e-21         8.53161e-01    4.99234e-01
    1.23833e-21         7.95642e-01    4.99234e-01
    1.23833e-21         7.29507e-01    4.99234e-01
    1.23833e-21         6.90171e-01    4.99234e-01
    1.23833e-21         6.46224e-01    4.99234e-01
    1.23833e-21         5.96097e-01    4.99234e-01
    1.23833e-21         5.37184e-01    4.99234e-01
    1.23833e-21         5.00912e-01    4.99234e-01
    1.23833e-21         4.59198e-01    4.99234e-01
    1.23833e-21         4.34379e-01    4.99234e-01
    1.23833e-21         4.06642e-01    4.99234e-01
    1.23833e-21         3.74994e-01    4.99234e-01
    1.23833e-21         3.37777e-01    4.99234e-01
    1.23833e-21         3.14843e-01    4.99234e-01
    1.23833e-21         2.88445e-01    4.99234e-01
    1.23833e-21         2.72720e-01    4.99234e-01
    1.23833e-21         2.55129e-01    4.99234e-01
    1.23833e-21         2.35029e-01    4.99234e-01
    1.23833e-21         2.23186e-01    4.99234e-01
    1.23833e-21         2.10053e-01    4.99234e-01
    1.23833e-21         1.95227e-01    4.99234e-01
    1.23833e-21         1.78063e-01    4.99234e-01
    1.23833e-21         1.67747e-01    4.99234e-01
    1.23833e-21         1.56123e-01    4.99234e-01
    1.23833e-21         1.42703e-01    4.99234e-01
    1.23833e-21         1.34672e-01    4.99234e-01
    1.23833e-21         1.25655e-01    4.99234e-01
    1.23833e-21         1.15297e-01    4.99234e-01
    1.23833e-21         1.09146e-01    4.99234e-01
    1.23833e-21         1.02282e-01    4.99234e-01
    1.23833e-21         9.44653e-02    4.99234e-01
    1.23833e-21         8.53018e-02    4.99234e-01
    1.23833e-21         7.96829e-02    4.99234e-01
    1.23833e-21         7.32435e-02    4.99234e-01
    1.23833e-21         6.94328e-02    4.99234e-01
    1.23833e-21         6.51924e-02    4.99234e-01
    1.23833e-21         6.03823e-02    4.99234e-01
    1.23833e-21         5.47754e-02    4.99234e-01
    1.23833e-21         5.13687e-02    4.99234e-01
    1.23833e-21         4.74951e-02    4.99234e-01
    1.23833e-21         4.29638e-02    4.99234e-01
    1.23833e-21         4.01951e-02    4.99234e-01
    1.23833e-21         3.70319e-02    4.99234e-01
    1.23833e-21         3.51685e-02    4.99234e-01
    1.23833e-21         3.31024e-02    4.99234e-01
    1.23833e-21         3.07704e-02    4.99234e-01
    1.23833e-21         2.80715e-02    4.99234e-01
    1.23833e-21         2.64501e-02    4.99234e-01
    1.23833e-21         2.46238e-02    4.99234e-01
    1.23833e-21         2.25166e-02    4.99234e-01
    1.23833e-21         2.12565e-02    4.99234e-01
    1.23833e-21         1.98427e-02    4.99234e-01
    1.23833e-21         1.82202e-02    4.99234e-01
    1.23833e-21         1.72580e-02    4.99234e-01
    1.23833e-21         1.61855e-02    4.99234e-01
    1.23833e-21         1.49662e-02    4.99234e-01
    1.23833e-21         1.35402e-02    4.99234e-01
    1.23833e-21         1.26690e-02    4.99234e-01
    1.23833e-21         1.16740e-02    4.99234e-01
    1.23833e-21         1.10880e-02    4.99234e-01
    1.23833e-21         1.04385e-02    4.99234e-01
    1.23833e-21         9.70561e-03    4.99234e-01
    1.23833e-21         8.85788e-03    4.99234e-01
    1.23833e-21         8.34901e-03    4.99234e-01
    1.23833e-21         7.77621e-03    4.99234e-01
    1.23833e-21         7.11591e-03    4.99234e-01
    1.23833e-21         6.72165e-03    4.99234e-01
    1.23833e-21         6.27979e-03    4.99234e-01
    1.23833e-21         5.77355e-03    4.99234e-01
    1.23833e-21         5.47410e-03    4.99234e-01
    1.23833e-21         5.14099e-03    4.99234e-01
    1.23833e-21         4.76331e-03    4.99234e-01
    1.23833e-21         4.32337e-03    4.99234e-01
    1.23833e-21         4.05636e-03    4.99234e-01
    1.23833e-21         3.75303e-03    4.99234e-01
    1.23833e-21         3.39869e-03    4.99234e-01
    1.23833e-21         3.18266e-03    4.99234e-01
    1.23833e-21         2.93630e-03    4.99234e-01
    1.23833e-21         2.64686e-03    4.99234e-01
    1.23833e-21         2.46876e-03    4.99234e-01
    1.23833e-21         2.26404e-03    4.99234e-01
    1.23833e-21         2.14233e-03    4.99234e-01
    1.23833e-21         2.00640e-03    4.99234e-01
    1.23833e-21         1.85142e-03    4.99234e-01
    1.23833e-21         1.66942e-03    4.99234e-01
    1.23833e-21         1.55749e-03    4.99234e-01
    1.23833e-21         1.42890e-03    4.99234e-01
    1.23833e-21         1.35251e-03    4.99234e-01
    1.23833e-21         1.26725e-03    4.99234e-01
    1.23833e-21         1.17013e-03    4.99234e-01
    1.23833e-21         1.05622e-03    4.99234e-01
    1.23833e-21         9.86318e-04    4.99234e-01
    1.23833e-21         9.06157e-04    4.99234e-01
    1.23833e-21         8.58670e-04    4.99234e-01
    1.23833e-21         8.05787e-04    4.99234e-01
    1.23833e-21         7.45734e-04    4.99234e-01
    1.23833e-21         6.75620e-04    4.99234e-01
    1.23833e-21         6.32910e-04    4.99234e-01
    1.23833e-21         5.84240e-04    4.99234e-01
    1.23833e-21         5.27124e-04    4.99234e-01
    1.23833e-21         4.92041e-04    4.99234e-01
    1.23833e-21         4.51778e-04    4.99234e-01
    1.23833e-21         4.27898e-04    4.99234e-01
    1.23833e-21         4.01279e-04    4.99234e-01
    1.23833e-21         3.71010e-04    4.99234e-01
    1.23833e-21         3.35601e-04    4.99234e-01
    1.23833e-21         3.13964e-04    4.99234e-01
    1.23833e-21         2.89241e-04    4.99234e-01
    1.23833e-21         2.74677e-04    4.99234e-01
    1.23833e-21         2.58526e-04    4.99234e-01
    1.23833e-21         2.40295e-04    4.99234e-01
    1.23833e-21         2.19193e-04    4.99234e-01
    1.23833e-21         2.06512e-04    4.99234e-01
    1.23833e-21         1.92227e-04    4.99234e-01
    1.23833e-21         1.75739e-04    4.99234e-01
    1.23833e-21         1.65875e-04    4.99234e-01
    1.23833e-21         1.54804e-04    4.99234e-01
    1.23833e-21         1.42092e-04    4.99234e-01
    1.23833e-21         1.34549e-04    4.99234e-01
    1.23833e-21         1.26135e-04    4.99234e-01
    1.23833e-21         1.16562e-04    4.99234e-01
    1.23833e-21         1.05352e-04    4.99234e-01
    1.23833e-21         9.84901e-05    4.99234e-01
    1.23833e-21         9.06392e-05    4.99234e-01
    1.23833e-21         8.60043e-05    4.99234e-01
    1.23833e-21         8.08564e-05    4.99234e-01
    1.23833e-21         7.50321e-05    4.99234e-01
    1.23833e-21         6.82685e-05    4.99234e-01
    1.23833e-21         6.41834e-05    4.99234e-01
    1.23833e-21         5.95618e-05    4.99234e-01
    1.23833e-21         5.41951e-05    4.99234e-01
    1.23833e-21         5.09540e-05    4.99234e-01
    1.23833e-21         4.72874e-05    4.99234e-01
    1.23833e-21         4.30303e-05    4.99234e-01
    1.23833e-21         4.04597e-05    4.99234e-01
    1.23833e-21         3.75520e-05    4.99234e-01
    1.23833e-21         3.41767e-05    4.99234e-01
    1.23833e-21         3.21392e-05    4.99234e-01
    1.23833e-21         2.98353e-05    4.99234e-01
    1.23833e-21         2.71617e-05    4.99234e-01
    1.23833e-21         2.55488e-05    4.99234e-01


