              t                   M              a
    1.23833e-21         1.00000e+17    8.00000e-01
    1.23833e-21         9.60376e+16    7.54520e-01
    1.23833e-21         9.22859e+16    7.17846e-01
    1.23833e-21         8.84752e+16    6.86445e-01
    1.23833e-21         8.44756e+16    6.58898e-01
    1.23833e-21         8.01672e+16    6.34335e-01
    1.23833e-21         7.54483e+16    6.11871e-01
    1.23833e-21         7.01847e+16    5.90740e-01
    1.23833e-21         6.41091e+16    5.71032e-01
    1.23833e-21         6.04689e+16    5.61803e-01
    1.23833e-21         5.63835e+16    5.52405e-01
    1.23833e-21         5.16920e+16    5.42764e-01
    1.23833e-21         4.89058e+16    5.37764e-01
    1.23833e-21         4.57960e+16    5.32603e-01
    1.23833e-21         4.22491e+16    5.27224e-01
    1.23833e-21         3.80790e+16    5.21553e-01
    1.23833e-21         3.55109e+16    5.18502e-01
    1.23833e-21         3.25571e+16    5.15280e-01
    1.23833e-21         3.07995e+16    5.13555e-01
    1.23833e-21         2.88352e+16    5.11744e-01
    1.23833e-21         2.65939e+16    5.09828e-01
    1.23833e-21         2.39584e+16    5.07772e-01
    1.23833e-21         2.23345e+16    5.06648e-01
    1.23833e-21         2.04657e+16    5.05447e-01
    1.23833e-21         1.93528e+16    5.04797e-01
    1.23833e-21         1.81081e+16    5.04111e-01
    1.23833e-21         1.66864e+16    5.03381e-01
    1.23833e-21         1.58491e+16    5.02986e-01
    1.23833e-21         1.49211e+16    5.02570e-01
    1.23833e-21         1.38741e+16    5.02129e-01
    1.23833e-21         1.26629e+16    5.01656e-01
    1.23833e-21         1.19360e+16    5.01397e-01
    1.23833e-21         1.11178e+16    5.01123e-01
    1.23833e-21         1.01747e+16    5.00828e-01
    1.23833e-21         9.61167e+15    5.00667e-01
    1.23833e-21         8.98075e+15    5.00497e-01
    1.23833e-21         8.25807e+15    5.00314e-01
    1.23833e-21         7.83071e+15    5.00215e-01
    1.23833e-21         7.35544e+15    5.00110e-01
    1.23833e-21         6.81675e+15    4.99999e-01
    1.23833e-21         6.18956e+15    4.99878e-01
    1.23833e-21         5.80919e+15    4.99810e-01
    1.23833e-21         5.37737e+15    4.99737e-01
    1.23833e-21         4.87340e+15    4.99657e-01
    1.23833e-21         4.56661e+15    4.99611e-01
    1.23833e-21         4.21721e+15    4.99562e-01
    1.23833e-21         3.80751e+15    4.99508e-01
    1.23833e-21         3.55620e+15    4.99477e-01
    1.23833e-21         3.26812e+15    4.99444e-01
    1.23833e-21         3.09756e+15    4.99425e-01
    1.23833e-21         2.90771e+15    4.99405e-01
    1.23833e-21         2.69225e+15    4.99383e-01
    1.23833e-21         2.44093e+15    4.99360e-01
    1.23833e-21         2.28806e+15    4.99346e-01
    1.23833e-21         2.11408e+15    4.99332e-01
    1.23833e-21         1.91028e+15    4.99316e-01
    1.23833e-21         1.78548e+15    4.99307e-01
    1.23833e-21         1.64262e+15    4.99297e-01
    1.23833e-21         1.55823e+15    4.99291e-01
    1.23833e-21         1.46445e+15    4.99286e-01
    1.23833e-21         1.35828e+15    4.99279e-01
    1.23833e-21         1.23485e+15    4.99272e-01
    1.23833e-21         1.16019e+15    4.99268e-01
    1.23833e-21         1.07560e+15    4.99264e-01
    1.23833e-21         9.77190e+14    4.99260e-01
    1.23833e-21         9.17575e+14    4.99257e-01
    1.23833e-21         8.49961e+14    4.99254e-01
    1.23833e-21         7.71162e+14    4.99251e-01
    1.23833e-21         7.23299e+14    4.99249e-01
    1.23833e-21         6.68892e+14    4.99247e-01
    1.23833e-21         6.05274e+14    4.99245e-01
    1.23833e-21         5.66428e+14    4.99244e-01
    1.23833e-21         5.22070e+14    4.99243e-01
    1.23833e-21         4.95962e+14    4.99242e-01
    1.23833e-21         4.67033e+14    4.99241e-01
    1.23833e-21         4.34409e+14    4.99240e-01
    1.23833e-21         3.96701e+14    4.99240e-01
    1.23833e-21         3.74093e+14    4.99239e-01
    1.23833e-21         3.48669e+14    4.99238e-01
    1.23833e-21         3.19402e+14    4.99238e-01
    1.23833e-21         3.01965e+14    4.99238e-01
    1.23833e-21         2.82455e+14    4.99237e-01
    1.23833e-21         2.60156e+14    4.99237e-01
    1.23833e-21         2.47014e+14    4.99237e-01
    1.23833e-21         2.32436e+14    4.99236e-01
    1.23833e-21         2.15972e+14    4.99236e-01
    1.23833e-21         1.96902e+14    4.99236e-01
    1.23833e-21         1.85431e+14    4.99236e-01
    1.23833e-21         1.72497e+14    4.99236e-01
    1.23833e-21         1.57550e+14    4.99235e-01
    1.23833e-21         1.48591e+14    4.99235e-01
    1.23833e-21         1.38520e+14    4.99235e-01
    1.23833e-21         1.26931e+14    4.99235e-01
    1.23833e-21         1.20030e+14    4.99235e-01
    1.23833e-21         1.12312e+14    4.99235e-01
    1.23833e-21         1.03498e+14    4.99235e-01
    1.23833e-21         9.83077e+13    4.99235e-01
    1.23833e-21         9.25554e+13    4.99235e-01
    1.23833e-21         8.60658e+13    4.99235e-01
    1.23833e-21         7.85606e+13    4.99235e-01
    1.23833e-21         7.40568e+13    4.99235e-01
    1.23833e-21         6.89886e+13    4.99235e-01
    1.23833e-21         6.31483e+13    4.99235e-01
    1.23833e-21         5.96630e+13    4.99235e-01
    1.23833e-21         5.57586e+13    4.99235e-01
    1.23833e-21         5.12883e+13    4.99235e-01
    1.23833e-21         4.86466e+13    4.99234e-01
    1.23833e-21         4.57101e+13    4.99234e-01
    1.23833e-21         4.23842e+13    4.99234e-01
    1.23833e-21         3.85159e+13    4.99234e-01
    1.23833e-21         3.61738e+13    4.99234e-01
    1.23833e-21         3.35185e+13    4.99234e-01
    1.23833e-21         3.04258e+13    4.99234e-01
    1.23833e-21         2.85492e+13    4.99234e-01
    1.23833e-21         2.64177e+13    4.99234e-01
    1.23833e-21         2.39284e+13    4.99234e-01
    1.23833e-21         2.24113e+13    4.99234e-01
    1.23833e-21         2.06818e+13    4.99234e-01
    1.23833e-21         1.86510e+13    4.99234e-01
    1.23833e-21         1.74025e+13    4.99234e-01
    1.23833e-21         1.59684e+13    4.99234e-01
    1.23833e-21         1.51167e+13    4.99234e-01
    1.23833e-21         1.41664e+13    4.99234e-01
    1.23833e-21         1.30843e+13    4.99234e-01
    1.23833e-21         1.18159e+13    4.99234e-01
    1.23833e-21         1.10381e+13    4.99234e-01
    1.23833e-21         1.01470e+13    4.99234e-01
    1.23833e-21         9.61970e+12    4.99234e-01
    1.23833e-21         9.03302e+12    4.99234e-01
    1.23833e-21         8.36767e+12    4.99234e-01
    1.23833e-21         7.59229e+12    4.99234e-01
    1.23833e-21         7.12137e+12    4.99234e-01
    1.23833e-21         6.58612e+12    4.99234e-01
    1.23833e-21         5.96032e+12    4.99234e-01
    1.23833e-21         5.57827e+12    4.99234e-01
    1.23833e-21         5.14210e+12    4.99234e-01
    1.23833e-21         4.62879e+12    4.99234e-01
    1.23833e-21         4.31206e+12    4.99234e-01
    1.23833e-21         3.94708e+12    4.99234e-01
    1.23833e-21         3.72929e+12    4.99234e-01
    1.23833e-21         3.48531e+12    4.99234e-01
    1.23833e-21         3.20598e+12    4.99234e-01
    1.23833e-21         3.04092e+12    4.99234e-01
    1.23833e-21         2.85745e+12    4.99234e-01
    1.23833e-21         2.64967e+12    4.99234e-01
    1.23833e-21         2.40802e+12    4.99234e-01
    1.23833e-21         2.26173e+12    4.99234e-01
    1.23833e-21         2.09590e+12    4.99234e-01
    1.23833e-21         1.90279e+12    4.99234e-01
    1.23833e-21         1.78565e+12    4.99234e-01
    1.23833e-21         1.65263e+12    4.99234e-01
    1.23833e-21         1.49733e+12    4.99234e-01
    1.23833e-21         1.40274e+12    4.99234e-01
    1.23833e-21         1.29496e+12    4.99234e-01
    1.23833e-21         1.16850e+12    4.99234e-01
    1.23833e-21         1.09084e+12    4.99234e-01
    1.23833e-21         1.00173e+12    4.99234e-01
    1.23833e-21         9.48898e+11    4.99234e-01
    1.23833e-21         8.90016e+11    4.99234e-01
    1.23833e-21         8.23085e+11    4.99234e-01
    1.23833e-21         7.44827e+11    4.99234e-01
    1.23833e-21         6.97044e+11    4.99234e-01
    1.23833e-21         6.42484e+11    4.99234e-01
    1.23833e-21         5.78265e+11    4.99234e-01
    1.23833e-21         5.38627e+11    4.99234e-01
    1.23833e-21         4.92941e+11    4.99234e-01
    1.23833e-21         4.65668e+11    4.99234e-01
    1.23833e-21         4.35106e+11    4.99234e-01
    1.23833e-21         4.00101e+11    4.99234e-01
    1.23833e-21         3.79401e+11    4.99234e-01
    1.23833e-21         3.56381e+11    4.99234e-01
    1.23833e-21         3.30291e+11    4.99234e-01
    1.23833e-21         2.99917e+11    4.99234e-01
    1.23833e-21         2.81498e+11    4.99234e-01
    1.23833e-21         2.60590e+11    4.99234e-01
    1.23833e-21         2.36192e+11    4.99234e-01
    1.23833e-21         2.21342e+11    4.99234e-01
    1.23833e-21         2.04434e+11    4.99234e-01
    1.23833e-21         1.84612e+11    4.99234e-01
    1.23833e-21         1.72459e+11    4.99234e-01
    1.23833e-21         1.58533e+11    4.99234e-01
    1.23833e-21         1.50292e+11    4.99234e-01
    1.23833e-21         1.41124e+11    4.99234e-01
    1.23833e-21         1.30725e+11    4.99234e-01
    1.23833e-21         1.18606e+11    4.99234e-01
    1.23833e-21         1.11245e+11    4.99234e-01
    1.23833e-21         1.02878e+11    4.99234e-01
    1.23833e-21         9.30941e+10    4.99234e-01
    1.23833e-21         8.71199e+10    4.99234e-01
    1.23833e-21         8.02984e+10    4.99234e-01
    1.23833e-21         7.22685e+10    4.99234e-01
    1.23833e-21         6.73119e+10    4.99234e-01
    1.23833e-21         6.15983e+10    4.99234e-01
    1.23833e-21         5.81870e+10    4.99234e-01
    1.23833e-21         5.43639e+10    4.99234e-01
    1.23833e-21         4.99843e+10    4.99234e-01
    1.23833e-21         4.73939e+10    4.99234e-01
    1.23833e-21         4.45126e+10    4.99234e-01
    1.23833e-21         4.12463e+10    4.99234e-01
    1.23833e-21         3.74421e+10    4.99234e-01
    1.23833e-21         3.51339e+10    4.99234e-01
    1.23833e-21         3.25124e+10    4.99234e-01
    1.23833e-21         2.94511e+10    4.99234e-01
    1.23833e-21         2.75857e+10    4.99234e-01
    1.23833e-21         2.54596e+10    4.99234e-01
    1.23833e-21         2.29634e+10    4.99234e-01
    1.23833e-21         2.14293e+10    4.99234e-01
    1.23833e-21         1.96676e+10    4.99234e-01
    1.23833e-21         1.86219e+10    4.99234e-01
    1.23833e-21         1.74555e+10    4.99234e-01
    1.23833e-21         1.61279e+10    4.99234e-01
    1.23833e-21         1.45729e+10    4.99234e-01
    1.23833e-21         1.36205e+10    4.99234e-01
    1.23833e-21         1.25304e+10    4.99234e-01
    1.23833e-21         1.18863e+10    4.99234e-01
    1.23833e-21         1.11706e+10    4.99234e-01
    1.23833e-21         1.03602e+10    4.99234e-01
    1.23833e-21         9.41801e+09    4.99234e-01
    1.23833e-21         8.84798e+09    4.99234e-01
    1.23833e-21         8.20213e+09    4.99234e-01
    1.23833e-21         7.45056e+09    4.99234e-01
    1.23833e-21         6.99514e+09    4.99234e-01
    1.23833e-21         6.47849e+09    4.99234e-01
    1.23833e-21         5.87615e+09    4.99234e-01
    1.23833e-21         5.51007e+09    4.99234e-01
    1.23833e-21         5.09373e+09    4.99234e-01
    1.23833e-21         4.60655e+09    4.99234e-01
    1.23833e-21         4.30872e+09    4.99234e-01
    1.23833e-21         3.96828e+09    4.99234e-01
    1.23833e-21         3.76761e+09    4.99234e-01
    1.23833e-21         3.54498e+09    4.99234e-01
    1.23833e-21         3.29352e+09    4.99234e-01
    1.23833e-21         3.00219e+09    4.99234e-01
    1.23833e-21         2.82689e+09    4.99234e-01
    1.23833e-21         2.62917e+09    4.99234e-01
    1.23833e-21         2.40059e+09    4.99234e-01
    1.23833e-21         2.26350e+09    4.99234e-01
    1.23833e-21         2.10931e+09    4.99234e-01
    1.23833e-21         1.93174e+09    4.99234e-01
    1.23833e-21         1.82588e+09    4.99234e-01
    1.23833e-21         1.70740e+09    4.99234e-01
    1.23833e-21         1.57190e+09    4.99234e-01
    1.23833e-21         1.49197e+09    4.99234e-01
    1.23833e-21         1.40324e+09    4.99234e-01
    1.23833e-21         1.30293e+09    4.99234e-01
    1.23833e-21         1.18659e+09    4.99234e-01
    1.23833e-21         1.11645e+09    4.99234e-01
    1.23833e-21         1.03723e+09    4.99234e-01
    1.23833e-21         9.45438e+08    4.99234e-01
    1.23833e-21         8.90198e+08    4.99234e-01
    1.23833e-21         8.27889e+08    4.99234e-01
    1.23833e-21         7.55849e+08    4.99234e-01
    1.23833e-21         7.12635e+08    4.99234e-01
    1.23833e-21         6.64022e+08    4.99234e-01
    1.23833e-21         6.08030e+08    4.99234e-01
    1.23833e-21         5.74640e+08    4.99234e-01
    1.23833e-21         5.37258e+08    4.99234e-01
    1.23833e-21         4.94492e+08    4.99234e-01
    1.23833e-21         4.69251e+08    4.99234e-01
    1.23833e-21         4.41221e+08    4.99234e-01
    1.23833e-21         4.09517e+08    4.99234e-01
    1.23833e-21         3.72714e+08    4.99234e-01
    1.23833e-21         3.50498e+08    4.99234e-01
    1.23833e-21         3.25378e+08    4.99234e-01
    1.23833e-21         2.96229e+08    4.99234e-01
    1.23833e-21         2.78645e+08    4.99234e-01
    1.23833e-21         2.58772e+08    4.99234e-01
    1.23833e-21         2.35729e+08    4.99234e-01
    1.23833e-21         2.21845e+08    4.99234e-01
    1.23833e-21         2.06169e+08    4.99234e-01
    1.23833e-21         1.88018e+08    4.99234e-01
    1.23833e-21         1.77106e+08    4.99234e-01
    1.23833e-21         1.64808e+08    4.99234e-01
    1.23833e-21         1.50606e+08    4.99234e-01
    1.23833e-21         1.42102e+08    4.99234e-01
    1.23833e-21         1.32550e+08    4.99234e-01
    1.23833e-21         1.21572e+08    4.99234e-01
    1.23833e-21         1.15047e+08    4.99234e-01
    1.23833e-21         1.07761e+08    4.99234e-01
    1.23833e-21         9.94567e+07    4.99234e-01
    1.23833e-21         8.97072e+07    4.99234e-01
    1.23833e-21         8.37153e+07    4.99234e-01
    1.23833e-21         7.68349e+07    4.99234e-01
    1.23833e-21         7.27510e+07    4.99234e-01
    1.23833e-21         6.81958e+07    4.99234e-01
    1.23833e-21         6.30117e+07    4.99234e-01
    1.23833e-21         5.69394e+07    4.99234e-01
    1.23833e-21         5.32212e+07    4.99234e-01
    1.23833e-21         4.89653e+07    4.99234e-01
    1.23833e-21         4.64514e+07    4.99234e-01
    1.23833e-21         4.36580e+07    4.99234e-01
    1.23833e-21         4.04957e+07    4.99234e-01
    1.23833e-21         3.68203e+07    4.99234e-01
    1.23833e-21         3.45973e+07    4.99234e-01
    1.23833e-21         3.20796e+07    4.99234e-01
    1.23833e-21         2.91511e+07    4.99234e-01
    1.23833e-21         2.73779e+07    4.99234e-01
    1.23833e-21         2.53675e+07    4.99234e-01
    1.23833e-21         2.30259e+07    4.99234e-01
    1.23833e-21         2.16049e+07    4.99234e-01
    1.23833e-21         1.99907e+07    4.99234e-01
    1.23833e-21         1.81054e+07    4.99234e-01
    1.23833e-21         1.69562e+07    4.99234e-01
    1.23833e-21         1.56460e+07    4.99234e-01
    1.23833e-21         1.41071e+07    4.99234e-01
    1.23833e-21         1.31607e+07    4.99234e-01
    1.23833e-21         1.20732e+07    4.99234e-01
    1.23833e-21         1.14271e+07    4.99234e-01
    1.23833e-21         1.07058e+07    4.99234e-01
    1.23833e-21         9.88412e+06    4.99234e-01
    1.23833e-21         8.92012e+06    4.99234e-01
    1.23833e-21         8.32832e+06    4.99234e-01
    1.23833e-21         7.64942e+06    4.99234e-01
    1.23833e-21         7.24704e+06    4.99234e-01
    1.23833e-21         6.79874e+06    4.99234e-01
    1.23833e-21         6.28938e+06    4.99234e-01
    1.23833e-21         5.69416e+06    4.99234e-01
    1.23833e-21         5.33108e+06    4.99234e-01
    1.23833e-21         4.91686e+06    4.99234e-01
    1.23833e-21         4.42991e+06    4.99234e-01
    1.23833e-21         4.12997e+06    4.99234e-01
    1.23833e-21         3.78487e+06    4.99234e-01
    1.23833e-21         3.57943e+06    4.99234e-01
    1.23833e-21         3.34972e+06    4.99234e-01
    1.23833e-21         3.08743e+06    4.99234e-01
    1.23833e-21         2.93305e+06    4.99234e-01
    1.23833e-21         2.76200e+06    4.99234e-01
    1.23833e-21         2.56911e+06    4.99234e-01
    1.23833e-21         2.34616e+06    4.99234e-01
    1.23833e-21         2.21249e+06    4.99234e-01
    1.23833e-21         2.06218e+06    4.99234e-01
    1.23833e-21         1.88917e+06    4.99234e-01
    1.23833e-21         1.78609e+06    4.99234e-01
    1.23833e-21         1.67077e+06    4.99234e-01
    1.23833e-21         1.53898e+06    4.99234e-01
    1.23833e-21         1.46132e+06    4.99234e-01
    1.23833e-21         1.37518e+06    4.99234e-01
    1.23833e-21         1.27791e+06    4.99234e-01
    1.23833e-21         1.16528e+06    4.99234e-01
    1.23833e-21         1.09755e+06    4.99234e-01
    1.23833e-21         1.02120e+06    4.99234e-01
    1.23833e-21         9.33005e+05    4.99234e-01
    1.23833e-21         8.80179e+05    4.99234e-01
    1.23833e-21         8.20821e+05    4.99234e-01
    1.23833e-21         7.52567e+05    4.99234e-01
    1.23833e-21         7.11970e+05    4.99234e-01
    1.23833e-21         6.66610e+05    4.99234e-01
    1.23833e-21         6.14868e+05    4.99234e-01
    1.23833e-21         5.54051e+05    4.99234e-01
    1.23833e-21         5.16600e+05    4.99234e-01
    1.23833e-21         4.73523e+05    4.99234e-01
    1.23833e-21         4.47887e+05    4.99234e-01
    1.23833e-21         4.19232e+05    4.99234e-01
    1.23833e-21         3.86527e+05    4.99234e-01
    1.23833e-21         3.48052e+05    4.99234e-01
    1.23833e-21         3.24327e+05    4.99234e-01
    1.23833e-21         2.97004e+05    4.99234e-01
    1.23833e-21         2.80713e+05    4.99234e-01
    1.23833e-21         2.62476e+05    4.99234e-01
    1.23833e-21         2.41617e+05    4.99234e-01
    1.23833e-21         2.29309e+05    4.99234e-01
    1.23833e-21         2.15645e+05    4.99234e-01
    1.23833e-21         2.00193e+05    4.99234e-01
    1.23833e-21         1.82265e+05    4.99234e-01
    1.23833e-21         1.71451e+05    4.99234e-01
    1.23833e-21         1.59229e+05    4.99234e-01
    1.23833e-21         1.45059e+05    4.99234e-01
    1.23833e-21         1.36522e+05    4.99234e-01
    1.23833e-21         1.26885e+05    4.99234e-01
    1.23833e-21         1.15727e+05    4.99234e-01
    1.23833e-21         1.09021e+05    4.99234e-01
    1.23833e-21         1.01464e+05    4.99234e-01
    1.23833e-21         9.27400e+04    4.99234e-01
    1.23833e-21         8.75186e+04    4.99234e-01
    1.23833e-21         8.16556e+04    4.99234e-01
    1.23833e-21         7.49205e+04    4.99234e-01
    1.23833e-21         7.09202e+04    4.99234e-01
    1.23833e-21         6.64560e+04    4.99234e-01
    1.23833e-21         6.13718e+04    4.99234e-01
    1.23833e-21         5.54103e+04    4.99234e-01
    1.23833e-21         5.17537e+04    4.99234e-01
    1.23833e-21         4.75621e+04    4.99234e-01
    1.23833e-21         4.50806e+04    4.99234e-01
    1.23833e-21         4.23185e+04    4.99234e-01
    1.23833e-21         3.91839e+04    4.99234e-01
    1.23833e-21         3.55279e+04    4.99234e-01
    1.23833e-21         3.33043e+04    4.99234e-01
    1.23833e-21         3.07738e+04    4.99234e-01
    1.23833e-21         2.78101e+04    4.99234e-01
    1.23833e-21         2.59955e+04    4.99234e-01
    1.23833e-21         2.39188e+04    4.99234e-01
    1.23833e-21         2.26923e+04    4.99234e-01
    1.23833e-21         2.13297e+04    4.99234e-01
    1.23833e-21         1.97874e+04    4.99234e-01
    1.23833e-21         1.79953e+04    4.99234e-01
    1.23833e-21         1.69119e+04    4.99234e-01
    1.23833e-21         1.56852e+04    4.99234e-01
    1.23833e-21         1.42592e+04    4.99234e-01
    1.23833e-21         1.33964e+04    4.99234e-01
    1.23833e-21         1.24189e+04    4.99234e-01
    1.23833e-21         1.12815e+04    4.99234e-01
    1.23833e-21         1.05924e+04    4.99234e-01
    1.23833e-21         9.81064e+03    4.99234e-01
    1.23833e-21         8.89935e+03    4.99234e-01
    1.23833e-21         8.34562e+03    4.99234e-01
    1.23833e-21         7.71596e+03    4.99234e-01
    1.23833e-21         6.97934e+03    4.99234e-01
    1.23833e-21         6.52919e+03    4.99234e-01
    1.23833e-21         6.01483e+03    4.99234e-01
    1.23833e-21         5.71178e+03    4.99234e-01
    1.23833e-21         5.37571e+03    4.99234e-01
    1.23833e-21         4.99632e+03    4.99234e-01
    1.23833e-21         4.55713e+03    4.99234e-01
    1.23833e-21         4.29316e+03    4.99234e-01
    1.23833e-21         3.99574e+03    4.99234e-01
    1.23833e-21         3.65239e+03    4.99234e-01
    1.23833e-21         3.44692e+03    4.99234e-01
    1.23833e-21         3.21622e+03    4.99234e-01
    1.23833e-21         2.95124e+03    4.99234e-01
    1.23833e-21         2.79390e+03    4.99234e-01
    1.23833e-21         2.61833e+03    4.99234e-01
    1.23833e-21         2.41842e+03    4.99234e-01
    1.23833e-21         2.18410e+03    4.99234e-01
    1.23833e-21         2.04046e+03    4.99234e-01
    1.23833e-21         1.87587e+03    4.99234e-01
    1.23833e-21         1.77851e+03    4.99234e-01
    1.23833e-21         1.67019e+03    4.99234e-01
    1.23833e-21         1.54737e+03    4.99234e-01
    1.23833e-21         1.40428e+03    4.99234e-01
    1.23833e-21         1.31740e+03    4.99234e-01
    1.23833e-21         1.21870e+03    4.99234e-01
    1.23833e-21         1.10336e+03    4.99234e-01
    1.23833e-21         1.03300e+03    4.99234e-01
    1.23833e-21         9.52729e+02    4.99234e-01
    1.23833e-21         8.58364e+02    4.99234e-01
    1.23833e-21         8.00237e+02    4.99234e-01
    1.23833e-21         7.33359e+02    4.99234e-01
    1.23833e-21         6.93543e+02    4.99234e-01
    1.23833e-21         6.49025e+02    4.99234e-01
    1.23833e-21         5.98189e+02    4.99234e-01
    1.23833e-21         5.68268e+02    4.99234e-01
    1.23833e-21         5.35112e+02    4.99234e-01
    1.23833e-21         4.97721e+02    4.99234e-01
    1.23833e-21         4.54500e+02    4.99234e-01
    1.23833e-21         4.28585e+02    4.99234e-01
    1.23833e-21         3.99440e+02    4.99234e-01
    1.23833e-21         3.65888e+02    4.99234e-01
    1.23833e-21         3.45893e+02    4.99234e-01
    1.23833e-21         3.23521e+02    4.99234e-01
    1.23833e-21         2.97947e+02    4.99234e-01
    1.23833e-21         2.82871e+02    4.99234e-01
    1.23833e-21         2.66145e+02    4.99234e-01
    1.23833e-21         2.47250e+02    4.99234e-01
    1.23833e-21         2.25358e+02    4.99234e-01
    1.23833e-21         2.12181e+02    4.99234e-01
    1.23833e-21         1.97318e+02    4.99234e-01
    1.23833e-21         1.80131e+02    4.99234e-01
    1.23833e-21         1.69819e+02    4.99234e-01
    1.23833e-21         1.58217e+02    4.99234e-01
    1.23833e-21         1.44850e+02    4.99234e-01
    1.23833e-21         1.36877e+02    4.99234e-01
    1.23833e-21         1.27948e+02    4.99234e-01
    1.23833e-21         1.17729e+02    4.99234e-01
    1.23833e-21         1.11693e+02    4.99234e-01
    1.23833e-21         1.04988e+02    4.99234e-01
    1.23833e-21         9.73997e+01    4.99234e-01
    1.23833e-21         8.85824e+01    4.99234e-01
    1.23833e-21         8.32525e+01    4.99234e-01
    1.23833e-21         7.72182e+01    4.99234e-01
    1.23833e-21         7.02039e+01    4.99234e-01
    1.23833e-21         6.59610e+01    4.99234e-01
    1.23833e-21         6.11546e+01    4.99234e-01
    1.23833e-21         5.55631e+01    4.99234e-01
    1.23833e-21         5.21763e+01    4.99234e-01
    1.23833e-21         4.83356e+01    4.99234e-01
    1.23833e-21         4.38602e+01    4.99234e-01
    1.23833e-21         4.11426e+01    4.99234e-01
    1.23833e-21         3.80541e+01    4.99234e-01
    1.23833e-21         3.44439e+01    4.99234e-01
    1.23833e-21         3.22406e+01    4.99234e-01
    1.23833e-21         2.97259e+01    4.99234e-01
    1.23833e-21         2.67676e+01    4.99234e-01
    1.23833e-21         2.49435e+01    4.99234e-01
    1.23833e-21         2.28429e+01    4.99234e-01
    1.23833e-21         2.15905e+01    4.99234e-01
    1.23833e-21         2.01886e+01    4.99234e-01
    1.23833e-21         1.85852e+01    4.99234e-01
    1.23833e-21         1.76393e+01    4.99234e-01
    1.23833e-21         1.65891e+01    4.99234e-01
    1.23833e-21         1.54018e+01    4.99234e-01
    1.23833e-21         1.40244e+01    4.99234e-01
    1.23833e-21         1.31938e+01    4.99234e-01
    1.23833e-21         1.22553e+01    4.99234e-01
    1.23833e-21         1.11675e+01    4.99234e-01
    1.23833e-21         1.05125e+01    4.99234e-01
    1.23833e-21         9.77334e+00    4.99234e-01
    1.23833e-21         8.91814e+00    4.99234e-01
    1.23833e-21         8.40460e+00    4.99234e-01
    1.23833e-21         7.82639e+00    4.99234e-01
    1.23833e-21         7.15959e+00    4.99234e-01
    1.23833e-21         6.76120e+00    4.99234e-01
    1.23833e-21         6.31447e+00    4.99234e-01
    1.23833e-21         5.80229e+00    4.99234e-01
    1.23833e-21         5.49900e+00    4.99234e-01
    1.23833e-21         5.16133e+00    4.99234e-01
    1.23833e-21         4.77803e+00    4.99234e-01
    1.23833e-21         4.33077e+00    4.99234e-01
    1.23833e-21         4.05856e+00    4.99234e-01
    1.23833e-21         3.74862e+00    4.99234e-01
    1.23833e-21         3.38530e+00    4.99234e-01
    1.23833e-21         3.16256e+00    4.99234e-01
    1.23833e-21         2.90733e+00    4.99234e-01
    1.23833e-21         2.75633e+00    4.99234e-01
    1.23833e-21         2.58833e+00    4.99234e-01
    1.23833e-21         2.39781e+00    4.99234e-01
    1.23833e-21         2.17582e+00    4.99234e-01
    1.23833e-21         2.04102e+00    4.99234e-01
    1.23833e-21         1.88782e+00    4.99234e-01
    1.23833e-21         1.70876e+00    4.99234e-01
    1.23833e-21         1.59947e+00    4.99234e-01
    1.23833e-21         1.47475e+00    4.99234e-01
    1.23833e-21         1.32803e+00    4.99234e-01
    1.23833e-21         1.23757e+00    4.99234e-01
    1.23833e-21         1.13340e+00    4.99234e-01
    1.23833e-21         1.07130e+00    4.99234e-01
    1.23833e-21         1.00180e+00    4.99234e-01
    1.23833e-21         9.22312e-01    4.99234e-01
    1.23833e-21         8.75424e-01    4.99234e-01
    1.23833e-21         8.23378e-01    4.99234e-01
    1.23833e-21         7.64545e-01    4.99234e-01
    1.23833e-21         6.96309e-01    4.99234e-01
    1.23833e-21         6.55177e-01    4.99234e-01
    1.23833e-21         6.08717e-01    4.99234e-01
    1.23833e-21         5.54895e-01    4.99234e-01
    1.23833e-21         5.22511e-01    4.99234e-01
    1.23833e-21         4.85987e-01    4.99234e-01
    1.23833e-21         4.43768e-01    4.99234e-01
    1.23833e-21         4.18451e-01    4.99234e-01
    1.23833e-21         3.89977e-01    4.99234e-01
    1.23833e-21         3.57194e-01    4.99234e-01
    1.23833e-21         3.37655e-01    4.99234e-01
    1.23833e-21         3.15790e-01    4.99234e-01
    1.23833e-21         2.90792e-01    4.99234e-01
    1.23833e-21         2.76052e-01    4.99234e-01
    1.23833e-21         2.59695e-01    4.99234e-01
    1.23833e-21         2.41214e-01    4.99234e-01
    1.23833e-21         2.19791e-01    4.99234e-01
    1.23833e-21         2.06890e-01    4.99234e-01
    1.23833e-21         1.92330e-01    4.99234e-01
    1.23833e-21         1.75482e-01    4.99234e-01
    1.23833e-21         1.65363e-01    4.99234e-01
    1.23833e-21         1.53968e-01    4.99234e-01
    1.23833e-21         1.40823e-01    4.99234e-01
    1.23833e-21         1.32967e-01    4.99234e-01
    1.23833e-21         1.24154e-01    4.99234e-01
    1.23833e-21         1.14046e-01    4.99234e-01
    1.23833e-21         1.08057e-01    4.99234e-01
    1.23833e-21         1.01385e-01    4.99234e-01
    1.23833e-21         9.38063e-02    4.99234e-01
    1.23833e-21         8.49534e-02    4.99234e-01
    1.23833e-21         7.95564e-02    4.99234e-01
    1.23833e-21         7.34022e-02    4.99234e-01
    1.23833e-21         6.61728e-02    4.99234e-01
    1.23833e-21         6.17251e-02    4.99234e-01
    1.23833e-21         5.66134e-02    4.99234e-01
    1.23833e-21         5.35751e-02    4.99234e-01
    1.23833e-21         5.01825e-02    4.99234e-01
    1.23833e-21         4.63157e-02    4.99234e-01
    1.23833e-21         4.17762e-02    4.99234e-01
    1.23833e-21         3.89864e-02    4.99234e-01
    1.23833e-21         3.57831e-02    4.99234e-01
    1.23833e-21         3.38818e-02    4.99234e-01
    1.23833e-21         3.17612e-02    4.99234e-01
    1.23833e-21         2.93479e-02    4.99234e-01
    1.23833e-21         2.65214e-02    4.99234e-01
    1.23833e-21         2.47909e-02    4.99234e-01
    1.23833e-21         2.28104e-02    4.99234e-01
    1.23833e-21         2.16407e-02    4.99234e-01
    1.23833e-21         2.03411e-02    4.99234e-01
    1.23833e-21         1.88702e-02    4.99234e-01
    1.23833e-21         1.71610e-02    4.99234e-01
    1.23833e-21         1.61277e-02    4.99234e-01
    1.23833e-21         1.49577e-02    4.99234e-01
    1.23833e-21         1.35976e-02    4.99234e-01
    1.23833e-21         1.27747e-02    4.99234e-01
    1.23833e-21         1.18423e-02    4.99234e-01
    1.23833e-21         1.07574e-02    4.99234e-01
    1.23833e-21         1.00999e-02    4.99234e-01
    1.23833e-21         9.35416e-03    4.99234e-01
    1.23833e-21         8.48472e-03    4.99234e-01
    1.23833e-21         7.95634e-03    4.99234e-01
    1.23833e-21         7.35545e-03    4.99234e-01
    1.23833e-21         6.65237e-03    4.99234e-01
    1.23833e-21         6.22260e-03    4.99234e-01
    1.23833e-21         5.73141e-03    4.99234e-01
    1.23833e-21         5.44192e-03    4.99234e-01
    1.23833e-21         5.12081e-03    4.99234e-01
    1.23833e-21         4.75816e-03    4.99234e-01
    1.23833e-21         4.33813e-03    4.99234e-01
    1.23833e-21         4.08548e-03    4.99234e-01
    1.23833e-21         3.80061e-03    4.99234e-01
    1.23833e-21         3.47143e-03    4.99234e-01
    1.23833e-21         3.27416e-03    4.99234e-01
    1.23833e-21         3.05239e-03    4.99234e-01
    1.23833e-21         2.79722e-03    4.99234e-01
    1.23833e-21         2.64530e-03    4.99234e-01
    1.23833e-21         2.47543e-03    4.99234e-01
    1.23833e-21         2.28144e-03    4.99234e-01
    1.23833e-21         2.16725e-03    4.99234e-01
    1.23833e-21         2.04072e-03    4.99234e-01
    1.23833e-21         1.89800e-03    4.99234e-01
    1.23833e-21         1.73301e-03    4.99234e-01
    1.23833e-21         1.63406e-03    4.99234e-01
    1.23833e-21         1.52277e-03    4.99234e-01
    1.23833e-21         1.39461e-03    4.99234e-01
    1.23833e-21         1.31822e-03    4.99234e-01
    1.23833e-21         1.23271e-03    4.99234e-01
    1.23833e-21         1.13492e-03    4.99234e-01
    1.23833e-21         1.07725e-03    4.99234e-01
    1.23833e-21         1.01322e-03    4.99234e-01
    1.23833e-21         9.40858e-04    4.99234e-01
    1.23833e-21         8.56931e-04    4.99234e-01
    1.23833e-21         8.06345e-04    4.99234e-01
    1.23833e-21         7.49213e-04    4.99234e-01
    1.23833e-21         6.83036e-04    4.99234e-01
    1.23833e-21         6.43225e-04    4.99234e-01
    1.23833e-21         5.98333e-04    4.99234e-01
    1.23833e-21         5.46453e-04    4.99234e-01
    1.23833e-21         5.15353e-04    4.99234e-01
    1.23833e-21         4.80387e-04    4.99234e-01
    1.23833e-21         4.40145e-04    4.99234e-01
    1.23833e-21         4.16177e-04    4.99234e-01
    1.23833e-21         3.89368e-04    4.99234e-01
    1.23833e-21         3.58741e-04    4.99234e-01
    1.23833e-21         3.40701e-04    4.99234e-01
    1.23833e-21         3.20699e-04    4.99234e-01
    1.23833e-21         2.98126e-04    4.99234e-01
    1.23833e-21         2.72004e-04    4.99234e-01
    1.23833e-21         2.56314e-04    4.99234e-01
    1.23833e-21         2.38645e-04    4.99234e-01
    1.23833e-21         2.18262e-04    4.99234e-01
    1.23833e-21         2.06078e-04    4.99234e-01
    1.23833e-21         1.92410e-04    4.99234e-01
    1.23833e-21         1.76733e-04    4.99234e-01
    1.23833e-21         1.67441e-04    4.99234e-01
    1.23833e-21         1.57090e-04    4.99234e-01
    1.23833e-21         1.45330e-04    4.99234e-01
    1.23833e-21         1.31590e-04    4.99234e-01
    1.23833e-21         1.23210e-04    4.99234e-01
    1.23833e-21         1.13652e-04    4.99234e-01
    1.23833e-21         1.02418e-04    4.99234e-01
    1.23833e-21         9.55011e-05    4.99234e-01
    1.23833e-21         8.75462e-05    4.99234e-01
    1.23833e-21         8.28131e-05    4.99234e-01
    1.23833e-21         7.75235e-05    4.99234e-01
    1.23833e-21         7.14874e-05    4.99234e-01
    1.23833e-21         6.43890e-05    4.99234e-01
    1.23833e-21         6.00141e-05    4.99234e-01
    1.23833e-21         5.49781e-05    4.99234e-01
    1.23833e-21         5.19777e-05    4.99234e-01
    1.23833e-21         4.86209e-05    4.99234e-01
    1.23833e-21         4.47846e-05    4.99234e-01
    1.23833e-21         4.25238e-05    4.99234e-01
    1.23833e-21         4.00161e-05    4.99234e-01
    1.23833e-21         3.71843e-05    4.99234e-01
    1.23833e-21         3.39048e-05    4.99234e-01
    1.23833e-21         3.19325e-05    4.99234e-01
    1.23833e-21         2.97090e-05    4.99234e-01
    1.23833e-21         2.71402e-05    4.99234e-01
    1.23833e-21         2.56012e-05    4.99234e-01


