              t                   M              a
    1.23833e-21         1.00000e+17    8.00000e-01
    2.47665e-21         1.00000e+17    8.00000e-01
    4.95331e-21         1.00000e+17    8.00000e-01
    9.90662e-21         1.00000e+17    8.00000e-01
    1.98132e-20         1.00000e+17    8.00000e-01
    3.96265e-20         1.00000e+17    8.00000e-01
    7.92530e-20         1.00000e+17    8.00000e-01
    1.58506e-19         1.00000e+17    8.00000e-01
    3.17012e-19         1.00000e+17    8.00000e-01
    6.34024e-19         1.00000e+17    8.00000e-01
    1.26805e-18         1.00000e+17    8.00000e-01
    2.53609e-18         1.00000e+17    8.00000e-01
    5.07219e-18         1.00000e+17    8.00000e-01
    1.01444e-17         1.00000e+17    8.00000e-01
    2.02888e-17         1.00000e+17    8.00000e-01
    4.05775e-17         1.00000e+17    8.00000e-01
    8.11550e-17         1.00000e+17    8.00000e-01
    1.62310e-16         1.00000e+17    8.00000e-01
    3.24620e-16         1.00000e+17    8.00000e-01
    6.49240e-16         1.00000e+17    8.00000e-01
    1.29848e-15         1.00000e+17    8.00000e-01
    2.59696e-15         1.00000e+17    8.00000e-01
    5.19392e-15         1.00000e+17    8.00000e-01
    1.03878e-14         1.00000e+17    8.00000e-01
    2.07757e-14         1.00000e+17    8.00000e-01
    4.15514e-14         1.00000e+17    8.00000e-01
    8.31027e-14         1.00000e+17    8.00000e-01
    1.66205e-13         1.00000e+17    8.00000e-01
    3.32411e-13         1.00000e+17    8.00000e-01
    6.64822e-13         1.00000e+17    8.00000e-01
    1.32964e-12         1.00000e+17    8.00000e-01
    2.65929e-12         1.00000e+17    8.00000e-01
    5.31858e-12         1.00000e+17    8.00000e-01
    1.06372e-11         1.00000e+17    8.00000e-01
    2.12743e-11         1.00000e+17    8.00000e-01
    4.25486e-11         1.00000e+17    8.00000e-01
    8.50972e-11         1.00000e+17    8.00000e-01
    1.70194e-10         1.00000e+17    8.00000e-01
    3.40389e-10         1.00000e+17    8.00000e-01
    6.80778e-10         1.00000e+17    8.00000e-01
    1.36156e-09         1.00000e+17    8.00000e-01
    2.72311e-09         1.00000e+17    8.00000e-01
    5.44622e-09         1.00000e+17    8.00000e-01
    1.08924e-08         1.00000e+17    8.00000e-01
    2.17849e-08         1.00000e+17    8.00000e-01
    4.35698e-08         1.00000e+17    8.00000e-01
    8.71395e-08         1.00000e+17    8.00000e-01
    1.74279e-07         1.00000e+17    8.00000e-01
    3.48558e-07         1.00000e+17    8.00000e-01
    6.97116e-07         1.00000e+17    8.00000e-01
    1.39423e-06         1.00000e+17    8.00000e-01
    2.78847e-06         1.00000e+17    8.00000e-01
    5.57693e-06         1.00000e+17    8.00000e-01
    1.11539e-05         1.00000e+17    8.00000e-01
    2.23077e-05         1.00000e+17    8.00000e-01
    4.46154e-05         1.00000e+17    8.00000e-01
    8.92309e-05         1.00000e+17    8.00000e-01
    1.78462e-04         1.00000e+17    8.00000e-01
    3.56924e-04         1.00000e+17    8.00000e-01
    7.13847e-04         1.00000e+17    8.00000e-01
    1.42769e-03         1.00000e+17    8.00000e-01
    2.85539e-03         1.00000e+17    8.00000e-01
    5.71078e-03         1.00000e+17    8.00000e-01
    1.14216e-02         1.00000e+17    8.00000e-01
    2.28431e-02         1.00000e+17    8.00000e-01
    4.56862e-02         1.00000e+17    8.00000e-01
    9.13724e-02         1.00000e+17    8.00000e-01
    1.82745e-01         1.00000e+17    8.00000e-01
    3.65490e-01         1.00000e+17    8.00000e-01
    7.30979e-01         1.00000e+17    8.00000e-01
    1.46196e+00         1.00000e+17    8.00000e-01
    2.92392e+00         1.00000e+17    8.00000e-01
    5.84784e+00         1.00000e+17    8.00000e-01
    1.16957e+01         1.00000e+17    8.00000e-01
    2.33913e+01         1.00000e+17    8.00000e-01
    4.67827e+01         1.00000e+17    8.00000e-01
    9.35654e+01         1.00000e+17    8.00000e-01
    1.87131e+02         1.00000e+17    8.00000e-01
    3.74261e+02         1.00000e+17    8.00000e-01
    7.48523e+02         1.00000e+17    8.00000e-01
    1.49705e+03         1.00000e+17    8.00000e-01
    2.99409e+03         1.00000e+17    8.00000e-01
    5.98818e+03         1.00000e+17    8.00000e-01
    1.19764e+04         1.00000e+17    8.00000e-01
    2.39527e+04         1.00000e+17    8.00000e-01
    4.79055e+04         1.00000e+17    8.00000e-01
    9.58109e+04         1.00000e+17    8.00000e-01
    1.91622e+05         1.00000e+17    8.00000e-01
    3.83244e+05         1.00000e+17    8.00000e-01
    7.66488e+05         1.00000e+17    8.00000e-01
    1.53298e+06         1.00000e+17    8.00000e-01
    3.06595e+06         1.00000e+17    8.00000e-01
    6.13190e+06         1.00000e+17    8.00000e-01
    1.22638e+07         1.00000e+17    8.00000e-01
    2.45276e+07         1.00000e+17    8.00000e-01
    4.90552e+07         1.00000e+17    8.00000e-01
    9.81104e+07         1.00000e+17    8.00000e-01
    1.96221e+08         1.00000e+17    8.00000e-01
    3.92442e+08         9.99999e+16    7.99999e-01
    7.84883e+08         9.99999e+16    7.99998e-01
    1.56977e+09         9.99997e+16    7.99997e-01
    3.13953e+09         9.99995e+16    7.99993e-01
    6.27907e+09         9.99989e+16    7.99986e-01
    1.25581e+10         9.99978e+16    7.99973e-01
    2.51163e+10         9.99956e+16    7.99946e-01
    5.02325e+10         9.99913e+16    7.99891e-01
    1.00465e+11         9.99826e+16    7.99783e-01
    2.00930e+11         9.99652e+16    7.99566e-01
    4.01860e+11         9.99304e+16    7.99133e-01
    8.03720e+11         9.98609e+16    7.98267e-01
    1.60744e+12         9.97223e+16    7.96544e-01
    3.21488e+12         9.94464e+16    7.93125e-01
    6.42976e+12         9.89000e+16    7.86399e-01
    1.28595e+13         9.78216e+16    7.73295e-01
    1.92893e+13         9.67592e+16    7.60881e-01
    2.57191e+13         9.57117e+16    7.49130e-01
    3.21488e+13         9.46713e+16    7.37948e-01
    3.85786e+13         9.36285e+16    7.27245e-01
    4.50083e+13         9.25839e+16    7.16985e-01
    5.14381e+13         9.15389e+16    7.07102e-01
    5.78679e+13         9.04814e+16    6.97589e-01
    6.42976e+13         8.94102e+16    6.88434e-01
    7.07274e+13         8.83240e+16    6.79627e-01
    7.71572e+13         8.72201e+16    6.71143e-01
    8.35869e+13         8.60936e+16    6.62917e-01
    9.00167e+13         8.49423e+16    6.54952e-01
    9.64465e+13         8.37642e+16    6.47242e-01
    1.02876e+14         8.25573e+16    6.39780e-01
    1.09306e+14         8.13193e+16    6.32484e-01
    1.15736e+14         8.00472e+16    6.25335e-01
    1.22166e+14         7.87385e+16    6.18327e-01
    1.28595e+14         7.73888e+16    6.11474e-01
    1.35025e+14         7.59944e+16    6.04774e-01
    1.41455e+14         7.45475e+16    5.98232e-01
    1.47885e+14         7.30402e+16    5.91861e-01
    1.54314e+14         7.14668e+16    5.85648e-01
    1.60744e+14         6.98195e+16    5.79597e-01
    1.67174e+14         6.80892e+16    5.73711e-01
    1.73604e+14         6.62650e+16    5.67992e-01
    1.80033e+14         6.43410e+16    5.62255e-01
    1.86463e+14         6.22967e+16    5.56570e-01
    1.92893e+14         6.01122e+16    5.50934e-01
    1.99323e+14         5.77621e+16    5.45336e-01
    2.05752e+14         5.52121e+16    5.39782e-01
    2.12182e+14         5.24175e+16    5.34234e-01
    2.18612e+14         4.93118e+16    5.28657e-01
    2.25042e+14         4.57896e+16    5.23093e-01
    2.31471e+14         4.16898e+16    5.17531e-01
    2.34686e+14         3.92081e+16    5.14740e-01
    2.37901e+14         3.63984e+16    5.11891e-01
    2.41116e+14         3.31315e+16    5.09019e-01
    2.42724e+14         3.11564e+16    5.07565e-01
    2.44331e+14         2.89210e+16    5.06076e-01
    2.45938e+14         2.63241e+16    5.04566e-01
    2.46742e+14         2.47552e+16    5.03795e-01
    2.47546e+14         2.29803e+16    5.03010e-01
    2.48350e+14         2.09197e+16    5.02203e-01
    2.48751e+14         1.96759e+16    5.01786e-01
    2.49153e+14         1.82694e+16    5.01361e-01
    2.49555e+14         1.66376e+16    5.00924e-01
    2.49756e+14         1.56536e+16    5.00697e-01
    2.49957e+14         1.45418e+16    5.00465e-01
    2.50158e+14         1.32533e+16    5.00226e-01
    2.50258e+14         1.24776e+16    5.00102e-01
    2.50359e+14         1.16025e+16    4.99974e-01
    2.50459e+14         1.05902e+16    4.99841e-01
    2.50510e+14         9.98264e+15    4.99770e-01
    2.50560e+14         9.29885e+15    4.99696e-01
    2.50610e+14         8.51077e+15    4.99617e-01
    2.50635e+14         8.04035e+15    4.99576e-01
    2.50660e+14         7.51327e+15    4.99532e-01
    2.50685e+14         6.90963e+15    4.99486e-01
    2.50698e+14         6.55277e+15    4.99461e-01
    2.50711e+14         6.15597e+15    4.99434e-01
    2.50723e+14         5.70637e+15    4.99407e-01
    2.50736e+14         5.18312e+15    4.99377e-01
    2.50742e+14         4.86600e+15    4.99360e-01
    2.50748e+14         4.50620e+15    4.99343e-01
    2.50754e+14         4.08665e+15    4.99324e-01
    2.50758e+14         3.83159e+15    4.99314e-01
    2.50761e+14         3.54144e+15    4.99303e-01
    2.50764e+14         3.20179e+15    4.99291e-01
    2.50765e+14         2.99403e+15    4.99284e-01
    2.50767e+14         2.75643e+15    4.99278e-01
    2.50768e+14         2.61627e+15    4.99274e-01
    2.50769e+14         2.46068e+15    4.99270e-01
    2.50769e+14         2.28480e+15    4.99265e-01
    2.50770e+14         2.08080e+15    4.99261e-01
    2.50771e+14         1.95782e+15    4.99258e-01
    2.50771e+14         1.81891e+15    4.99255e-01
    2.50771e+14         1.65796e+15    4.99252e-01
    2.50772e+14         1.56111e+15    4.99250e-01
    2.50772e+14         1.45186e+15    4.99248e-01
    2.50772e+14         1.32556e+15    4.99246e-01
    2.50772e+14         1.24980e+15    4.99245e-01
    2.50772e+14         1.16458e+15    4.99244e-01
    2.50772e+14         1.06643e+15    4.99242e-01
    2.50772e+14         1.00790e+15    4.99242e-01
    2.50772e+14         9.42380e+14    4.99241e-01
    2.50772e+14         8.67432e+14    4.99240e-01
    2.50772e+14         8.23203e+14    4.99240e-01
    2.50772e+14         7.74094e+14    4.99239e-01
    2.50772e+14         7.18556e+14    4.99238e-01
    2.50773e+14         6.54100e+14    4.99238e-01
    2.50773e+14         6.15209e+14    4.99237e-01
    2.50773e+14         5.71244e+14    4.99237e-01
    2.50773e+14         5.20251e+14    4.99237e-01
    2.50773e+14         4.89512e+14    4.99236e-01
    2.50773e+14         4.54791e+14    4.99236e-01
    2.50773e+14         4.14566e+14    4.99236e-01
    2.50773e+14         3.90361e+14    4.99236e-01
    2.50773e+14         3.63062e+14    4.99236e-01
    2.50773e+14         3.31503e+14    4.99235e-01
    2.50773e+14         3.12575e+14    4.99235e-01
    2.50773e+14         2.91287e+14    4.99235e-01
    2.50773e+14         2.66772e+14    4.99235e-01
    2.50773e+14         2.52159e+14    4.99235e-01
    2.50773e+14         2.35803e+14    4.99235e-01
    2.50773e+14         2.17099e+14    4.99235e-01
    2.50773e+14         2.06067e+14    4.99235e-01
    2.50773e+14         1.93821e+14    4.99235e-01
    2.50773e+14         1.79979e+14    4.99235e-01
    2.50773e+14         1.63926e+14    4.99235e-01
    2.50773e+14         1.54250e+14    4.99235e-01
    2.50773e+14         1.43323e+14    4.99235e-01
    2.50773e+14         1.30666e+14    4.99235e-01
    2.50773e+14         1.23052e+14    4.99235e-01
    2.50773e+14         1.14466e+14    4.99235e-01
    2.50773e+14         1.04545e+14    4.99235e-01
    2.50773e+14         9.85978e+13    4.99234e-01
    2.50773e+14         9.19117e+13    4.99234e-01
    2.50773e+14         8.42174e+13    4.99234e-01
    2.50773e+14         7.96352e+13    4.99234e-01
    2.50773e+14         7.45104e+13    4.99234e-01
    2.50773e+14         6.86565e+13    4.99234e-01
    2.50773e+14         6.52092e+13    4.99234e-01
    2.50773e+14         6.13877e+13    4.99234e-01
    2.50773e+14         5.70756e+13    4.99234e-01
    2.50773e+14         5.20874e+13    4.99234e-01
    2.50773e+14         4.90927e+13    4.99234e-01
    2.50773e+14         4.57215e+13    4.99234e-01
    2.50773e+14         4.18348e+13    4.99234e-01
    2.50773e+14         3.95136e+13    4.99234e-01
    2.50773e+14         3.69117e+13    4.99234e-01
    2.50773e+14         3.39300e+13    4.99234e-01
    2.50773e+14         3.21656e+13    4.99234e-01
    2.50773e+14         3.02024e+13    4.99234e-01
    2.50773e+14         2.79756e+13    4.99234e-01
    2.50773e+14         2.53802e+13    4.99234e-01
    2.50773e+14         2.38036e+13    4.99234e-01
    2.50773e+14         2.20111e+13    4.99234e-01
    2.50773e+14         1.99149e+13    4.99234e-01
    2.50773e+14         1.86345e+13    4.99234e-01
    2.50773e+14         1.71721e+13    4.99234e-01
    2.50773e+14         1.63110e+13    4.99234e-01
    2.50773e+14         1.53567e+13    4.99234e-01
    2.50773e+14         1.42800e+13    4.99234e-01
    2.50773e+14         1.30349e+13    4.99234e-01
    2.50773e+14         1.22877e+13    4.99234e-01
    2.50773e+14         1.14469e+13    4.99234e-01
    2.50773e+14         1.04781e+13    4.99234e-01
    2.50773e+14         9.89990e+12    4.99234e-01
    2.50773e+14         9.25224e+12    4.99234e-01
    2.50773e+14         8.51074e+12    4.99234e-01
    2.50773e+14         8.07256e+12    4.99234e-01
    2.50773e+14         7.58553e+12    4.99234e-01
    2.50773e+14         7.03396e+12    4.99234e-01
    2.50773e+14         6.39248e+12    4.99234e-01
    2.50773e+14         6.00414e+12    4.99234e-01
    2.50773e+14         5.56394e+12    4.99234e-01
    2.50773e+14         5.05134e+12    4.99234e-01
    2.50773e+14         4.74038e+12    4.99234e-01
    2.50773e+14         4.38728e+12    4.99234e-01
    2.50773e+14         3.97506e+12    4.99234e-01
    2.50773e+14         3.72399e+12    4.99234e-01
    2.50773e+14         3.43792e+12    4.99234e-01
    2.50773e+14         3.10226e+12    4.99234e-01
    2.50773e+14         2.89615e+12    4.99234e-01
    2.50773e+14         2.65965e+12    4.99234e-01
    2.50773e+14         2.51944e+12    4.99234e-01
    2.50773e+14         2.36319e+12    4.99234e-01
    2.50773e+14         2.18560e+12    4.99234e-01
    2.50773e+14         1.97797e+12    4.99234e-01
    2.50773e+14         1.85121e+12    4.99234e-01
    2.50773e+14         1.70651e+12    4.99234e-01
    2.50773e+14         1.53622e+12    4.99234e-01
    2.50773e+14         1.43115e+12    4.99234e-01
    2.50773e+14         1.31010e+12    4.99234e-01
    2.50773e+14         1.23786e+12    4.99234e-01
    2.50773e+14         1.15695e+12    4.99234e-01
    2.50773e+14         1.06433e+12    4.99234e-01
    2.50773e+14         1.00961e+12    4.99234e-01
    2.50773e+14         9.48799e+11    4.99234e-01
    2.50773e+14         8.79940e+11    4.99234e-01
    2.50773e+14         7.99883e+11    4.99234e-01
    2.50773e+14         7.51440e+11    4.99234e-01
    2.50773e+14         6.96551e+11    4.99234e-01
    2.50773e+14         6.32669e+11    4.99234e-01
    2.50773e+14         5.93953e+11    4.99234e-01
    2.50773e+14         5.50024e+11    4.99234e-01
    2.50773e+14         4.98799e+11    4.99234e-01
    2.50773e+14         4.67656e+11    4.99234e-01
    2.50773e+14         4.32226e+11    4.99234e-01
    2.50773e+14         3.90750e+11    4.99234e-01
    2.50773e+14         3.65376e+11    4.99234e-01
    2.50773e+14         3.36355e+11    4.99234e-01
    2.50773e+14         3.19232e+11    4.99234e-01
    2.50773e+14         3.00224e+11    4.99234e-01
    2.50773e+14         2.78732e+11    4.99234e-01
    2.50773e+14         2.53799e+11    4.99234e-01
    2.50773e+14         2.38762e+11    4.99234e-01
    2.50773e+14         2.21772e+11    4.99234e-01
    2.50773e+14         2.02079e+11    4.99234e-01
    2.50773e+14         1.90220e+11    4.99234e-01
    2.50773e+14         1.76836e+11    4.99234e-01
    2.50773e+14         1.61349e+11    4.99234e-01
    2.50773e+14         1.52048e+11    4.99234e-01
    2.50773e+14         1.41574e+11    4.99234e-01
    2.50773e+14         1.29493e+11    4.99234e-01
    2.50773e+14         1.22273e+11    4.99234e-01
    2.50773e+14         1.14175e+11    4.99234e-01
    2.50773e+14         1.04887e+11    4.99234e-01
    2.50773e+14         9.93845e+10    4.99234e-01
    2.50773e+14         9.32557e+10    4.99234e-01
    2.50773e+14         8.62950e+10    4.99234e-01
    2.50773e+14         7.81659e+10    4.99234e-01
    2.50773e+14         7.32121e+10    4.99234e-01
    2.50773e+14         6.75651e+10    4.99234e-01
    2.50773e+14         6.09348e+10    4.99234e-01
    2.50773e+14         5.68590e+10    4.99234e-01
    2.50773e+14         5.21778e+10    4.99234e-01
    2.50773e+14         4.93985e+10    4.99234e-01
    2.50773e+14         4.62975e+10    4.99234e-01
    2.50773e+14         4.27673e+10    4.99234e-01
    2.50773e+14         3.86302e+10    4.99234e-01
    2.50773e+14         3.60948e+10    4.99234e-01
    2.50773e+14         3.31908e+10    4.99234e-01
    2.50773e+14         3.14736e+10    4.99234e-01
    2.50773e+14         2.95639e+10    4.99234e-01
    2.50773e+14         2.73995e+10    4.99234e-01
    2.50773e+14         2.48797e+10    4.99234e-01
    2.50773e+14         2.33516e+10    4.99234e-01
    2.50773e+14         2.16171e+10    4.99234e-01
    2.50773e+14         1.95929e+10    4.99234e-01
    2.50773e+14         1.83610e+10    4.99234e-01
    2.50773e+14         1.69581e+10    4.99234e-01
    2.50773e+14         1.53136e+10    4.99234e-01
    2.50773e+14         1.43052e+10    4.99234e-01
    2.50773e+14         1.31497e+10    4.99234e-01
    2.50773e+14         1.24659e+10    4.99234e-01
    2.50773e+14         1.17051e+10    4.99234e-01
    2.50773e+14         1.08421e+10    4.99234e-01
    2.50773e+14         9.83634e+09    4.99234e-01
    2.50773e+14         9.22534e+09    4.99234e-01
    2.50773e+14         8.53072e+09    4.99234e-01
    2.50773e+14         7.71838e+09    4.99234e-01
    2.50773e+14         7.22222e+09    4.99234e-01
    2.50773e+14         6.65554e+09    4.99234e-01
    2.50773e+14         6.32189e+09    4.99234e-01
    2.50773e+14         5.95210e+09    4.99234e-01
    2.50773e+14         5.53494e+09    4.99234e-01
    2.50773e+14         5.05252e+09    4.99234e-01
    2.50773e+14         4.76305e+09    4.99234e-01
    2.50773e+14         4.43732e+09    4.99234e-01
    2.50773e+14         4.06202e+09    4.99234e-01
    2.50773e+14         3.83810e+09    4.99234e-01
    2.50773e+14         3.58728e+09    4.99234e-01
    2.50773e+14         3.30016e+09    4.99234e-01
    2.50773e+14         3.13054e+09    4.99234e-01
    2.50773e+14         2.94204e+09    4.99234e-01
    2.50773e+14         2.72860e+09    4.99234e-01
    2.50773e+14         2.48047e+09    4.99234e-01
    2.50773e+14         2.33035e+09    4.99234e-01
    2.50773e+14         2.16025e+09    4.99234e-01
    2.50773e+14         1.96232e+09    4.99234e-01
    2.50773e+14         1.84238e+09    4.99234e-01
    2.50773e+14         1.70631e+09    4.99234e-01
    2.50773e+14         1.54769e+09    4.99234e-01
    2.50773e+14         1.45128e+09    4.99234e-01
    2.50773e+14         1.34164e+09    4.99234e-01
    2.50773e+14         1.21335e+09    4.99234e-01
    2.50773e+14         1.13492e+09    4.99234e-01
    2.50773e+14         1.04528e+09    4.99234e-01
    2.50773e+14         9.92444e+08    4.99234e-01
    2.50773e+14         9.33831e+08    4.99234e-01
    2.50773e+14         8.67629e+08    4.99234e-01
    2.50773e+14         7.90938e+08    4.99234e-01
    2.50773e+14         7.44796e+08    4.99234e-01
    2.50773e+14         6.92760e+08    4.99234e-01
    2.50773e+14         6.32613e+08    4.99234e-01
    2.50773e+14         5.96550e+08    4.99234e-01
    2.50773e+14         5.55993e+08    4.99234e-01
    2.50773e+14         5.09305e+08    4.99234e-01
    2.50773e+14         4.81485e+08    4.99234e-01
    2.50773e+14         4.50356e+08    4.99234e-01
    2.50773e+14         4.14776e+08    4.99234e-01
    2.50773e+14         3.93803e+08    4.99234e-01
    2.50773e+14         3.70537e+08    4.99234e-01
    2.50773e+14         3.44257e+08    4.99234e-01
    2.50773e+14         3.13811e+08    4.99234e-01
    2.50773e+14         2.95491e+08    4.99234e-01
    2.50773e+14         2.74829e+08    4.99234e-01
    2.50773e+14         2.50944e+08    4.99234e-01
    2.50773e+14         2.36619e+08    4.99234e-01
    2.50773e+14         2.20508e+08    4.99234e-01
    2.50773e+14         2.01956e+08    4.99234e-01
    2.50773e+14         1.90898e+08    4.99234e-01
    2.50773e+14         1.78522e+08    4.99234e-01
    2.50773e+14         1.64370e+08    4.99234e-01
    2.50773e+14         1.56023e+08    4.99234e-01
    2.50773e+14         1.46759e+08    4.99234e-01
    2.50773e+14         1.36289e+08    4.99234e-01
    2.50773e+14         1.24148e+08    4.99234e-01
    2.50773e+14         1.16832e+08    4.99234e-01
    2.50773e+14         1.08571e+08    4.99234e-01
    2.50773e+14         9.90060e+07    4.99234e-01
    2.50773e+14         9.32544e+07    4.99234e-01
    2.50773e+14         8.67715e+07    4.99234e-01
    2.50773e+14         7.92837e+07    4.99234e-01
    2.50773e+14         7.47992e+07    4.99234e-01
    2.50773e+14         6.97609e+07    4.99234e-01
    2.50773e+14         6.39685e+07    4.99234e-01
    2.50773e+14         6.05241e+07    4.99234e-01
    2.50773e+14         5.66765e+07    4.99234e-01
    2.50773e+14         5.22887e+07    4.99234e-01
    2.50773e+14         4.71336e+07    4.99234e-01
    2.50773e+14         4.39614e+07    4.99234e-01
    2.50773e+14         4.03149e+07    4.99234e-01
    2.50773e+14         3.81470e+07    4.99234e-01
    2.50773e+14         3.57255e+07    4.99234e-01
    2.50773e+14         3.29648e+07    4.99234e-01
    2.50773e+14         2.97222e+07    4.99234e-01
    2.50773e+14         2.77278e+07    4.99234e-01
    2.50773e+14         2.54363e+07    4.99234e-01
    2.50773e+14         2.40748e+07    4.99234e-01
    2.50773e+14         2.25549e+07    4.99234e-01
    2.50773e+14         2.08233e+07    4.99234e-01
    2.50773e+14         1.87918e+07    4.99234e-01
    2.50773e+14         1.75445e+07    4.99234e-01
    2.50773e+14         1.61136e+07    4.99234e-01
    2.50773e+14         1.52654e+07    4.99234e-01
    2.50773e+14         1.43204e+07    4.99234e-01
    2.50773e+14         1.32465e+07    4.99234e-01
    2.50773e+14         1.19914e+07    4.99234e-01
    2.50773e+14         1.12256e+07    4.99234e-01
    2.50773e+14         1.03518e+07    4.99234e-01
    2.50773e+14         9.32423e+06    4.99234e-01
    2.50773e+14         8.69097e+06    4.99234e-01
    2.50773e+14         7.96206e+06    4.99234e-01
    2.50773e+14         7.52782e+06    4.99234e-01
    2.50773e+14         7.04203e+06    4.99234e-01
    2.50773e+14         6.48692e+06    4.99234e-01
    2.50773e+14         6.15983e+06    4.99234e-01
    2.50773e+14         5.79707e+06    4.99234e-01
    2.50773e+14         5.38750e+06    4.99234e-01
    2.50773e+14         4.91328e+06    4.99234e-01
    2.50773e+14         4.62820e+06    4.99234e-01
    2.50773e+14         4.30691e+06    4.99234e-01
    2.50773e+14         3.93590e+06    4.99234e-01
    2.50773e+14         3.71377e+06    4.99234e-01
    2.50773e+14         3.46427e+06    4.99234e-01
    2.50773e+14         3.17755e+06    4.99234e-01
    2.50773e+14         3.00715e+06    4.99234e-01
    2.50773e+14         2.81689e+06    4.99234e-01
    2.50773e+14         2.60005e+06    4.99234e-01
    2.50773e+14         2.34555e+06    4.99234e-01
    2.50773e+14         2.18919e+06    4.99234e-01
    2.50773e+14         2.00969e+06    4.99234e-01
    2.50773e+14         1.90319e+06    4.99234e-01
    2.50773e+14         1.78444e+06    4.99234e-01
    2.50773e+14         1.64935e+06    4.99234e-01
    2.50773e+14         1.49124e+06    4.99234e-01
    2.50773e+14         1.39453e+06    4.99234e-01
    2.50773e+14         1.28394e+06    4.99234e-01
    2.50773e+14         1.21871e+06    4.99234e-01
    2.50773e+14         1.14631e+06    4.99234e-01
    2.50773e+14         1.06448e+06    4.99234e-01
    2.50773e+14         9.69576e+05    4.99234e-01
    2.50773e+14         9.12382e+05    4.99234e-01
    2.50773e+14         8.47794e+05    4.99234e-01
    2.50773e+14         7.72989e+05    4.99234e-01
    2.50773e+14         7.27997e+05    4.99234e-01
    2.50773e+14         6.77272e+05    4.99234e-01
    2.50773e+14         6.18665e+05    4.99234e-01
    2.50773e+14         5.83546e+05    4.99234e-01
    2.50773e+14         5.44073e+05    4.99234e-01
    2.50773e+14         4.98665e+05    4.99234e-01
    2.50773e+14         4.71638e+05    4.99234e-01
    2.50773e+14         4.41424e+05    4.99234e-01
    2.50773e+14         4.06933e+05    4.99234e-01
    2.50773e+14         3.66348e+05    4.99234e-01
    2.50773e+14         3.41309e+05    4.99234e-01
    2.50773e+14         3.12463e+05    4.99234e-01
    2.50773e+14         2.95254e+05    4.99234e-01
    2.50773e+14         2.75980e+05    4.99234e-01
    2.50773e+14         2.53920e+05    4.99234e-01
    2.50773e+14         2.40890e+05    4.99234e-01
    2.50773e+14         2.26413e+05    4.99234e-01
    2.50773e+14         2.10025e+05    4.99234e-01
    2.50773e+14         1.90979e+05    4.99234e-01
    2.50773e+14         1.79463e+05    4.99234e-01
    2.50773e+14         1.66420e+05    4.99234e-01
    2.50773e+14         1.51254e+05    4.99234e-01
    2.50773e+14         1.42074e+05    4.99234e-01
    2.50773e+14         1.31668e+05    4.99234e-01
    2.50773e+14         1.19554e+05    4.99234e-01
    2.50773e+14         1.12207e+05    4.99234e-01
    2.50773e+14         1.03866e+05    4.99234e-01
    2.50773e+14         9.41323e+04    4.99234e-01
    2.50773e+14         8.82067e+04    4.99234e-01
    2.50773e+14         8.14582e+04    4.99234e-01
    2.50773e+14         7.35453e+04    4.99234e-01
    2.50773e+14         6.86916e+04    4.99234e-01
    2.50773e+14         6.31278e+04    4.99234e-01
    2.50773e+14         5.98339e+04    4.99234e-01
    2.50773e+14         5.61674e+04    4.99234e-01
    2.50773e+14         5.20065e+04    4.99234e-01
    2.50773e+14         4.71533e+04    4.99234e-01
    2.50773e+14         4.42014e+04    4.99234e-01
    2.50773e+14         4.08421e+04    4.99234e-01
    2.50773e+14         3.69075e+04    4.99234e-01
    2.50773e+14         3.44984e+04    4.99234e-01
    2.50773e+14         3.17410e+04    4.99234e-01
    2.50773e+14         3.01124e+04    4.99234e-01
    2.50773e+14         2.83028e+04    4.99234e-01
    2.50773e+14         2.62545e+04    4.99234e-01
    2.50773e+14         2.38741e+04    4.99234e-01
    2.50773e+14         2.24347e+04    4.99234e-01
    2.50773e+14         2.08047e+04    4.99234e-01
    2.50773e+14         1.89093e+04    4.99234e-01
    2.50773e+14         1.77621e+04    4.99234e-01
    2.50773e+14         1.64619e+04    4.99234e-01
    2.50773e+14         1.49482e+04    4.99234e-01
    2.50773e+14         1.40303e+04    4.99234e-01
    2.50773e+14         1.29883e+04    4.99234e-01
    2.50773e+14         1.17725e+04    4.99234e-01
    2.50773e+14         1.10326e+04    4.99234e-01
    2.50773e+14         1.01901e+04    4.99234e-01
    2.50773e+14         9.20245e+03    4.99234e-01
    2.50773e+14         8.59697e+03    4.99234e-01
    2.50773e+14         7.90320e+03    4.99234e-01
    2.50773e+14         7.49273e+03    4.99234e-01
    2.50773e+14         7.03607e+03    4.99234e-01
    2.50773e+14         6.51820e+03    4.99234e-01
    2.50773e+14         5.91477e+03    4.99234e-01
    2.50773e+14         5.54836e+03    4.99234e-01
    2.50773e+14         5.13195e+03    4.99234e-01
    2.50773e+14         4.64522e+03    4.99234e-01
    2.50773e+14         4.34818e+03    4.99234e-01
    2.50773e+14         4.00918e+03    4.99234e-01
    2.50773e+14         3.61042e+03    4.99234e-01
    2.50773e+14         3.36457e+03    4.99234e-01
    2.50773e+14         3.08148e+03    4.99234e-01
    2.50773e+14         2.91273e+03    4.99234e-01
    2.50773e+14         2.72386e+03    4.99234e-01
    2.50773e+14         2.50789e+03    4.99234e-01
    2.50773e+14         2.38051e+03    4.99234e-01
    2.50773e+14         2.23913e+03    4.99234e-01
    2.50773e+14         2.07933e+03    4.99234e-01
    2.50773e+14         1.89403e+03    4.99234e-01
    2.50773e+14         1.78236e+03    4.99234e-01
    2.50773e+14         1.65627e+03    4.99234e-01
    2.50773e+14         1.51024e+03    4.99234e-01
    2.50773e+14         1.42242e+03    4.99234e-01
    2.50773e+14         1.32342e+03    4.99234e-01
    2.50773e+14         1.20906e+03    4.99234e-01
    2.50773e+14         1.14056e+03    4.99234e-01
    2.50773e+14         1.06357e+03    4.99234e-01
    2.50773e+14         9.75038e+02    4.99234e-01
    2.50773e+14         9.22368e+02    4.99234e-01
    2.50773e+14         8.63510e+02    4.99234e-01
    2.50773e+14         7.96356e+02    4.99234e-01
    2.50773e+14         7.17398e+02    4.99234e-01
    2.50773e+14         6.68751e+02    4.99234e-01
    2.50773e+14         6.12769e+02    4.99234e-01
    2.50773e+14         5.79429e+02    4.99234e-01
    2.50773e+14         5.42143e+02    4.99234e-01
    2.50773e+14         4.99552e+02    4.99234e-01
    2.50773e+14         4.74470e+02    4.99234e-01
    2.50773e+14         4.46666e+02    4.99234e-01
    2.50773e+14         4.15293e+02    4.99234e-01
    2.50773e+14         3.79001e+02    4.99234e-01
    2.50773e+14         3.57214e+02    4.99234e-01
    2.50773e+14         3.32688e+02    4.99234e-01
    2.50773e+14         3.04412e+02    4.99234e-01
    2.50773e+14         2.87525e+02    4.99234e-01
    2.50773e+14         2.68597e+02    4.99234e-01
    2.50773e+14         2.46907e+02    4.99234e-01
    2.50773e+14         2.34073e+02    4.99234e-01
    2.50773e+14         2.19793e+02    4.99234e-01
    2.50773e+14         2.03598e+02    4.99234e-01
    2.50773e+14         1.84723e+02    4.99234e-01
    2.50773e+14         1.73258e+02    4.99234e-01
    2.50773e+14         1.60226e+02    4.99234e-01
    2.50773e+14         1.44988e+02    4.99234e-01
    2.50773e+14         1.35683e+02    4.99234e-01
    2.50773e+14         1.25059e+02    4.99234e-01
    2.50773e+14         1.18805e+02    4.99234e-01
    2.50773e+14         1.11876e+02    4.99234e-01
    2.50773e+14         1.04063e+02    4.99234e-01
    2.50773e+14         9.50313e+01    4.99234e-01
    2.50773e+14         8.96166e+01    4.99234e-01
    2.50773e+14         8.35278e+01    4.99234e-01
    2.50773e+14         7.65189e+01    4.99234e-01
    2.50773e+14         7.23431e+01    4.99234e-01
    2.50773e+14         6.76713e+01    4.99234e-01
    2.50773e+14         6.23321e+01    4.99234e-01
    2.50773e+14         5.91857e+01    4.99234e-01
    2.50773e+14         5.56957e+01    4.99234e-01
    2.50773e+14         5.17547e+01    4.99234e-01
    2.50773e+14         4.71907e+01    4.99234e-01
    2.50773e+14         4.44459e+01    4.99234e-01
    2.50773e+14         4.13517e+01    4.99234e-01
    2.50773e+14         3.77770e+01    4.99234e-01
    2.50773e+14         3.56354e+01    4.99234e-01
    2.50773e+14         3.32287e+01    4.99234e-01
    2.50773e+14         3.04607e+01    4.99234e-01
    2.50773e+14         2.88138e+01    4.99234e-01
    2.50773e+14         2.69732e+01    4.99234e-01
    2.50773e+14         2.48728e+01    4.99234e-01
    2.50773e+14         2.24027e+01    4.99234e-01
    2.50773e+14         2.08803e+01    4.99234e-01
    2.50773e+14         1.91278e+01    4.99234e-01
    2.50773e+14         1.80837e+01    4.99234e-01
    2.50773e+14         1.69154e+01    4.99234e-01
    2.50773e+14         1.55803e+01    4.99234e-01
    2.50773e+14         1.47934e+01    4.99234e-01
    2.50773e+14         1.39206e+01    4.99234e-01
    2.50773e+14         1.29348e+01    4.99234e-01
    2.50773e+14         1.17931e+01    4.99234e-01
    2.50773e+14         1.11064e+01    4.99234e-01
    2.50773e+14         1.03321e+01    4.99234e-01
    2.50773e+14         9.43748e+00    4.99234e-01
    2.50773e+14         8.90132e+00    4.99234e-01
    2.50773e+14         8.29862e+00    4.99234e-01
    2.50773e+14         7.60520e+00    4.99234e-01
    2.50773e+14         7.19238e+00    4.99234e-01
    2.50773e+14         6.73082e+00    4.99234e-01
    2.50773e+14         6.20377e+00    4.99234e-01
    2.50773e+14         5.89358e+00    4.99234e-01
    2.50773e+14         5.54987e+00    4.99234e-01
    2.50773e+14         5.16227e+00    4.99234e-01
    2.50773e+14         4.71428e+00    4.99234e-01
    2.50773e+14         4.44569e+00    4.99234e-01
    2.50773e+14         4.14366e+00    4.99234e-01
    2.50773e+14         3.79601e+00    4.99234e-01
    2.50773e+14         3.58888e+00    4.99234e-01
    2.50773e+14         3.35715e+00    4.99234e-01
    2.50773e+14         3.09234e+00    4.99234e-01
    2.50773e+14         2.93628e+00    4.99234e-01
    2.50773e+14         2.76319e+00    4.99234e-01
    2.50773e+14         2.56774e+00    4.99234e-01
    2.50773e+14         2.34140e+00    4.99234e-01
    2.50773e+14         2.20529e+00    4.99234e-01
    2.50773e+14         2.05187e+00    4.99234e-01
    2.50773e+14         1.87464e+00    4.99234e-01
    2.50773e+14         1.76848e+00    4.99234e-01
    2.50773e+14         1.64919e+00    4.99234e-01
    2.50773e+14         1.51202e+00    4.99234e-01
    2.50773e+14         1.43043e+00    4.99234e-01
    2.50773e+14         1.33926e+00    4.99234e-01
    2.50773e+14         1.23526e+00    4.99234e-01
    2.50773e+14         1.11301e+00    4.99234e-01
    2.50773e+14         1.03772e+00    4.99234e-01
    2.50773e+14         9.51112e-01    4.99234e-01
    2.50773e+14         8.99559e-01    4.99234e-01
    2.50773e+14         8.41929e-01    4.99234e-01
    2.50773e+14         7.76139e-01    4.99234e-01
    2.50773e+14         6.98724e-01    4.99234e-01
    2.50773e+14         6.50963e-01    4.99234e-01
    2.50773e+14         5.95937e-01    4.99234e-01
    2.50773e+14         5.63109e-01    4.99234e-01
    2.50773e+14         5.26341e-01    4.99234e-01
    2.50773e+14         4.84257e-01    4.99234e-01
    2.50773e+14         4.59399e-01    4.99234e-01
    2.50773e+14         4.31778e-01    4.99234e-01
    2.50773e+14         4.00510e-01    4.99234e-01
    2.50773e+14         3.64170e-01    4.99234e-01
    2.50773e+14         3.42192e-01    4.99234e-01
    2.50773e+14         3.17301e-01    4.99234e-01
    2.50773e+14         2.88351e-01    4.99234e-01
    2.50773e+14         2.70823e-01    4.99234e-01
    2.50773e+14         2.50954e-01    4.99234e-01
    2.50773e+14         2.27813e-01    4.99234e-01
    2.50773e+14         2.13773e-01    4.99234e-01
    2.50773e+14         1.97828e-01    4.99234e-01
    2.50773e+14         1.79209e-01    4.99234e-01
    2.50773e+14         1.67865e-01    4.99234e-01
    2.50773e+14         1.54936e-01    4.99234e-01
    2.50773e+14         1.39758e-01    4.99234e-01
    2.50773e+14         1.30432e-01    4.99234e-01
    2.50773e+14         1.19724e-01    4.99234e-01
    2.50773e+14         1.13370e-01    4.99234e-01
    2.50773e+14         1.06283e-01    4.99234e-01
    2.50773e+14         9.82194e-02    4.99234e-01
    2.50773e+14         8.87778e-02    4.99234e-01
    2.50773e+14         8.29995e-02    4.99234e-01
    2.50773e+14         7.63887e-02    4.99234e-01
    2.50773e+14         7.24864e-02    4.99234e-01
    2.50773e+14         6.81526e-02    4.99234e-01
    2.50773e+14         6.32501e-02    4.99234e-01
    2.50773e+14         5.75582e-02    4.99234e-01
    2.50773e+14         5.41216e-02    4.99234e-01
    2.50773e+14         5.02346e-02    4.99234e-01
    2.50773e+14         4.57229e-02    4.99234e-01
    2.50773e+14         4.29998e-02    4.99234e-01
    2.50773e+14         3.99210e-02    4.99234e-01
    2.50773e+14         3.63489e-02    4.99234e-01
    2.50773e+14         3.41946e-02    4.99234e-01
    2.50773e+14         3.17604e-02    4.99234e-01
    2.50773e+14         2.89386e-02    4.99234e-01
    2.50773e+14         2.72392e-02    4.99234e-01
    2.50773e+14         2.53211e-02    4.99234e-01
    2.50773e+14         2.31013e-02    4.99234e-01
    2.50773e+14         2.17680e-02    4.99234e-01
    2.50773e+14         2.02662e-02    4.99234e-01
    2.50773e+14         1.85337e-02    4.99234e-01
    2.50773e+14         1.74979e-02    4.99234e-01
    2.50773e+14         1.63358e-02    4.99234e-01
    2.50773e+14         1.50025e-02    4.99234e-01
    2.50773e+14         1.42122e-02    4.99234e-01
    2.50773e+14         1.33314e-02    4.99234e-01
    2.50773e+14         1.23305e-02    4.99234e-01
    2.50773e+14         1.11604e-02    4.99234e-01
    2.50773e+14         1.04462e-02    4.99234e-01
    2.50773e+14         9.63113e-03    4.99234e-01
    2.50773e+14         8.67220e-03    4.99234e-01
    2.50773e+14         8.08084e-03    4.99234e-01
    2.50773e+14         7.39976e-03    4.99234e-01
    2.50773e+14         6.99365e-03    4.99234e-01
    2.50773e+14         6.53901e-03    4.99234e-01
    2.50773e+14         6.01894e-03    4.99234e-01
    2.50773e+14         5.71203e-03    4.99234e-01
    2.50773e+14         5.37126e-03    4.99234e-01
    2.50773e+14         4.98587e-03    4.99234e-01
    2.50773e+14         4.53860e-03    4.99234e-01
    2.50773e+14         4.26872e-03    4.99234e-01
    2.50773e+14         3.96363e-03    4.99234e-01
    2.50773e+14         3.60977e-03    4.99234e-01
    2.50773e+14         3.39645e-03    4.99234e-01
    2.50773e+14         3.15549e-03    4.99234e-01
    2.50773e+14         2.87633e-03    4.99234e-01
    2.50773e+14         2.70834e-03    4.99234e-01
    2.50773e+14         2.51887e-03    4.99234e-01
    2.50773e+14         2.29981e-03    4.99234e-01
    2.50773e+14         2.16843e-03    4.99234e-01
    2.50773e+14         2.02064e-03    4.99234e-01
    2.50773e+14         1.85044e-03    4.99234e-01
    2.50773e+14         1.74897e-03    4.99234e-01
    2.50773e+14         1.63538e-03    4.99234e-01
    2.50773e+14         1.50547e-03    4.99234e-01
    2.50773e+14         1.42881e-03    4.99234e-01
    2.50773e+14         1.34371e-03    4.99234e-01
    2.50773e+14         1.24750e-03    4.99234e-01
    2.50773e+14         1.13586e-03    4.99234e-01
    2.50773e+14         1.06854e-03    4.99234e-01
    2.50773e+14         9.92458e-04    4.99234e-01
    2.50773e+14         9.04269e-04    4.99234e-01
    2.50773e+14         8.51155e-04    4.99234e-01
    2.50773e+14         7.91204e-04    4.99234e-01
    2.50773e+14         7.21824e-04    4.99234e-01
    2.50773e+14         6.80145e-04    4.99234e-01
    2.50773e+14         6.33202e-04    4.99234e-01
    2.50773e+14         5.79040e-04    4.99234e-01
    2.50773e+14         5.46655e-04    4.99234e-01
    2.50773e+14         5.10321e-04    4.99234e-01
    2.50773e+14         4.68628e-04    4.99234e-01
    2.50773e+14         4.43907e-04    4.99234e-01
    2.50773e+14         4.16356e-04    4.99234e-01
    2.50773e+14         3.85038e-04    4.99234e-01
    2.50773e+14         3.48419e-04    4.99234e-01
    2.50773e+14         3.26058e-04    4.99234e-01
    2.50773e+14         3.00525e-04    4.99234e-01
    2.50773e+14         2.85497e-04    4.99234e-01
    2.50773e+14         2.68845e-04    4.99234e-01
    2.50773e+14         2.50067e-04    4.99234e-01
    2.50773e+14         2.28363e-04    4.99234e-01
    2.50773e+14         2.15350e-04    4.99234e-01
    2.50773e+14         2.00716e-04    4.99234e-01
    2.50773e+14         1.83871e-04    4.99234e-01
    2.50773e+14         1.73835e-04    4.99234e-01
    2.50773e+14         1.62607e-04    4.99234e-01
    2.50773e+14         1.49774e-04    4.99234e-01
    2.50773e+14         1.42211e-04    4.99234e-01
    2.50773e+14         1.33822e-04    4.99234e-01
    2.50773e+14         1.24348e-04    4.99234e-01
    2.50773e+14         1.13376e-04    4.99234e-01
    2.50773e+14         1.06777e-04    4.99234e-01
    2.50773e+14         9.93365e-05    4.99234e-01
    2.50773e+14         9.07400e-05    4.99234e-01
    2.50773e+14         8.55888e-05    4.99234e-01
    2.50773e+14         7.97988e-05    4.99234e-01
    2.50773e+14         7.31381e-05    4.99234e-01
    2.50773e+14         6.91736e-05    4.99234e-01
    2.50773e+14         6.47416e-05    4.99234e-01
    2.50773e+14         5.96820e-05    4.99234e-01
    2.50773e+14         5.37282e-05    4.99234e-01
    2.50773e+14         5.00550e-05    4.99234e-01
    2.50773e+14         4.58230e-05    4.99234e-01
    2.50773e+14         4.32980e-05    4.99234e-01
    2.50773e+14         4.04700e-05    4.99234e-01
    2.50773e+14         3.72329e-05    4.99234e-01
    2.50773e+14         3.53207e-05    4.99234e-01
    2.50773e+14         3.31958e-05    4.99234e-01
    2.50773e+14         3.07902e-05    4.99234e-01
    2.50773e+14         2.79940e-05    4.99234e-01
    2.50773e+14         2.63027e-05    4.99234e-01
    2.50773e+14         2.43868e-05    4.99234e-01


