              t                   M              a
    1.23833e-21         1.00000e+17    8.00000e-01
    2.47665e-21         1.00000e+17    8.00000e-01
    4.95331e-21         1.00000e+17    8.00000e-01
    9.90662e-21         1.00000e+17    8.00000e-01
    1.98132e-20         1.00000e+17    8.00000e-01
    3.96265e-20         1.00000e+17    8.00000e-01
    7.92530e-20         1.00000e+17    8.00000e-01
    1.58506e-19         1.00000e+17    8.00000e-01
    3.17012e-19         1.00000e+17    8.00000e-01
    6.34024e-19         1.00000e+17    8.00000e-01
    1.26805e-18         1.00000e+17    8.00000e-01
    2.53609e-18         1.00000e+17    8.00000e-01
    5.07219e-18         1.00000e+17    8.00000e-01
    1.01444e-17         1.00000e+17    8.00000e-01
    2.02888e-17         1.00000e+17    8.00000e-01
    4.05775e-17         1.00000e+17    8.00000e-01
    8.11550e-17         1.00000e+17    8.00000e-01
    1.62310e-16         1.00000e+17    8.00000e-01
    3.24620e-16         1.00000e+17    8.00000e-01
    6.49240e-16         1.00000e+17    8.00000e-01
    1.29848e-15         1.00000e+17    8.00000e-01
    2.59696e-15         1.00000e+17    8.00000e-01
    5.19392e-15         1.00000e+17    8.00000e-01
    1.03878e-14         1.00000e+17    8.00000e-01
    2.07757e-14         1.00000e+17    8.00000e-01
    4.15514e-14         1.00000e+17    8.00000e-01
    8.31027e-14         1.00000e+17    8.00000e-01
    1.66205e-13         1.00000e+17    8.00000e-01
    3.32411e-13         1.00000e+17    8.00000e-01
    6.64822e-13         1.00000e+17    8.00000e-01
    1.32964e-12         1.00000e+17    8.00000e-01
    2.65929e-12         1.00000e+17    8.00000e-01
    5.31858e-12         1.00000e+17    8.00000e-01
    1.06372e-11         1.00000e+17    8.00000e-01
    2.12743e-11         1.00000e+17    8.00000e-01
    4.25486e-11         1.00000e+17    8.00000e-01
    8.50972e-11         1.00000e+17    8.00000e-01
    1.70194e-10         1.00000e+17    8.00000e-01
    3.40389e-10         1.00000e+17    8.00000e-01
    6.80778e-10         1.00000e+17    8.00000e-01
    1.36156e-09         1.00000e+17    8.00000e-01
    2.72311e-09         1.00000e+17    8.00000e-01
    5.44622e-09         1.00000e+17    8.00000e-01
    1.08924e-08         1.00000e+17    8.00000e-01
    2.17849e-08         1.00000e+17    8.00000e-01
    4.35698e-08         1.00000e+17    8.00000e-01
    8.71395e-08         1.00000e+17    8.00000e-01
    1.74279e-07         1.00000e+17    8.00000e-01
    3.48558e-07         1.00000e+17    8.00000e-01
    6.97116e-07         1.00000e+17    8.00000e-01
    1.39423e-06         1.00000e+17    8.00000e-01
    2.78847e-06         1.00000e+17    8.00000e-01
    5.57693e-06         1.00000e+17    8.00000e-01
    1.11539e-05         1.00000e+17    8.00000e-01
    2.23077e-05         1.00000e+17    8.00000e-01
    4.46154e-05         1.00000e+17    8.00000e-01
    8.92309e-05         1.00000e+17    8.00000e-01
    1.78462e-04         1.00000e+17    8.00000e-01
    3.56924e-04         1.00000e+17    8.00000e-01
    7.13847e-04         1.00000e+17    8.00000e-01
    1.42769e-03         1.00000e+17    8.00000e-01
    2.85539e-03         1.00000e+17    8.00000e-01
    5.71078e-03         1.00000e+17    8.00000e-01
    1.14216e-02         1.00000e+17    8.00000e-01
    2.28431e-02         1.00000e+17    8.00000e-01
    4.56862e-02         1.00000e+17    8.00000e-01
    9.13724e-02         1.00000e+17    8.00000e-01
    1.82745e-01         1.00000e+17    8.00000e-01
    3.65490e-01         1.00000e+17    8.00000e-01
    7.30979e-01         1.00000e+17    8.00000e-01
    1.46196e+00         1.00000e+17    8.00000e-01
    2.92392e+00         1.00000e+17    8.00000e-01
    5.84784e+00         1.00000e+17    8.00000e-01
    1.16957e+01         1.00000e+17    8.00000e-01
    2.33913e+01         1.00000e+17    8.00000e-01
    4.67827e+01         1.00000e+17    8.00000e-01
    9.35654e+01         1.00000e+17    8.00000e-01
    1.87131e+02         1.00000e+17    8.00000e-01
    3.74261e+02         1.00000e+17    8.00000e-01
    7.48523e+02         1.00000e+17    8.00000e-01
    1.49705e+03         1.00000e+17    8.00000e-01
    2.99409e+03         1.00000e+17    8.00000e-01
    5.98818e+03         1.00000e+17    8.00000e-01
    1.19764e+04         1.00000e+17    8.00000e-01
    2.39527e+04         1.00000e+17    8.00000e-01
    4.79055e+04         1.00000e+17    8.00000e-01
    9.58109e+04         1.00000e+17    8.00000e-01
    1.91622e+05         1.00000e+17    8.00000e-01
    3.83244e+05         1.00000e+17    8.00000e-01
    7.66488e+05         1.00000e+17    8.00000e-01
    1.53298e+06         1.00000e+17    8.00000e-01
    3.06595e+06         1.00000e+17    8.00000e-01
    6.13190e+06         1.00000e+17    8.00000e-01
    1.22638e+07         1.00000e+17    8.00000e-01
    2.45276e+07         1.00000e+17    8.00000e-01
    4.90552e+07         1.00000e+17    8.00000e-01
    9.81104e+07         1.00000e+17    8.00000e-01
    1.96221e+08         1.00000e+17    8.00000e-01
    3.92442e+08         1.00000e+17    8.00000e-01
    7.84883e+08         1.00000e+17    8.00000e-01
    1.56977e+09         1.00000e+17    8.00000e-01
    3.13953e+09         1.00000e+17    8.00000e-01
    6.27907e+09         1.00000e+17    8.00000e-01
    1.25581e+10         1.00000e+17    8.00000e-01
    2.51163e+10         1.00000e+17    7.99999e-01
    5.02325e+10         9.99999e+16    7.99999e-01
    1.00465e+11         9.99998e+16    7.99998e-01
    2.00930e+11         9.99997e+16    7.99995e-01
    4.01860e+11         9.99993e+16    7.99991e-01
    8.03720e+11         9.99987e+16    7.99982e-01
    1.60744e+12         9.99974e+16    7.99963e-01
    3.21488e+12         9.99948e+16    7.99927e-01
    6.42976e+12         9.99896e+16    7.99853e-01
    1.28595e+13         9.99791e+16    7.99707e-01
    2.57191e+13         9.99583e+16    7.99414e-01
    5.14381e+13         9.99166e+16    7.98829e-01
    1.02876e+14         9.98334e+16    7.97663e-01
    2.05752e+14         9.96677e+16    7.95341e-01
    4.11505e+14         9.93390e+16    7.90745e-01
    8.23010e+14         9.86934e+16    7.81716e-01
    1.23451e+15         9.80582e+16    7.72975e-01
    1.64602e+15         9.74332e+16    7.64516e-01
    2.05752e+15         9.68182e+16    7.56330e-01
    2.46903e+15         9.62130e+16    7.48413e-01
    2.88053e+15         9.56132e+16    7.40701e-01
    3.29204e+15         9.50210e+16    7.33127e-01
    3.70354e+15         9.44309e+16    7.25762e-01
    4.52655e+15         9.32548e+16    7.11442e-01
    5.34956e+15         9.20845e+16    6.97802e-01
    6.17257e+15         9.09087e+16    6.84805e-01
    6.99558e+15         8.97260e+16    6.72425e-01
    7.81859e+15         8.85260e+16    6.60574e-01
    8.64160e+15         8.73019e+16    6.49247e-01
    9.46461e+15         8.60517e+16    6.38418e-01
    1.02876e+16         8.47733e+16    6.27953e-01
    1.11106e+16         8.34601e+16    6.17847e-01
    1.19336e+16         8.21085e+16    6.08093e-01
    1.27567e+16         8.07144e+16    5.98675e-01
    1.35797e+16         7.92629e+16    5.89640e-01
    1.44027e+16         7.77467e+16    5.80995e-01
    1.52257e+16         7.61668e+16    5.72637e-01
    1.60487e+16         7.45223e+16    5.64471e-01
    1.68717e+16         7.27929e+16    5.56568e-01
    1.76947e+16         7.09693e+16    5.48901e-01
    1.85177e+16         6.90370e+16    5.41504e-01
    1.93407e+16         6.69787e+16    5.34393e-01
    2.01637e+16         6.47906e+16    5.27311e-01
    2.09867e+16         6.24250e+16    5.20564e-01
    2.18098e+16         5.98452e+16    5.14195e-01
    2.26328e+16         5.70055e+16    5.08205e-01
    2.34558e+16         5.38336e+16    5.02731e-01
    2.42788e+16         5.02451e+16    4.97589e-01
    2.51018e+16         4.60765e+16    4.93019e-01
    2.55133e+16         4.35613e+16    4.91238e-01
    2.59248e+16         4.07312e+16    4.89668e-01
    2.63363e+16         3.74692e+16    4.88526e-01
    2.65421e+16         3.55300e+16    4.88183e-01
    2.67478e+16         3.33651e+16    4.88031e-01
    2.69536e+16         3.08995e+16    4.88162e-01
    2.71593e+16         2.80160e+16    4.88571e-01
    2.72622e+16         2.62561e+16    4.89008e-01
    2.73651e+16         2.42483e+16    4.89634e-01
    2.74679e+16         2.18889e+16    4.90544e-01
    2.75194e+16         2.04393e+16    4.91146e-01
    2.75708e+16         1.87750e+16    4.91891e-01
    2.75965e+16         1.77879e+16    4.92360e-01
    2.76223e+16         1.66875e+16    4.92897e-01
    2.76480e+16         1.54368e+16    4.93513e-01
    2.76737e+16         1.39746e+16    4.94237e-01
    2.76866e+16         1.30820e+16    4.94681e-01
    2.76994e+16         1.20633e+16    4.95190e-01
    2.77123e+16         1.08650e+16    4.95771e-01
    2.77187e+16         1.01263e+16    4.96121e-01
    2.77251e+16         9.27569e+15    4.96517e-01
    2.77284e+16         8.76880e+15    4.96744e-01
    2.77316e+16         8.20157e+15    4.96994e-01
    2.77348e+16         7.55316e+15    4.97269e-01
    2.77364e+16         7.17089e+15    4.97425e-01
    2.77380e+16         6.74675e+15    4.97595e-01
    2.77396e+16         6.26761e+15    4.97780e-01
    2.77412e+16         5.71240e+15    4.97987e-01
    2.77420e+16         5.37820e+15    4.98105e-01
    2.77428e+16         5.00119e+15    4.98233e-01
    2.77436e+16         4.56518e+15    4.98375e-01
    2.77440e+16         4.30354e+15    4.98455e-01
    2.77444e+16         4.00913e+15    4.98543e-01
    2.77448e+16         3.66989e+15    4.98639e-01
    2.77450e+16         3.46745e+15    4.98694e-01
    2.77452e+16         3.24070e+15    4.98752e-01
    2.77454e+16         2.98110e+15    4.98816e-01
    2.77455e+16         2.82771e+15    4.98852e-01
    2.77456e+16         2.65722e+15    4.98891e-01
    2.77457e+16         2.46416e+15    4.98933e-01
    2.77458e+16         2.23967e+15    4.98979e-01
    2.77459e+16         2.10379e+15    4.99005e-01
    2.77459e+16         1.94979e+15    4.99033e-01
    2.77460e+16         1.77051e+15    4.99065e-01
    2.77460e+16         1.66179e+15    4.99082e-01
    2.77460e+16         1.53839e+15    4.99101e-01
    2.77461e+16         1.39439e+15    4.99122e-01
    2.77461e+16         1.30675e+15    4.99134e-01
    2.77461e+16         1.20697e+15    4.99147e-01
    2.77461e+16         1.09000e+15    4.99162e-01
    2.77461e+16         1.01829e+15    4.99170e-01
    2.77461e+16         9.36131e+14    4.99179e-01
    2.77461e+16         8.87522e+14    4.99184e-01
    2.77461e+16         8.33442e+14    4.99189e-01
    2.77461e+16         7.72117e+14    4.99195e-01
    2.77461e+16         7.00663e+14    4.99201e-01
    2.77461e+16         6.57278e+14    4.99204e-01
    2.77461e+16         6.07976e+14    4.99208e-01
    2.77461e+16         5.50355e+14    4.99212e-01
    2.77461e+16         5.15195e+14    4.99215e-01
    2.77461e+16         4.75072e+14    4.99217e-01
    2.77461e+16         4.27887e+14    4.99220e-01
    2.77461e+16         3.98804e+14    4.99222e-01
    2.77461e+16         3.65324e+14    4.99224e-01
    2.77461e+16         3.45375e+14    4.99225e-01
    2.77461e+16         3.23056e+14    4.99226e-01
    2.77461e+16         2.97545e+14    4.99227e-01
    2.77461e+16         2.82509e+14    4.99228e-01
    2.77461e+16         2.65830e+14    4.99228e-01
    2.77461e+16         2.46992e+14    4.99229e-01
    2.77461e+16         2.25172e+14    4.99230e-01
    2.77461e+16         2.12044e+14    4.99230e-01
    2.77461e+16         1.97241e+14    4.99231e-01
    2.77461e+16         1.80132e+14    4.99231e-01
    2.77461e+16         1.69876e+14    4.99232e-01
    2.77461e+16         1.58343e+14    4.99232e-01
    2.77461e+16         1.45070e+14    4.99232e-01
    2.77461e+16         1.37163e+14    4.99232e-01
    2.77461e+16         1.28319e+14    4.99233e-01
    2.77461e+16         1.18213e+14    4.99233e-01
    2.77461e+16         1.12260e+14    4.99233e-01
    2.77461e+16         1.05658e+14    4.99233e-01
    2.77461e+16         9.82048e+13    4.99233e-01
    2.77461e+16         8.95779e+13    4.99233e-01
    2.77461e+16         8.43936e+13    4.99234e-01
    2.77461e+16         7.85529e+13    4.99234e-01
    2.77461e+16         7.18112e+13    4.99234e-01
    2.77461e+16         6.77778e+13    4.99234e-01
    2.77461e+16         6.32500e+13    4.99234e-01
    2.77461e+16         5.80508e+13    4.99234e-01
    2.77461e+16         5.49647e+13    4.99234e-01
    2.77461e+16         5.15223e+13    4.99234e-01
    2.77461e+16         4.76045e+13    4.99234e-01
    2.77461e+16         4.30154e+13    4.99234e-01
    2.77461e+16         4.02051e+13    4.99234e-01
    2.77461e+16         3.69882e+13    4.99234e-01
    2.77461e+16         3.50878e+13    4.99234e-01
    2.77461e+16         3.29760e+13    4.99234e-01
    2.77461e+16         3.05850e+13    4.99234e-01
    2.77461e+16         2.78056e+13    4.99234e-01
    2.77461e+16         2.61242e+13    4.99234e-01
    2.77461e+16         2.42194e+13    4.99234e-01
    2.77461e+16         2.20031e+13    4.99234e-01
    2.77461e+16         2.06606e+13    4.99234e-01
    2.77461e+16         1.91378e+13    4.99234e-01
    2.77461e+16         1.73631e+13    4.99234e-01
    2.77461e+16         1.62851e+13    4.99234e-01
    2.77461e+16         1.50597e+13    4.99234e-01
    2.77461e+16         1.36267e+13    4.99234e-01
    2.77461e+16         1.27515e+13    4.99234e-01
    2.77461e+16         1.17522e+13    4.99234e-01
    2.77461e+16         1.11639e+13    4.99234e-01
    2.77461e+16         1.05120e+13    4.99234e-01
    2.77461e+16         9.77669e+12    4.99234e-01
    2.77461e+16         8.92665e+12    4.99234e-01
    2.77461e+16         8.41684e+12    4.99234e-01
    2.77461e+16         7.84340e+12    4.99234e-01
    2.77461e+16         7.18304e+12    4.99234e-01
    2.77461e+16         6.78936e+12    4.99234e-01
    2.77461e+16         6.34870e+12    4.99234e-01
    2.77461e+16         5.84474e+12    4.99234e-01
    2.77461e+16         5.54744e+12    4.99234e-01
    2.77461e+16         5.21742e+12    4.99234e-01
    2.77461e+16         4.84433e+12    4.99234e-01
    2.77461e+16         4.41155e+12    4.99234e-01
    2.77461e+16         4.15062e+12    4.99234e-01
    2.77461e+16         3.85586e+12    4.99234e-01
    2.77461e+16         3.51431e+12    4.99234e-01
    2.77461e+16         3.30873e+12    4.99234e-01
    2.77461e+16         3.07680e+12    4.99234e-01
    2.77461e+16         2.80859e+12    4.99234e-01
    2.77461e+16         2.64766e+12    4.99234e-01
    2.77461e+16         2.46656e+12    4.99234e-01
    2.77461e+16         2.25789e+12    4.99234e-01
    2.77461e+16         2.13338e+12    4.99234e-01
    2.77461e+16         1.99391e+12    4.99234e-01
    2.77461e+16         1.83425e+12    4.99234e-01
    2.77461e+16         1.73992e+12    4.99234e-01
    2.77461e+16         1.63508e+12    4.99234e-01
    2.77461e+16         1.51637e+12    4.99234e-01
    2.77461e+16         1.37834e+12    4.99234e-01
    2.77461e+16         1.29481e+12    4.99234e-01
    2.77461e+16         1.20015e+12    4.99234e-01
    2.77461e+16         1.08998e+12    4.99234e-01
    2.77461e+16         1.02319e+12    4.99234e-01
    2.77461e+16         9.47405e+11    4.99234e-01
    2.77461e+16         8.59006e+11    4.99234e-01
    2.77461e+16         8.05241e+11    4.99234e-01
    2.77461e+16         7.44057e+11    4.99234e-01
    2.77461e+16         6.72397e+11    4.99234e-01
    2.77461e+16         6.28523e+11    4.99234e-01
    2.77461e+16         5.78310e+11    4.99234e-01
    2.77461e+16         5.48654e+11    4.99234e-01
    2.77461e+16         5.15706e+11    4.99234e-01
    2.77461e+16         4.78414e+11    4.99234e-01
    2.77461e+16         4.35080e+11    4.99234e-01
    2.77461e+16         4.08883e+11    4.99234e-01
    2.77461e+16         3.79221e+11    4.99234e-01
    2.77461e+16         3.44737e+11    4.99234e-01
    2.77461e+16         3.23873e+11    4.99234e-01
    2.77461e+16         3.00234e+11    4.99234e-01
    2.77461e+16         2.72727e+11    4.99234e-01
    2.77461e+16         2.56059e+11    4.99234e-01
    2.77461e+16         2.37150e+11    4.99234e-01
    2.77461e+16         2.15106e+11    4.99234e-01
    2.77461e+16         2.01710e+11    4.99234e-01
    2.77461e+16         1.86474e+11    4.99234e-01
    2.77461e+16         1.68647e+11    4.99234e-01
    2.77461e+16         1.57750e+11    4.99234e-01
    2.77461e+16         1.45295e+11    4.99234e-01
    2.77461e+16         1.37954e+11    4.99234e-01
    2.77461e+16         1.29811e+11    4.99234e-01
    2.77461e+16         1.20615e+11    4.99234e-01
    2.77461e+16         1.09962e+11    4.99234e-01
    2.77461e+16         1.03554e+11    4.99234e-01
    2.77461e+16         9.63285e+10    4.99234e-01
    2.77461e+16         8.79780e+10    4.99234e-01
    2.77461e+16         8.29726e+10    4.99234e-01
    2.77461e+16         7.73450e+10    4.99234e-01
    2.77461e+16         7.08688e+10    4.99234e-01
    2.77461e+16         6.70118e+10    4.99234e-01
    2.77461e+16         6.26980e+10    4.99234e-01
    2.77461e+16         5.77702e+10    4.99234e-01
    2.77461e+16         5.48681e+10    4.99234e-01
    2.77461e+16         5.16508e+10    4.99234e-01
    2.77461e+16         4.80202e+10    4.99234e-01
    2.77461e+16         4.38199e+10    4.99234e-01
    2.77461e+16         4.12978e+10    4.99234e-01
    2.77461e+16         3.84583e+10    4.99234e-01
    2.77461e+16         3.51840e+10    4.99234e-01
    2.77461e+16         3.32280e+10    4.99234e-01
    2.77461e+16         3.10349e+10    4.99234e-01
    2.77461e+16         2.85208e+10    4.99234e-01
    2.77461e+16         2.70325e+10    4.99234e-01
    2.77461e+16         2.53757e+10    4.99234e-01
    2.77461e+16         2.34955e+10    4.99234e-01
    2.77461e+16         2.13023e+10    4.99234e-01
    2.77461e+16         1.99683e+10    4.99234e-01
    2.77461e+16         1.84501e+10    4.99234e-01
    2.77461e+16         1.66718e+10    4.99234e-01
    2.77461e+16         1.55828e+10    4.99234e-01
    2.77461e+16         1.43363e+10    4.99234e-01
    2.77461e+16         1.36000e+10    4.99234e-01
    2.77461e+16         1.27818e+10    4.99234e-01
    2.77461e+16         1.18555e+10    4.99234e-01
    2.77461e+16         1.07787e+10    4.99234e-01
    2.77461e+16         1.01274e+10    4.99234e-01
    2.77461e+16         9.38963e+09    4.99234e-01
    2.77461e+16         8.53136e+09    4.99234e-01
    2.77461e+16         8.01154e+09    4.99234e-01
    2.77461e+16         7.42207e+09    4.99234e-01
    2.77461e+16         6.73526e+09    4.99234e-01
    2.77461e+16         6.31825e+09    4.99234e-01
    2.77461e+16         5.84437e+09    4.99234e-01
    2.77461e+16         5.29053e+09    4.99234e-01
    2.77461e+16         4.95260e+09    4.99234e-01
    2.77461e+16         4.56697e+09    4.99234e-01
    2.77461e+16         4.11348e+09    4.99234e-01
    2.77461e+16         3.83398e+09    4.99234e-01
    2.77461e+16         3.51224e+09    4.99234e-01
    2.77461e+16         3.32055e+09    4.99234e-01
    2.77461e+16         3.10609e+09    4.99234e-01
    2.77461e+16         2.86099e+09    4.99234e-01
    2.77461e+16         2.71655e+09    4.99234e-01
    2.77461e+16         2.55633e+09    4.99234e-01
    2.77461e+16         2.37540e+09    4.99234e-01
    2.77461e+16         2.16587e+09    4.99234e-01
    2.77461e+16         2.03984e+09    4.99234e-01
    2.77461e+16         1.89777e+09    4.99234e-01
    2.77461e+16         1.73363e+09    4.99234e-01
    2.77461e+16         1.63528e+09    4.99234e-01
    2.77461e+16         1.52474e+09    4.99234e-01
    2.77461e+16         1.39760e+09    4.99234e-01
    2.77461e+16         1.32194e+09    4.99234e-01
    2.77461e+16         1.23737e+09    4.99234e-01
    2.77461e+16         1.14084e+09    4.99234e-01
    2.77461e+16         1.02729e+09    4.99234e-01
    2.77461e+16         9.57266e+08    4.99234e-01
    2.77461e+16         8.76625e+08    4.99234e-01
    2.77461e+16         8.28545e+08    4.99234e-01
    2.77461e+16         7.74724e+08    4.99234e-01
    2.77461e+16         7.13164e+08    4.99234e-01
    2.77461e+16         6.76841e+08    4.99234e-01
    2.77461e+16         6.36515e+08    4.99234e-01
    2.77461e+16         5.90917e+08    4.99234e-01
    2.77461e+16         5.38011e+08    4.99234e-01
    2.77461e+16         5.06100e+08    4.99234e-01
    2.77461e+16         4.70037e+08    4.99234e-01
    2.77461e+16         4.28229e+08    4.99234e-01
    2.77461e+16         4.03043e+08    4.99234e-01
    2.77461e+16         3.74612e+08    4.99234e-01
    2.77461e+16         3.41701e+08    4.99234e-01
    2.77461e+16         3.21924e+08    4.99234e-01
    2.77461e+16         2.99641e+08    4.99234e-01
    2.77461e+16         2.73921e+08    4.99234e-01
    2.77461e+16         2.58533e+08    4.99234e-01
    2.77461e+16         2.41259e+08    4.99234e-01
    2.77461e+16         2.21422e+08    4.99234e-01
    2.77461e+16         2.09646e+08    4.99234e-01
    2.77461e+16         1.96511e+08    4.99234e-01
    2.77461e+16         1.81561e+08    4.99234e-01
    2.77461e+16         1.64048e+08    4.99234e-01
    2.77461e+16         1.53323e+08    4.99234e-01
    2.77461e+16         1.41043e+08    4.99234e-01
    2.77461e+16         1.33788e+08    4.99234e-01
    2.77461e+16         1.25725e+08    4.99234e-01
    2.77461e+16         1.16594e+08    4.99234e-01
    2.77461e+16         1.05977e+08    4.99234e-01
    2.77461e+16         9.95521e+07    4.99234e-01
    2.77461e+16         9.22706e+07    4.99234e-01
    2.77461e+16         8.37946e+07    4.99234e-01
    2.77461e+16         7.86558e+07    4.99234e-01
    2.77461e+16         7.28237e+07    4.99234e-01
    2.77461e+16         6.60200e+07    4.99234e-01
    2.77461e+16         6.18809e+07    4.99234e-01
    2.77461e+16         5.71696e+07    4.99234e-01
    2.77461e+16         5.16497e+07    4.99234e-01
    2.77461e+16         4.82683e+07    4.99234e-01
    2.77461e+16         4.43966e+07    4.99234e-01
    2.77461e+16         4.21083e+07    4.99234e-01
    2.77461e+16         3.95646e+07    4.99234e-01
    2.77461e+16         3.66834e+07    4.99234e-01
    2.77461e+16         3.33317e+07    4.99234e-01
    2.77461e+16         3.13019e+07    4.99234e-01
    2.77461e+16         2.90003e+07    4.99234e-01
    2.77461e+16         2.63189e+07    4.99234e-01
    2.77461e+16         2.46911e+07    4.99234e-01
    2.77461e+16         2.28415e+07    4.99234e-01
    2.77461e+16         2.06804e+07    4.99234e-01
    2.77461e+16         1.93621e+07    4.99234e-01
    2.77461e+16         1.78583e+07    4.99234e-01
    2.77461e+16         1.60905e+07    4.99234e-01
    2.77461e+16         1.50017e+07    4.99234e-01
    2.77461e+16         1.37492e+07    4.99234e-01
    2.77461e+16         1.30036e+07    4.99234e-01
    2.77461e+16         1.21700e+07    4.99234e-01
    2.77461e+16         1.12184e+07    4.99234e-01
    2.77461e+16         1.00985e+07    4.99234e-01
    2.77461e+16         9.40745e+06    4.99234e-01
    2.77461e+16         8.61115e+06    4.99234e-01
    2.77461e+16         8.13596e+06    4.99234e-01
    2.77461e+16         7.60364e+06    4.99234e-01
    2.77461e+16         6.99418e+06    4.99234e-01
    2.77461e+16         6.63403e+06    4.99234e-01
    2.77461e+16         6.23371e+06    4.99234e-01
    2.77461e+16         5.78033e+06    4.99234e-01
    2.77461e+16         5.25303e+06    4.99234e-01
    2.77461e+16         4.93379e+06    4.99234e-01
    2.77461e+16         4.57191e+06    4.99234e-01
    2.77461e+16         4.15047e+06    4.99234e-01
    2.77461e+16         3.89479e+06    4.99234e-01
    2.77461e+16         3.60443e+06    4.99234e-01
    2.77461e+16         3.26541e+06    4.99234e-01
    2.77461e+16         3.05888e+06    4.99234e-01
    2.77461e+16         2.82351e+06    4.99234e-01
    2.77461e+16         2.54727e+06    4.99234e-01
    2.77461e+16         2.37757e+06    4.99234e-01
    2.77461e+16         2.18277e+06    4.99234e-01
    2.77461e+16         2.06722e+06    4.99234e-01
    2.77461e+16         1.93838e+06    4.99234e-01
    2.77461e+16         1.79185e+06    4.99234e-01
    2.77461e+16         1.62037e+06    4.99234e-01
    2.77461e+16         1.51553e+06    4.99234e-01
    2.77461e+16         1.39567e+06    4.99234e-01
    2.77461e+16         1.32501e+06    4.99234e-01
    2.77461e+16         1.24661e+06    4.99234e-01
    2.77461e+16         1.15804e+06    4.99234e-01
    2.77461e+16         1.05541e+06    4.99234e-01
    2.77461e+16         9.93623e+05    4.99234e-01
    2.77461e+16         9.23916e+05    4.99234e-01
    2.77461e+16         8.43294e+05    4.99234e-01
    2.77461e+16         7.94907e+05    4.99234e-01
    2.77461e+16         7.40449e+05    4.99234e-01
    2.77461e+16         6.77687e+05    4.99234e-01
    2.77461e+16         6.40224e+05    4.99234e-01
    2.77461e+16         5.98249e+05    4.99234e-01
    2.77461e+16         5.50176e+05    4.99234e-01
    2.77461e+16         5.21756e+05    4.99234e-01
    2.77461e+16         4.90156e+05    4.99234e-01
    2.77461e+16         4.54349e+05    4.99234e-01
    2.77461e+16         4.12677e+05    4.99234e-01
    2.77461e+16         3.87420e+05    4.99234e-01
    2.77461e+16         3.58762e+05    4.99234e-01
    2.77461e+16         3.25344e+05    4.99234e-01
    2.77461e+16         3.05026e+05    4.99234e-01
    2.77461e+16         2.81911e+05    4.99234e-01
    2.77461e+16         2.54850e+05    4.99234e-01
    2.77461e+16         2.38293e+05    4.99234e-01
    2.77461e+16         2.19356e+05    4.99234e-01
    2.77461e+16         2.08182e+05    4.99234e-01
    2.77461e+16         1.95776e+05    4.99234e-01
    2.77461e+16         1.81748e+05    4.99234e-01
    2.77461e+16         1.65471e+05    4.99234e-01
    2.77461e+16         1.55653e+05    4.99234e-01
    2.77461e+16         1.44557e+05    4.99234e-01
    2.77461e+16         1.31693e+05    4.99234e-01
    2.77461e+16         1.23942e+05    4.99234e-01
    2.77461e+16         1.15192e+05    4.99234e-01
    2.77461e+16         1.05062e+05    4.99234e-01
    2.77461e+16         9.89734e+04    4.99234e-01
    2.77461e+16         9.21125e+04    4.99234e-01
    2.77461e+16         8.41915e+04    4.99234e-01
    2.77461e+16         7.94507e+04    4.99234e-01
    2.77461e+16         7.41272e+04    4.99234e-01
    2.77461e+16         6.80117e+04    4.99234e-01
    2.77461e+16         6.43793e+04    4.99234e-01
    2.77461e+16         6.03254e+04    4.99234e-01
    2.77461e+16         5.57084e+04    4.99234e-01
    2.77461e+16         5.02945e+04    4.99234e-01
    2.77461e+16         4.69733e+04    4.99234e-01
    2.77461e+16         4.31659e+04    4.99234e-01
    2.77461e+16         4.09116e+04    4.99234e-01
    2.77461e+16         3.84020e+04    4.99234e-01
    2.77461e+16         3.55536e+04    4.99234e-01
    2.77461e+16         3.22306e+04    4.99234e-01
    2.77461e+16         3.02088e+04    4.99234e-01
    2.77461e+16         2.79074e+04    4.99234e-01
    2.77461e+16         2.52107e+04    4.99234e-01
    2.77461e+16         2.35585e+04    4.99234e-01
    2.77461e+16         2.16664e+04    4.99234e-01
    2.77461e+16         2.05479e+04    4.99234e-01
    2.77461e+16         1.93043e+04    4.99234e-01
    2.77461e+16         1.78953e+04    4.99234e-01
    2.77461e+16         1.62557e+04    4.99234e-01
    2.77461e+16         1.52622e+04    4.99234e-01
    2.77461e+16         1.41352e+04    4.99234e-01
    2.77461e+16         1.28212e+04    4.99234e-01
    2.77461e+16         1.20227e+04    4.99234e-01
    2.77461e+16         1.11146e+04    4.99234e-01
    2.77461e+16         1.00520e+04    4.99234e-01
    2.77461e+16         9.40242e+03    4.99234e-01
    2.77461e+16         8.66002e+03    4.99234e-01
    2.77461e+16         8.22245e+03    4.99234e-01
    2.77461e+16         7.73706e+03    4.99234e-01
    2.77461e+16         7.18886e+03    4.99234e-01
    2.77461e+16         6.55387e+03    4.99234e-01
    2.77461e+16         6.17187e+03    4.99234e-01
    2.77461e+16         5.74112e+03    4.99234e-01
    2.77461e+16         5.24330e+03    4.99234e-01
    2.77461e+16         4.94489e+03    4.99234e-01
    2.77461e+16         4.60937e+03    4.99234e-01
    2.77461e+16         4.22323e+03    4.99234e-01
    2.77461e+16         3.99324e+03    4.99234e-01
    2.77461e+16         3.73599e+03    4.99234e-01
    2.77461e+16         3.44210e+03    4.99234e-01
    2.77461e+16         3.26899e+03    4.99234e-01
    2.77461e+16         3.07706e+03    4.99234e-01
    2.77461e+16         2.86044e+03    4.99234e-01
    2.77461e+16         2.60977e+03    4.99234e-01
    2.77461e+16         2.45920e+03    4.99234e-01
    2.77461e+16         2.28963e+03    4.99234e-01
    2.77461e+16         2.09401e+03    4.99234e-01
    2.77461e+16         1.97707e+03    4.99234e-01
    2.77461e+16         1.84589e+03    4.99234e-01
    2.77461e+16         1.69540e+03    4.99234e-01
    2.77461e+16         1.60621e+03    4.99234e-01
    2.77461e+16         1.50684e+03    4.99234e-01
    2.77461e+16         1.39392e+03    4.99234e-01
    2.77461e+16         1.26198e+03    4.99234e-01
    2.77461e+16         1.18148e+03    4.99234e-01
    2.77461e+16         1.08965e+03    4.99234e-01
    2.77461e+16         9.81689e+02    4.99234e-01
    2.77461e+16         9.15182e+02    4.99234e-01
    2.77461e+16         8.38656e+02    4.99234e-01
    2.77461e+16         7.93093e+02    4.99234e-01
    2.77461e+16         7.42143e+02    4.99234e-01
    2.77461e+16         6.83957e+02    4.99234e-01
    2.77461e+16         6.49704e+02    4.99234e-01
    2.77461e+16         6.11744e+02    4.99234e-01
    2.77461e+16         5.68926e+02    4.99234e-01
    2.77461e+16         5.19422e+02    4.99234e-01
    2.77461e+16         4.89726e+02    4.99234e-01
    2.77461e+16         4.56320e+02    4.99234e-01
    2.77461e+16         4.17844e+02    4.99234e-01
    2.77461e+16         3.94900e+02    4.99234e-01
    2.77461e+16         3.69213e+02    4.99234e-01
    2.77461e+16         3.39826e+02    4.99234e-01
    2.77461e+16         3.22482e+02    4.99234e-01
    2.77461e+16         3.03222e+02    4.99234e-01
    2.77461e+16         2.81437e+02    4.99234e-01
    2.77461e+16         2.56150e+02    4.99234e-01
    2.77461e+16         2.40886e+02    4.99234e-01
    2.77461e+16         2.23627e+02    4.99234e-01
    2.77461e+16         2.03602e+02    4.99234e-01
    2.77461e+16         1.91522e+02    4.99234e-01
    2.77461e+16         1.77871e+02    4.99234e-01
    2.77461e+16         1.62044e+02    4.99234e-01
    2.77461e+16         1.52509e+02    4.99234e-01
    2.77461e+16         1.41745e+02    4.99234e-01
    2.77461e+16         1.29283e+02    4.99234e-01
    2.77461e+16         1.21793e+02    4.99234e-01
    2.77461e+16         1.13354e+02    4.99234e-01
    2.77461e+16         1.03612e+02    4.99234e-01
    2.77461e+16         9.77812e+01    4.99234e-01
    2.77461e+16         9.12348e+01    4.99234e-01
    2.77461e+16         8.37151e+01    4.99234e-01
    2.77461e+16         7.92495e+01    4.99234e-01
    2.77461e+16         7.42664e+01    4.99234e-01
    2.77461e+16         6.85922e+01    4.99234e-01
    2.77461e+16         6.19404e+01    4.99234e-01
    2.77461e+16         5.78617e+01    4.99234e-01
    2.77461e+16         5.31879e+01    4.99234e-01
    2.77461e+16         5.04222e+01    4.99234e-01
    2.77461e+16         4.73448e+01    4.99234e-01
    2.77461e+16         4.38543e+01    4.99234e-01
    2.77461e+16         3.97860e+01    4.99234e-01
    2.77461e+16         3.73147e+01    4.99234e-01
    2.77461e+16         3.45051e+01    4.99234e-01
    2.77461e+16         3.12194e+01    4.99234e-01
    2.77461e+16         2.92125e+01    4.99234e-01
    2.77461e+16         2.69204e+01    4.99234e-01
    2.77461e+16         2.55709e+01    4.99234e-01
    2.77461e+16         2.40751e+01    4.99234e-01
    2.77461e+16         2.23878e+01    4.99234e-01
    2.77461e+16         2.04365e+01    4.99234e-01
    2.77461e+16         1.92657e+01    4.99234e-01
    2.77461e+16         1.79482e+01    4.99234e-01
    2.77461e+16         1.64303e+01    4.99234e-01
    2.77461e+16         1.55245e+01    4.99234e-01
    2.77461e+16         1.45101e+01    4.99234e-01
    2.77461e+16         1.33488e+01    4.99234e-01
    2.77461e+16         1.26627e+01    4.99234e-01
    2.77461e+16         1.19003e+01    4.99234e-01
    2.77461e+16         1.10370e+01    4.99234e-01
    2.77461e+16         1.00335e+01    4.99234e-01
    2.77461e+16         9.42630e+00    4.99234e-01
    2.77461e+16         8.73839e+00    4.99234e-01
    2.77461e+16         7.93789e+00    4.99234e-01
    2.77461e+16         7.45285e+00    4.99234e-01
    2.77461e+16         6.90262e+00    4.99234e-01
    2.77461e+16         6.26117e+00    4.99234e-01
    2.77461e+16         5.87137e+00    4.99234e-01
    2.77461e+16         5.42809e+00    4.99234e-01
    2.77461e+16         4.90945e+00    4.99234e-01
    2.77461e+16         4.59244e+00    4.99234e-01
    2.77461e+16         4.23016e+00    4.99234e-01
    2.77461e+16         4.01667e+00    4.99234e-01
    2.77461e+16         3.77988e+00    4.99234e-01
    2.77461e+16         3.51249e+00    4.99234e-01
    2.77461e+16         3.20284e+00    4.99234e-01
    2.77461e+16         3.01663e+00    4.99234e-01
    2.77461e+16         2.80672e+00    4.99234e-01
    2.77461e+16         2.56424e+00    4.99234e-01
    2.77461e+16         2.41899e+00    4.99234e-01
    2.77461e+16         2.25577e+00    4.99234e-01
    2.77461e+16         2.06808e+00    4.99234e-01
    2.77461e+16         1.95643e+00    4.99234e-01
    2.77461e+16         1.83166e+00    4.99234e-01
    2.77461e+16         1.68933e+00    4.99234e-01
    2.77461e+16         1.52199e+00    4.99234e-01
    2.77461e+16         1.41892e+00    4.99234e-01
    2.77461e+16         1.30032e+00    4.99234e-01
    2.77461e+16         1.22972e+00    4.99234e-01
    2.77461e+16         1.15077e+00    4.99234e-01
    2.77461e+16         1.06062e+00    4.99234e-01
    2.77461e+16         1.00756e+00    4.99234e-01
    2.77461e+16         9.48754e-01    4.99234e-01
    2.77461e+16         8.82439e-01    4.99234e-01
    2.77461e+16         8.05783e-01    4.99234e-01
    2.77461e+16         7.59815e-01    4.99234e-01
    2.77461e+16         7.08117e-01    4.99234e-01
    2.77461e+16         6.48594e-01    4.99234e-01
    2.77461e+16         6.13120e-01    4.99234e-01
    2.77461e+16         5.73422e-01    4.99234e-01
    2.77461e+16         5.28037e-01    4.99234e-01
    2.77461e+16         5.01276e-01    4.99234e-01
    2.77461e+16         4.71582e-01    4.99234e-01
    2.77461e+16         4.38030e-01    4.99234e-01
    2.77461e+16         3.99142e-01    4.99234e-01
    2.77461e+16         3.75724e-01    4.99234e-01
    2.77461e+16         3.49296e-01    4.99234e-01
    2.77461e+16         3.18718e-01    4.99234e-01
    2.77461e+16         3.00354e-01    4.99234e-01
    2.77461e+16         2.79676e-01    4.99234e-01
    2.77461e+16         2.55828e-01    4.99234e-01
    2.77461e+16         2.41577e-01    4.99234e-01
    2.77461e+16         2.25595e-01    4.99234e-01
    2.77461e+16         2.07269e-01    4.99234e-01
    2.77461e+16         1.96413e-01    4.99234e-01
    2.77461e+16         1.84325e-01    4.99234e-01
    2.77461e+16         1.70599e-01    4.99234e-01
    2.77461e+16         1.54576e-01    4.99234e-01
    2.77461e+16         1.44817e-01    4.99234e-01
    2.77461e+16         1.33698e-01    4.99234e-01
    2.77461e+16         1.20654e-01    4.99234e-01
    2.77461e+16         1.12645e-01    4.99234e-01
    2.77461e+16         1.03457e-01    4.99234e-01
    2.77461e+16         9.80107e-02    4.99234e-01
    2.77461e+16         9.19423e-02    4.99234e-01
    2.77461e+16         8.50464e-02    4.99234e-01
    2.77461e+16         7.69869e-02    4.99234e-01
    2.77461e+16         7.20693e-02    4.99234e-01
    2.77461e+16         6.64576e-02    4.99234e-01
    2.77461e+16         5.98583e-02    4.99234e-01
    2.77461e+16         5.57909e-02    4.99234e-01
    2.77461e+16         5.11089e-02    4.99234e-01
    2.77461e+16         4.83194e-02    4.99234e-01
    2.77461e+16         4.51984e-02    4.99234e-01
    2.77461e+16         4.16316e-02    4.99234e-01
    2.77461e+16         3.95295e-02    4.99234e-01
    2.77461e+16         3.71979e-02    4.99234e-01
    2.77461e+16         3.45648e-02    4.99234e-01
    2.77461e+16         3.15153e-02    4.99234e-01
    2.77461e+16         2.96811e-02    4.99234e-01
    2.77461e+16         2.76133e-02    4.99234e-01
    2.77461e+16         2.52242e-02    4.99234e-01
    2.77461e+16         2.37927e-02    4.99234e-01
    2.77461e+16         2.21837e-02    4.99234e-01
    2.77461e+16         2.03329e-02    4.99234e-01
    2.77461e+16         1.92313e-02    4.99234e-01
    2.77461e+16         1.79999e-02    4.99234e-01
    2.77461e+16         1.65943e-02    4.99234e-01
    2.77461e+16         1.49404e-02    4.99234e-01
    2.77461e+16         1.39203e-02    4.99234e-01
    2.77461e+16         1.27452e-02    4.99234e-01
    2.77461e+16         1.20443e-02    4.99234e-01
    2.77461e+16         1.12595e-02    4.99234e-01
    2.77461e+16         1.03614e-02    4.99234e-01
    2.77461e+16         9.83112e-03    4.99234e-01
    2.77461e+16         9.24213e-03    4.99234e-01
    2.77461e+16         8.57566e-03    4.99234e-01
    2.77461e+16         7.80159e-03    4.99234e-01
    2.77461e+16         7.33393e-03    4.99234e-01
    2.77461e+16         6.80474e-03    4.99234e-01
    2.77461e+16         6.19003e-03    4.99234e-01
    2.77461e+16         5.81860e-03    4.99234e-01
    2.77461e+16         5.39824e-03    4.99234e-01
    2.77461e+16         4.90987e-03    4.99234e-01
    2.77461e+16         4.61468e-03    4.99234e-01
    2.77461e+16         4.28053e-03    4.99234e-01
    2.77461e+16         3.89217e-03    4.99234e-01
    2.77461e+16         3.65731e-03    4.99234e-01
    2.77461e+16         3.39131e-03    4.99234e-01
    2.77461e+16         3.08195e-03    4.99234e-01
    2.77461e+16         2.89466e-03    4.99234e-01
    2.77461e+16         2.68234e-03    4.99234e-01
    2.77461e+16         2.43509e-03    4.99234e-01
    2.77461e+16         2.28509e-03    4.99234e-01
    2.77461e+16         2.11474e-03    4.99234e-01
    2.77461e+16         1.91584e-03    4.99234e-01
    2.77461e+16         1.79467e-03    4.99234e-01
    2.77461e+16         1.65659e-03    4.99234e-01
    2.77461e+16         1.49453e-03    4.99234e-01
    2.77461e+16         1.39498e-03    4.99234e-01
    2.77461e+16         1.28070e-03    4.99234e-01
    2.77461e+16         1.21291e-03    4.99234e-01
    2.77461e+16         1.13734e-03    4.99234e-01
    2.77461e+16         1.05138e-03    4.99234e-01
    2.77461e+16         9.50796e-04    4.99234e-01
    2.77461e+16         8.89300e-04    4.99234e-01
    2.77461e+16         8.19006e-04    4.99234e-01
    2.77461e+16         7.77566e-04    4.99234e-01
    2.77461e+16         7.31592e-04    4.99234e-01
    2.77461e+16         6.79658e-04    4.99234e-01
    2.77461e+16         6.19484e-04    4.99234e-01
    2.77461e+16         5.83268e-04    4.99234e-01
    2.77461e+16         5.42415e-04    4.99234e-01
    2.77461e+16         4.95176e-04    4.99234e-01
    2.77461e+16         4.66835e-04    4.99234e-01
    2.77461e+16         4.34949e-04    4.99234e-01
    2.77461e+16         3.98217e-04    4.99234e-01
    2.77461e+16         3.76306e-04    4.99234e-01
    2.77461e+16         3.51769e-04    4.99234e-01
    2.77461e+16         3.23690e-04    4.99234e-01
    2.77461e+16         3.07109e-04    4.99234e-01
    2.77461e+16         2.88689e-04    4.99234e-01
    2.77461e+16         2.67843e-04    4.99234e-01
    2.77461e+16         2.43627e-04    4.99234e-01
    2.77461e+16         2.28992e-04    4.99234e-01
    2.77461e+16         2.12427e-04    4.99234e-01
    2.77461e+16         1.93177e-04    4.99234e-01
    2.77461e+16         1.81539e-04    4.99234e-01
    2.77461e+16         1.68360e-04    4.99234e-01
    2.77461e+16         1.53037e-04    4.99234e-01
    2.77461e+16         1.43765e-04    4.99234e-01
    2.77461e+16         1.33258e-04    4.99234e-01
    2.77461e+16         1.21029e-04    4.99234e-01
    2.77461e+16         1.13617e-04    4.99234e-01
    2.77461e+16         1.05205e-04    4.99234e-01
    2.77461e+16         9.53953e-05    4.99234e-01
    2.77461e+16         8.94296e-05    4.99234e-01
    2.77461e+16         8.26413e-05    4.99234e-01
    2.77461e+16         7.46921e-05    4.99234e-01
    2.77461e+16         6.98264e-05    4.99234e-01
    2.77461e+16         6.42591e-05    4.99234e-01
    2.77461e+16         6.09721e-05    4.99234e-01
    2.77461e+16         5.73213e-05    4.99234e-01
    2.77461e+16         5.31905e-05    4.99234e-01
    2.77461e+16         4.83933e-05    4.99234e-01
    2.77461e+16         4.54955e-05    4.99234e-01
    2.77461e+16         4.22169e-05    4.99234e-01
    2.77461e+16         3.84093e-05    4.99234e-01
    2.77461e+16         3.61093e-05    4.99234e-01
    2.77461e+16         3.35069e-05    4.99234e-01
    2.77461e+16         3.04847e-05    4.99234e-01
    2.77461e+16         2.86591e-05    4.99234e-01
    2.77461e+16         2.65935e-05    4.99234e-01
    2.77461e+16         2.41945e-05    4.99234e-01


