              t                   M              a
    1.23833e-21         1.00000e+17    8.00000e-01
    2.47665e-21         1.00000e+17    8.00000e-01
    4.95331e-21         1.00000e+17    8.00000e-01
    9.90662e-21         1.00000e+17    8.00000e-01
    1.98132e-20         1.00000e+17    8.00000e-01
    3.96265e-20         1.00000e+17    8.00000e-01
    7.92530e-20         1.00000e+17    8.00000e-01
    1.58506e-19         1.00000e+17    8.00000e-01
    3.17012e-19         1.00000e+17    8.00000e-01
    6.34024e-19         1.00000e+17    8.00000e-01
    1.26805e-18         1.00000e+17    8.00000e-01
    2.53609e-18         1.00000e+17    8.00000e-01
    5.07219e-18         1.00000e+17    8.00000e-01
    1.01444e-17         1.00000e+17    8.00000e-01
    2.02888e-17         1.00000e+17    8.00000e-01
    4.05775e-17         1.00000e+17    8.00000e-01
    8.11550e-17         1.00000e+17    8.00000e-01
    1.62310e-16         1.00000e+17    8.00000e-01
    3.24620e-16         1.00000e+17    8.00000e-01
    6.49240e-16         1.00000e+17    8.00000e-01
    1.29848e-15         1.00000e+17    8.00000e-01
    2.59696e-15         1.00000e+17    8.00000e-01
    5.19392e-15         1.00000e+17    8.00000e-01
    1.03878e-14         1.00000e+17    8.00000e-01
    2.07757e-14         1.00000e+17    8.00000e-01
    4.15514e-14         1.00000e+17    8.00000e-01
    8.31027e-14         1.00000e+17    8.00000e-01
    1.66205e-13         1.00000e+17    8.00000e-01
    3.32411e-13         1.00000e+17    8.00000e-01
    6.64822e-13         1.00000e+17    8.00000e-01
    1.32964e-12         1.00000e+17    8.00000e-01
    2.65929e-12         1.00000e+17    8.00000e-01
    5.31858e-12         1.00000e+17    8.00000e-01
    1.06372e-11         1.00000e+17    8.00000e-01
    2.12743e-11         1.00000e+17    8.00000e-01
    4.25486e-11         1.00000e+17    8.00000e-01
    8.50972e-11         1.00000e+17    8.00000e-01
    1.70194e-10         1.00000e+17    8.00000e-01
    3.40389e-10         1.00000e+17    8.00000e-01
    6.80778e-10         1.00000e+17    8.00000e-01
    1.36156e-09         1.00000e+17    8.00000e-01
    2.72311e-09         1.00000e+17    8.00000e-01
    5.44622e-09         1.00000e+17    8.00000e-01
    1.08924e-08         1.00000e+17    8.00000e-01
    2.17849e-08         1.00000e+17    8.00000e-01
    4.35698e-08         1.00000e+17    8.00000e-01
    8.71395e-08         1.00000e+17    8.00000e-01
    1.74279e-07         1.00000e+17    8.00000e-01
    3.48558e-07         1.00000e+17    8.00000e-01
    6.97116e-07         1.00000e+17    8.00000e-01
    1.39423e-06         1.00000e+17    8.00000e-01
    2.78847e-06         1.00000e+17    8.00000e-01
    5.57693e-06         1.00000e+17    8.00000e-01
    1.11539e-05         1.00000e+17    8.00000e-01
    2.23077e-05         1.00000e+17    8.00000e-01
    4.46154e-05         1.00000e+17    8.00000e-01
    8.92309e-05         1.00000e+17    8.00000e-01
    1.78462e-04         1.00000e+17    8.00000e-01
    3.56924e-04         1.00000e+17    8.00000e-01
    7.13847e-04         1.00000e+17    8.00000e-01
    1.42769e-03         1.00000e+17    8.00000e-01
    2.85539e-03         1.00000e+17    8.00000e-01
    5.71078e-03         1.00000e+17    8.00000e-01
    1.14216e-02         1.00000e+17    8.00000e-01
    2.28431e-02         1.00000e+17    8.00000e-01
    4.56862e-02         1.00000e+17    8.00000e-01
    9.13724e-02         1.00000e+17    8.00000e-01
    1.82745e-01         1.00000e+17    8.00000e-01
    3.65490e-01         1.00000e+17    8.00000e-01
    7.30979e-01         1.00000e+17    8.00000e-01
    1.46196e+00         1.00000e+17    8.00000e-01
    2.92392e+00         1.00000e+17    8.00000e-01
    5.84784e+00         1.00000e+17    8.00000e-01
    1.16957e+01         1.00000e+17    8.00000e-01
    2.33913e+01         1.00000e+17    8.00000e-01
    4.67827e+01         1.00000e+17    8.00000e-01
    9.35654e+01         1.00000e+17    8.00000e-01
    1.87131e+02         1.00000e+17    8.00000e-01
    3.74261e+02         1.00000e+17    8.00000e-01
    7.48523e+02         1.00000e+17    8.00000e-01
    1.49705e+03         1.00000e+17    8.00000e-01
    2.99409e+03         1.00000e+17    8.00000e-01
    5.98818e+03         1.00000e+17    8.00000e-01
    1.19764e+04         1.00000e+17    8.00000e-01
    2.39527e+04         1.00000e+17    8.00000e-01
    4.79055e+04         1.00000e+17    8.00000e-01
    9.58109e+04         1.00000e+17    8.00000e-01
    1.91622e+05         1.00000e+17    8.00000e-01
    3.83244e+05         1.00000e+17    8.00000e-01
    7.66488e+05         1.00000e+17    8.00000e-01
    1.53298e+06         1.00000e+17    8.00000e-01
    3.06595e+06         1.00000e+17    8.00000e-01
    6.13190e+06         1.00000e+17    8.00000e-01
    1.22638e+07         1.00000e+17    8.00000e-01
    2.45276e+07         1.00000e+17    8.00000e-01
    4.90552e+07         1.00000e+17    8.00000e-01
    9.81104e+07         1.00000e+17    8.00000e-01
    1.96221e+08         1.00000e+17    8.00000e-01
    3.92442e+08         1.00000e+17    8.00000e-01
    7.84883e+08         1.00000e+17    8.00000e-01
    1.56977e+09         1.00000e+17    8.00000e-01
    3.13953e+09         1.00000e+17    8.00000e-01
    6.27907e+09         1.00000e+17    8.00000e-01
    1.25581e+10         1.00000e+17    8.00000e-01
    2.51163e+10         1.00000e+17    8.00000e-01
    5.02325e+10         1.00000e+17    8.00000e-01
    1.00465e+11         1.00000e+17    8.00000e-01
    2.00930e+11         1.00000e+17    8.00000e-01
    4.01860e+11         1.00000e+17    8.00000e-01
    8.03720e+11         1.00000e+17    8.00000e-01
    1.60744e+12         1.00000e+17    8.00000e-01
    3.21488e+12         1.00000e+17    8.00000e-01
    6.42976e+12         1.00000e+17    8.00000e-01
    1.28595e+13         1.00000e+17    8.00000e-01
    2.57191e+13         1.00000e+17    8.00000e-01
    5.14381e+13         1.00000e+17    8.00000e-01
    1.02876e+14         1.00000e+17    8.00000e-01
    2.05752e+14         1.00000e+17    8.00000e-01
    4.11505e+14         1.00000e+17    8.00000e-01
    8.23010e+14         1.00000e+17    8.00000e-01
    1.64602e+15         1.00000e+17    8.00000e-01
    3.29204e+15         9.99999e+16    7.99999e-01
    6.58408e+15         9.99999e+16    7.99999e-01
    1.31682e+16         9.99998e+16    7.99997e-01
    2.63363e+16         9.99995e+16    7.99995e-01
    5.26726e+16         9.99990e+16    7.99989e-01
    1.05345e+17         9.99981e+16    7.99978e-01
    2.10690e+17         9.99962e+16    7.99956e-01
    4.21381e+17         9.99924e+16    7.99913e-01
    8.42762e+17         9.99848e+16    7.99825e-01
    1.68552e+18         9.99696e+16    7.99651e-01
    3.37105e+18         9.99392e+16    7.99302e-01
    6.74210e+18         9.98785e+16    7.98606e-01
    1.34842e+19         9.97572e+16    7.97219e-01
    2.69684e+19         9.95154e+16    7.94462e-01
    5.39368e+19         9.90350e+16    7.89026e-01
    1.07874e+20         9.80839e+16    7.78429e-01
    1.61810e+20         9.71407e+16    7.68291e-01
    2.15747e+20         9.62049e+16    7.58597e-01
    2.69684e+20         9.52760e+16    7.49332e-01
    3.23621e+20         9.43475e+16    7.40427e-01
    3.77557e+20         9.34151e+16    7.31821e-01
    4.31494e+20         9.24782e+16    7.23508e-01
    4.85431e+20         9.15363e+16    7.15478e-01
    5.39368e+20         9.05874e+16    7.07703e-01
    5.93304e+20         8.96269e+16    7.00149e-01
    6.47241e+20         8.86543e+16    6.92810e-01
    7.01178e+20         8.76685e+16    6.85684e-01
    7.55115e+20         8.66687e+16    6.78764e-01
    8.09051e+20         8.56527e+16    6.72020e-01
    8.62988e+20         8.46161e+16    6.65442e-01
    9.16925e+20         8.35576e+16    6.59026e-01
    9.70862e+20         8.24758e+16    6.52767e-01
    1.02480e+21         8.13692e+16    6.46664e-01
    1.07874e+21         8.02358e+16    6.40712e-01
    1.13267e+21         7.90747e+16    6.34840e-01
    1.18661e+21         7.78829e+16    6.29042e-01
    1.24055e+21         7.66583e+16    6.23317e-01
    1.29448e+21         7.53981e+16    6.17663e-01
    1.34842e+21         7.40994e+16    6.12079e-01
    1.40236e+21         7.27588e+16    6.06563e-01
    1.45629e+21         7.13706e+16    6.01115e-01
    1.51023e+21         6.99277e+16    5.95741e-01
    1.56417e+21         6.84245e+16    5.90439e-01
    1.61810e+21         6.68543e+16    5.85207e-01
    1.67204e+21         6.52093e+16    5.80042e-01
    1.72598e+21         6.34803e+16    5.74936e-01
    1.77991e+21         6.16558e+16    5.69889e-01
    1.83385e+21         5.97227e+16    5.64837e-01
    1.88779e+21         5.76643e+16    5.59724e-01
    1.94172e+21         5.54582e+16    5.54537e-01
    1.99566e+21         5.30753e+16    5.49257e-01
    2.04960e+21         5.04761e+16    5.43864e-01
    2.10353e+21         4.76051e+16    5.38326e-01
    2.15747e+21         4.43809e+16    5.32597e-01
    2.21141e+21         4.06711e+16    5.26612e-01
    2.23838e+21         3.84610e+16    5.23436e-01
    2.26534e+21         3.59890e+16    5.20117e-01
    2.29231e+21         3.31647e+16    5.16619e-01
    2.30580e+21         3.15011e+16    5.14750e-01
    2.31928e+21         2.96569e+16    5.12794e-01
    2.33277e+21         2.75757e+16    5.10728e-01
    2.34625e+21         2.51678e+16    5.08515e-01
    2.35299e+21         2.37221e+16    5.07305e-01
    2.35973e+21         2.20944e+16    5.06016e-01
    2.36648e+21         2.02177e+16    5.04627e-01
    2.36985e+21         1.90968e+16    5.03861e-01
    2.37322e+21         1.78404e+16    5.03044e-01
    2.37659e+21         1.64005e+16    5.02162e-01
    2.37827e+21         1.55485e+16    5.01677e-01
    2.37996e+21         1.46005e+16    5.01159e-01
    2.38165e+21         1.35253e+16    5.00599e-01
    2.38333e+21         1.22722e+16    4.99981e-01
    2.38417e+21         1.15110e+16    4.99631e-01
    2.38502e+21         1.06457e+16    4.99241e-01
    2.38586e+21         9.63383e+15    4.98793e-01
    2.38628e+21         9.01594e+15    4.98529e-01
    2.38670e+21         8.31041e+15    4.98234e-01
    2.38712e+21         7.47992e+15    4.97894e-01
    2.38733e+21         6.96729e+15    4.97690e-01
    2.38754e+21         6.37642e+15    4.97463e-01
    2.38765e+21         6.02368e+15    4.97331e-01
    2.38776e+21         5.62841e+15    4.97185e-01
    2.38786e+21         5.17565e+15    4.97023e-01
    2.38791e+21         4.90793e+15    4.96931e-01
    2.38797e+21         4.61020e+15    4.96830e-01
    2.38802e+21         4.27276e+15    4.96719e-01
    2.38807e+21         3.87991e+15    4.96594e-01
    2.38810e+21         3.64170e+15    4.96522e-01
    2.38812e+21         3.37129e+15    4.96443e-01
    2.38815e+21         3.05577e+15    4.96353e-01
    2.38816e+21         2.86374e+15    4.96301e-01
    2.38818e+21         2.64510e+15    4.96244e-01
    2.38819e+21         2.38882e+15    4.96180e-01
    2.38820e+21         2.23170e+15    4.96143e-01
    2.38820e+21         2.05169e+15    4.96103e-01
    2.38821e+21         1.94520e+15    4.96079e-01
    2.38821e+21         1.82672e+15    4.96054e-01
    2.38821e+21         1.69238e+15    4.96025e-01
    2.38822e+21         1.53586e+15    4.95992e-01
    2.38822e+21         1.44083e+15    4.95973e-01
    2.38822e+21         1.33286e+15    4.95950e-01
    2.38822e+21         1.20668e+15    4.95921e-01
    2.38822e+21         1.12971e+15    4.95899e-01
    2.38822e+21         1.04188e+15    4.95870e-01
    2.38822e+21         9.38624e+14    4.95831e-01
    2.38822e+21         8.75007e+14    4.95802e-01
    2.38822e+21         8.01799e+14    4.95765e-01
    2.38822e+21         7.58202e+14    4.95740e-01
    2.38822e+21         7.09446e+14    4.95709e-01
    2.38823e+21         6.53752e+14    4.95666e-01
    2.38823e+21         6.20953e+14    4.95632e-01
    2.38823e+21         5.84594e+14    4.95589e-01
    2.38823e+21         5.43569e+14    4.95535e-01
    2.38823e+21         4.96109e+14    4.95458e-01
    2.38823e+21         4.67615e+14    4.95395e-01
    2.38823e+21         4.35537e+14    4.95308e-01
    2.38823e+21         3.98554e+14    4.95186e-01
    2.38823e+21         3.76467e+14    4.95093e-01
    2.38823e+21         3.51706e+14    4.94967e-01
    2.38823e+21         3.23331e+14    4.94788e-01
    2.38823e+21         3.06540e+14    4.94666e-01
    2.38823e+21         2.87858e+14    4.94518e-01
    2.38823e+21         2.66671e+14    4.94341e-01
    2.38823e+21         2.41980e+14    4.94120e-01
    2.38823e+21         2.26985e+14    4.93978e-01
    2.38823e+21         2.09943e+14    4.93814e-01
    2.38823e+21         1.90021e+14    4.93621e-01
    2.38823e+21         1.77862e+14    4.93503e-01
    2.38823e+21         1.63982e+14    4.93368e-01
    2.38823e+21         1.47654e+14    4.93213e-01
    2.38823e+21         1.37584e+14    4.93118e-01
    2.38823e+21         1.25985e+14    4.93009e-01
    2.38823e+21         1.19069e+14    4.92946e-01
    2.38823e+21         1.11326e+14    4.92875e-01
    2.38823e+21         1.02468e+14    4.92796e-01
    2.38823e+21         9.72397e+13    4.92749e-01
    2.38823e+21         9.14344e+13    4.92695e-01
    2.38823e+21         8.48682e+13    4.92635e-01
    2.38823e+21         7.72466e+13    4.92562e-01
    2.38823e+21         7.26464e+13    4.92515e-01
    2.38823e+21         6.74451e+13    4.92461e-01
    2.38823e+21         6.14104e+13    4.92397e-01
    2.38823e+21         5.77706e+13    4.92357e-01
    2.38823e+21         5.36576e+13    4.92308e-01
    2.38823e+21         4.88895e+13    4.92249e-01
    2.38823e+21         4.60174e+13    4.92209e-01
    2.38823e+21         4.27754e+13    4.92159e-01
    2.38823e+21         3.90229e+13    4.92091e-01
    2.38823e+21         3.67681e+13    4.92042e-01
    2.38823e+21         3.42280e+13    4.91982e-01
    2.38823e+21         3.12967e+13    4.91902e-01
    2.38823e+21         2.95434e+13    4.91846e-01
    2.38823e+21         2.75756e+13    4.91777e-01
    2.38823e+21         2.53168e+13    4.91687e-01
    2.38823e+21         2.39768e+13    4.91629e-01
    2.38823e+21         2.24827e+13    4.91559e-01
    2.38823e+21         2.07833e+13    4.91474e-01
    2.38823e+21         1.87945e+13    4.91369e-01
    2.38823e+21         1.75784e+13    4.91301e-01
    2.38823e+21         1.61881e+13    4.91221e-01
    2.38823e+21         1.53684e+13    4.91170e-01
    2.38823e+21         1.44588e+13    4.91110e-01
    2.38823e+21         1.34311e+13    4.91038e-01
    2.38823e+21         1.22400e+13    4.90949e-01
    2.38823e+21         1.15229e+13    4.90888e-01
    2.38823e+21         1.07136e+13    4.90812e-01
    2.38823e+21         9.77729e+12    4.90719e-01
    2.38823e+21         9.21517e+12    4.90659e-01
    2.38823e+21         8.58235e+12    4.90588e-01
    2.38823e+21         7.85273e+12    4.90501e-01
    2.38823e+21         7.41695e+12    4.90447e-01
    2.38823e+21         6.92846e+12    4.90386e-01
    2.38823e+21         6.36864e+12    4.90315e-01
    2.38823e+21         6.03735e+12    4.90272e-01
    2.38823e+21         5.66870e+12    4.90224e-01
    2.38823e+21         5.25053e+12    4.90170e-01
    2.38823e+21         4.76310e+12    4.90108e-01
    2.38823e+21         4.46695e+12    4.90070e-01
    2.38823e+21         4.13023e+12    4.90027e-01
    2.38823e+21         3.73636e+12    4.89978e-01
    2.38823e+21         3.49572e+12    4.89949e-01
    2.38823e+21         3.22080e+12    4.89916e-01
    2.38823e+21         3.05887e+12    4.89897e-01
    2.38823e+21         2.87935e+12    4.89877e-01
    2.38823e+21         2.67674e+12    4.89854e-01
    2.38823e+21         2.44229e+12    4.89828e-01
    2.38823e+21         2.30149e+12    4.89813e-01
    2.38823e+21         2.14292e+12    4.89796e-01
    2.38823e+21         1.96002e+12    4.89777e-01
    2.38823e+21         1.85071e+12    4.89766e-01
    2.38823e+21         1.72810e+12    4.89752e-01
    2.38823e+21         1.58747e+12    4.89735e-01
    2.38823e+21         1.50415e+12    4.89724e-01
    2.38823e+21         1.41134e+12    4.89711e-01
    2.38823e+21         1.30592e+12    4.89695e-01
    2.38823e+21         1.18279e+12    4.89673e-01
    2.38823e+21         1.10773e+12    4.89656e-01
    2.38823e+21         1.02216e+12    4.89632e-01
    2.38823e+21         9.21649e+11    4.89588e-01
    2.38823e+21         8.59829e+11    4.89547e-01
    2.38823e+21         7.88794e+11    4.89486e-01
    2.38823e+21         7.46587e+11    4.89439e-01
    2.38823e+21         6.99470e+11    4.89379e-01
    2.38823e+21         6.45788e+11    4.89301e-01
    2.38823e+21         5.82806e+11    4.89196e-01
    2.38823e+21         5.44138e+11    4.89122e-01
    2.38823e+21         4.99776e+11    4.89033e-01
    2.38823e+21         4.73481e+11    4.88978e-01
    2.38823e+21         4.44184e+11    4.88916e-01
    2.38823e+21         4.10893e+11    4.88842e-01
    2.38823e+21         3.71986e+11    4.88754e-01
    2.38823e+21         3.48248e+11    4.88696e-01
    2.38823e+21         3.21161e+11    4.88623e-01
    2.38823e+21         2.89308e+11    4.88531e-01
    2.38823e+21         2.69679e+11    4.88467e-01
    2.38823e+21         2.47087e+11    4.88386e-01
    2.38823e+21         2.33629e+11    4.88331e-01
    2.38823e+21         2.18576e+11    4.88269e-01
    2.38823e+21         2.01376e+11    4.88194e-01
    2.38823e+21         1.91245e+11    4.88149e-01
    2.38823e+21         1.80011e+11    4.88097e-01
    2.38823e+21         1.67330e+11    4.88037e-01
    2.38823e+21         1.52655e+11    4.87967e-01
    2.38823e+21         1.43838e+11    4.87925e-01
    2.38823e+21         1.33908e+11    4.87877e-01
    2.38823e+21         1.22449e+11    4.87821e-01
    2.38823e+21         1.15598e+11    4.87788e-01
    2.38823e+21         1.07909e+11    4.87751e-01
    2.38823e+21         9.90869e+10    4.87709e-01
    2.38823e+21         9.38550e+10    4.87685e-01
    2.38823e+21         8.80236e+10    4.87658e-01
    2.38823e+21         8.13938e+10    4.87629e-01
    2.38823e+21         7.36400e+10    4.87595e-01
    2.38823e+21         6.89037e+10    4.87575e-01
    2.38823e+21         6.34939e+10    4.87552e-01
    2.38823e+21         6.03084e+10    4.87539e-01
    2.38823e+21         5.67775e+10    4.87525e-01
    2.38823e+21         5.27938e+10    4.87510e-01
    2.38823e+21         4.81862e+10    4.87492e-01
    2.38823e+21         4.54208e+10    4.87482e-01
    2.38823e+21         4.23083e+10    4.87471e-01
    2.38823e+21         3.87211e+10    4.87459e-01
    2.38823e+21         3.65797e+10    4.87452e-01
    2.38823e+21         3.41803e+10    4.87445e-01
    2.38823e+21         3.14322e+10    4.87436e-01
    2.38823e+21         2.98074e+10    4.87431e-01
    2.38823e+21         2.80006e+10    4.87426e-01
    2.38823e+21         2.59531e+10    4.87421e-01
    2.38823e+21         2.35699e+10    4.87414e-01
    2.38823e+21         2.21250e+10    4.87411e-01
    2.38823e+21         2.04854e+10    4.87407e-01
    2.38823e+21         1.85727e+10    4.87402e-01
    2.38823e+21         1.74093e+10    4.87400e-01
    2.38823e+21         1.60851e+10    4.87397e-01
    2.38823e+21         1.45340e+10    4.87394e-01
    2.38823e+21         1.35841e+10    4.87392e-01
    2.38823e+21         1.24966e+10    4.87390e-01
    2.38823e+21         1.18542e+10    4.87389e-01
    2.38823e+21         1.11402e+10    4.87388e-01
    2.38823e+21         1.03318e+10    4.87387e-01
    2.38823e+21         9.39184e+09    4.87385e-01
    2.38823e+21         8.82311e+09    4.87384e-01
    2.38823e+21         8.17870e+09    4.87384e-01
    2.38823e+21         7.42875e+09    4.87383e-01
    2.38823e+21         6.97423e+09    4.87382e-01
    2.38823e+21         6.45855e+09    4.87381e-01
    2.38823e+21         5.85723e+09    4.87381e-01
    2.38823e+21         5.49167e+09    4.87380e-01
    2.38823e+21         5.07582e+09    4.87380e-01
    2.38823e+21         4.58904e+09    4.87380e-01
    2.38823e+21         4.29128e+09    4.87379e-01
    2.38823e+21         3.95076e+09    4.87379e-01
    2.38823e+21         3.74988e+09    4.87379e-01
    2.38823e+21         3.52691e+09    4.87379e-01
    2.38823e+21         3.27485e+09    4.87379e-01
    2.38823e+21         2.98250e+09    4.87378e-01
    2.38823e+21         2.80627e+09    4.87378e-01
    2.38823e+21         2.60720e+09    4.87378e-01
    2.38823e+21         2.37658e+09    4.87378e-01
    2.38823e+21         2.23780e+09    4.87378e-01
    2.38823e+21         2.08128e+09    4.87378e-01
    2.38823e+21         1.90032e+09    4.87378e-01
    2.38823e+21         1.79179e+09    4.87378e-01
    2.38823e+21         1.66972e+09    4.87378e-01
    2.38823e+21         1.52915e+09    4.87378e-01
    2.38823e+21         1.44534e+09    4.87378e-01
    2.38823e+21         1.35154e+09    4.87378e-01
    2.38823e+21         1.24426e+09    4.87378e-01
    2.38823e+21         1.18097e+09    4.87378e-01
    2.38823e+21         1.11072e+09    4.87377e-01
    2.38823e+21         1.03130e+09    4.87377e-01
    2.38823e+21         9.39182e+08    4.87377e-01
    2.38823e+21         8.83641e+08    4.87377e-01
    2.38823e+21         8.20900e+08    4.87377e-01
    2.38823e+21         7.48202e+08    4.87377e-01
    2.38823e+21         7.04446e+08    4.87377e-01
    2.38823e+21         6.55085e+08    4.87377e-01
    2.38823e+21         5.98005e+08    4.87377e-01
    2.38823e+21         5.63757e+08    4.87377e-01
    2.38823e+21         5.25222e+08    4.87377e-01
    2.38823e+21         4.80824e+08    4.87377e-01
    2.38823e+21         4.54337e+08    4.87377e-01
    2.38823e+21         4.24671e+08    4.87377e-01
    2.38823e+21         3.90715e+08    4.87377e-01
    2.38823e+21         3.70658e+08    4.87377e-01
    2.38823e+21         3.48372e+08    4.87377e-01
    2.38823e+21         3.23143e+08    4.87377e-01
    2.38823e+21         2.93820e+08    4.87377e-01
    2.38823e+21         2.76087e+08    4.87377e-01
    2.38823e+21         2.56002e+08    4.87377e-01
    2.38823e+21         2.32643e+08    4.87377e-01
    2.38823e+21         2.18499e+08    4.87377e-01
    2.38823e+21         2.02466e+08    4.87377e-01
    2.38823e+21         1.83793e+08    4.87377e-01
    2.38823e+21         1.72462e+08    4.87377e-01
    2.38823e+21         1.59595e+08    4.87377e-01
    2.38823e+21         1.44568e+08    4.87377e-01
    2.38823e+21         1.35412e+08    4.87377e-01
    2.38823e+21         1.24975e+08    4.87377e-01
    2.38823e+21         1.12723e+08    4.87377e-01
    2.38823e+21         1.05192e+08    4.87377e-01
    2.38823e+21         9.65455e+07    4.87377e-01
    2.38823e+21         9.14128e+07    4.87377e-01
    2.38823e+21         8.56876e+07    4.87377e-01
    2.38823e+21         7.91718e+07    4.87377e-01
    2.38823e+21         7.15393e+07    4.87377e-01
    2.38823e+21         6.68653e+07    4.87377e-01
    2.38823e+21         6.15151e+07    4.87377e-01
    2.38823e+21         5.83544e+07    4.87377e-01
    2.38823e+21         5.48420e+07    4.87377e-01
    2.38823e+21         5.08654e+07    4.87377e-01
    2.38823e+21         4.62426e+07    4.87377e-01
    2.38823e+21         4.34460e+07    4.87377e-01
    2.38823e+21         4.02778e+07    4.87377e-01
    2.38823e+21         3.65916e+07    4.87377e-01
    2.38823e+21         3.43584e+07    4.87377e-01
    2.38823e+21         3.18255e+07    4.87377e-01
    2.38823e+21         2.88733e+07    4.87377e-01
    2.38823e+21         2.70800e+07    4.87377e-01
    2.38823e+21         2.50412e+07    4.87377e-01
    2.38823e+21         2.26570e+07    4.87377e-01
    2.38823e+21         2.12008e+07    4.87377e-01
    2.38823e+21         1.95377e+07    4.87377e-01
    2.38823e+21         1.85586e+07    4.87377e-01
    2.38823e+21         1.74734e+07    4.87377e-01
    2.38823e+21         1.62492e+07    4.87377e-01
    2.38823e+21         1.48337e+07    4.87377e-01
    2.38823e+21         1.39844e+07    4.87377e-01
    2.38823e+21         1.30288e+07    4.87377e-01
    2.38823e+21         1.19278e+07    4.87377e-01
    2.38823e+21         1.12711e+07    4.87377e-01
    2.38823e+21         1.05355e+07    4.87377e-01
    2.38823e+21         9.69369e+06    4.87377e-01
    2.38823e+21         9.19649e+06    4.87377e-01
    2.38823e+21         8.64408e+06    4.87377e-01
    2.38823e+21         8.01881e+06    4.87377e-01
    2.38823e+21         7.29223e+06    4.87377e-01
    2.38823e+21         6.85293e+06    4.87377e-01
    2.38823e+21         6.35551e+06    4.87377e-01
    2.38823e+21         5.77718e+06    4.87377e-01
    2.38823e+21         5.42723e+06    4.87377e-01
    2.38823e+21         5.03069e+06    4.87377e-01
    2.38823e+21         4.56916e+06    4.87377e-01
    2.38823e+21         4.28943e+06    4.87377e-01
    2.38823e+21         3.97203e+06    4.87377e-01
    2.38823e+21         3.60186e+06    4.87377e-01
    2.38823e+21         3.37679e+06    4.87377e-01
    2.38823e+21         3.12070e+06    4.87377e-01
    2.38823e+21         2.82087e+06    4.87377e-01
    2.38823e+21         2.63739e+06    4.87377e-01
    2.38823e+21         2.42749e+06    4.87377e-01
    2.38823e+21         2.30361e+06    4.87377e-01
    2.38823e+21         2.16605e+06    4.87377e-01
    2.38823e+21         2.01045e+06    4.87377e-01
    2.38823e+21         1.82984e+06    4.87377e-01
    2.38823e+21         1.72083e+06    4.87377e-01
    2.38823e+21         1.59757e+06    4.87377e-01
    2.38823e+21         1.45456e+06    4.87377e-01
    2.38823e+21         1.36830e+06    4.87377e-01
    2.38823e+21         1.27083e+06    4.87377e-01
    2.38823e+21         1.15782e+06    4.87377e-01
    2.38823e+21         1.08975e+06    4.87377e-01
    2.38823e+21         1.01292e+06    4.87377e-01
    2.38823e+21         9.23977e+05    4.87377e-01
    2.38823e+21         8.70535e+05    4.87377e-01
    2.38823e+21         8.10330e+05    4.87377e-01
    2.38823e+21         7.40847e+05    4.87377e-01
    2.38823e+21         6.99282e+05    4.87377e-01
    2.38823e+21         6.52630e+05    4.87377e-01
    2.38823e+21         5.99070e+05    4.87377e-01
    2.38823e+21         5.67288e+05    4.87377e-01
    2.38823e+21         5.31844e+05    4.87377e-01
    2.38823e+21         4.91519e+05    4.87377e-01
    2.38823e+21         4.44305e+05    4.87377e-01
    2.38823e+21         4.15415e+05    4.87377e-01
    2.38823e+21         3.82366e+05    4.87377e-01
    2.38823e+21         3.62862e+05    4.87377e-01
    2.38823e+21         3.41205e+05    4.87377e-01
    2.38823e+21         3.16711e+05    4.87377e-01
    2.38823e+21         2.88282e+05    4.87377e-01
    2.38823e+21         2.71126e+05    4.87377e-01
    2.38823e+21         2.51730e+05    4.87377e-01
    2.38823e+21         2.29230e+05    4.87377e-01
    2.38823e+21         2.15663e+05    4.87377e-01
    2.38823e+21         2.00335e+05    4.87377e-01
    2.38823e+21         1.82572e+05    4.87377e-01
    2.38823e+21         1.71878e+05    4.87377e-01
    2.38823e+21         1.59813e+05    4.87377e-01
    2.38823e+21         1.45856e+05    4.87377e-01
    2.38823e+21         1.37479e+05    4.87377e-01
    2.38823e+21         1.28049e+05    4.87377e-01
    2.38823e+21         1.17180e+05    4.87377e-01
    2.38823e+21         1.10690e+05    4.87377e-01
    2.38823e+21         1.03417e+05    4.87377e-01
    2.38823e+21         9.50845e+04    4.87377e-01
    2.38823e+21         9.01563e+04    4.87377e-01
    2.38823e+21         8.46746e+04    4.87377e-01
    2.38823e+21         7.84602e+04    4.87377e-01
    2.38823e+21         7.12224e+04    4.87377e-01
    2.38823e+21         6.68306e+04    4.87377e-01
    2.38823e+21         6.18426e+04    4.87377e-01
    2.38823e+21         5.60176e+04    4.87377e-01
    2.38823e+21         5.24678e+04    4.87377e-01
    2.38823e+21         4.84215e+04    4.87377e-01
    2.38823e+21         4.36707e+04    4.87377e-01
    2.38823e+21         4.07503e+04    4.87377e-01
    2.38823e+21         3.73964e+04    4.87377e-01
    2.38823e+21         3.54051e+04    4.87377e-01
    2.38823e+21         3.31836e+04    4.87377e-01
    2.38823e+21         3.06546e+04    4.87377e-01
    2.38823e+21         2.76912e+04    4.87377e-01
    2.38823e+21         2.58754e+04    4.87377e-01
    2.38823e+21         2.37958e+04    4.87377e-01
    2.38823e+21         2.25663e+04    4.87377e-01
    2.38823e+21         2.11992e+04    4.87377e-01
    2.38823e+21         1.96500e+04    4.87377e-01
    2.38823e+21         1.78470e+04    4.87377e-01
    2.38823e+21         1.67542e+04    4.87377e-01
    2.38823e+21         1.55141e+04    4.87377e-01
    2.38823e+21         1.40678e+04    4.87377e-01
    2.38823e+21         1.31884e+04    4.87377e-01
    2.38823e+21         1.21877e+04    4.87377e-01
    2.38823e+21         1.10160e+04    4.87377e-01
    2.38823e+21         1.02989e+04    4.87377e-01
    2.38823e+21         9.47844e+03    4.87377e-01
    2.38823e+21         8.99412e+03    4.87377e-01
    2.38823e+21         8.45624e+03    4.87377e-01
    2.38823e+21         7.84775e+03    4.87377e-01
    2.38823e+21         7.14125e+03    4.87377e-01
    2.38823e+21         6.71464e+03    4.87377e-01
    2.38823e+21         6.23210e+03    4.87377e-01
    2.38823e+21         5.67195e+03    4.87377e-01
    2.38823e+21         5.33382e+03    4.87377e-01
    2.38823e+21         4.95147e+03    4.87377e-01
    2.38823e+21         4.50778e+03    4.87377e-01
    2.38823e+21         4.24011e+03    4.87377e-01
    2.38823e+21         3.93759e+03    4.87377e-01
    2.38823e+21         3.58679e+03    4.87377e-01
    2.38823e+21         3.37541e+03    4.87377e-01
    2.38823e+21         3.13672e+03    4.87377e-01
    2.38823e+21         2.86032e+03    4.87377e-01
    2.38823e+21         2.69412e+03    4.87377e-01
    2.38823e+21         2.50678e+03    4.87377e-01
    2.38823e+21         2.29040e+03    4.87377e-01
    2.38823e+21         2.16080e+03    4.87377e-01
    2.38823e+21         2.01519e+03    4.87377e-01
    2.38823e+21         1.84777e+03    4.87377e-01
    2.38823e+21         1.74821e+03    4.87377e-01
    2.38823e+21         1.63698e+03    4.87377e-01
    2.38823e+21         1.51013e+03    4.87377e-01
    2.38823e+21         1.36107e+03    4.87377e-01
    2.38823e+21         1.26932e+03    4.87377e-01
    2.38823e+21         1.16382e+03    4.87377e-01
    2.38823e+21         1.10108e+03    4.87377e-01
    2.38823e+21         1.03098e+03    4.87377e-01
    2.38823e+21         9.51030e+02    4.87377e-01
    2.38823e+21         8.57069e+02    4.87377e-01
    2.38823e+21         7.99223e+02    4.87377e-01
    2.38823e+21         7.32700e+02    4.87377e-01
    2.38823e+21         6.93125e+02    4.87377e-01
    2.38823e+21         6.48901e+02    4.87377e-01
    2.38823e+21         5.98444e+02    4.87377e-01
    2.38823e+21         5.39121e+02    4.87377e-01
    2.38823e+21         5.02572e+02    4.87377e-01
    2.38823e+21         4.60514e+02    4.87377e-01
    2.38823e+21         4.35468e+02    4.87377e-01
    2.38823e+21         4.07459e+02    4.87377e-01
    2.38823e+21         3.75466e+02    4.87377e-01
    2.38823e+21         3.56628e+02    4.87377e-01
    2.38823e+21         3.35747e+02    4.87377e-01
    2.38823e+21         3.12187e+02    4.87377e-01
    2.38823e+21         2.84938e+02    4.87377e-01
    2.38823e+21         2.68583e+02    4.87377e-01
    2.38823e+21         2.50175e+02    4.87377e-01
    2.38823e+21         2.28959e+02    4.87377e-01
    2.38823e+21         2.16294e+02    4.87377e-01
    2.38823e+21         2.02102e+02    4.87377e-01
    2.38823e+21         1.85847e+02    4.87377e-01
    2.38823e+21         1.76235e+02    4.87377e-01
    2.38823e+21         1.65547e+02    4.87377e-01
    2.38823e+21         1.53434e+02    4.87377e-01
    2.38823e+21         1.39333e+02    4.87377e-01
    2.38823e+21         1.30783e+02    4.87377e-01
    2.38823e+21         1.21079e+02    4.87377e-01
    2.38823e+21         1.09757e+02    4.87377e-01
    2.38823e+21         1.02867e+02    4.87377e-01
    2.38823e+21         9.50243e+01    4.87377e-01
    2.38823e+21         8.58332e+01    4.87377e-01
    2.38823e+21         8.02007e+01    4.87377e-01
    2.38823e+21         7.37494e+01    4.87377e-01
    2.38823e+21         6.99347e+01    4.87377e-01
    2.38823e+21         6.56925e+01    4.87377e-01
    2.38823e+21         6.08847e+01    4.87377e-01
    2.38823e+21         5.52877e+01    4.87377e-01
    2.38823e+21         5.18939e+01    4.87377e-01
    2.38823e+21         4.80416e+01    4.87377e-01
    2.38823e+21         4.35468e+01    4.87377e-01
    2.38823e+21         4.08115e+01    4.87377e-01
    2.38823e+21         3.76973e+01    4.87377e-01
    2.38823e+21         3.40473e+01    4.87377e-01
    2.38823e+21         3.18100e+01    4.87377e-01
    2.38823e+21         2.92469e+01    4.87377e-01
    2.38823e+21         2.77309e+01    4.87377e-01
    2.38823e+21         2.60447e+01    4.87377e-01
    2.38823e+21         2.41330e+01    4.87377e-01
    2.38823e+21         2.19064e+01    4.87377e-01
    2.38823e+21         2.05553e+01    4.87377e-01
    2.38823e+21         1.90208e+01    4.87377e-01
    2.38823e+21         1.72287e+01    4.87377e-01
    2.38823e+21         1.61365e+01    4.87377e-01
    2.38823e+21         1.48915e+01    4.87377e-01
    2.38823e+21         1.34296e+01    4.87377e-01
    2.38823e+21         1.25308e+01    4.87377e-01
    2.38823e+21         1.14985e+01    4.87377e-01
    2.38823e+21         1.08855e+01    4.87377e-01
    2.38823e+21         1.02016e+01    4.87377e-01
    2.38823e+21         9.42282e+00    4.87377e-01
    2.38823e+21         8.51002e+00    4.87377e-01
    2.38823e+21         7.95047e+00    4.87377e-01
    2.38823e+21         7.30937e+00    4.87377e-01
    2.38823e+21         6.93013e+00    4.87377e-01
    2.38823e+21         6.50825e+00    4.87377e-01
    2.38823e+21         6.02989e+00    4.87377e-01
    2.38823e+21         5.47264e+00    4.87377e-01
    2.38823e+21         5.13437e+00    4.87377e-01
    2.38823e+21         4.75007e+00    4.87377e-01
    2.38823e+21         4.30108e+00    4.87377e-01
    2.38823e+21         4.02726e+00    4.87377e-01
    2.38823e+21         3.71494e+00    4.87377e-01
    2.38823e+21         3.34790e+00    4.87377e-01
    2.38823e+21         3.12193e+00    4.87377e-01
    2.38823e+21         2.86207e+00    4.87377e-01
    2.38823e+21         2.70748e+00    4.87377e-01
    2.38823e+21         2.53473e+00    4.87377e-01
    2.38823e+21         2.33762e+00    4.87377e-01
    2.38823e+21         2.10588e+00    4.87377e-01
    2.38823e+21         1.96310e+00    4.87377e-01
    2.38823e+21         1.79880e+00    4.87377e-01
    2.38823e+21         1.70096e+00    4.87377e-01
    2.38823e+21         1.59154e+00    4.87377e-01
    2.38823e+21         1.46655e+00    4.87377e-01
    2.38823e+21         1.39295e+00    4.87377e-01
    2.38823e+21         1.31137e+00    4.87377e-01
    2.38823e+21         1.21932e+00    4.87377e-01
    2.38823e+21         1.11285e+00    4.87377e-01
    2.38823e+21         1.04894e+00    4.87377e-01
    2.38823e+21         9.77009e-01    4.87377e-01
    2.38823e+21         8.94093e-01    4.87377e-01
    2.38823e+21         8.44588e-01    4.87377e-01
    2.38823e+21         7.89111e-01    4.87377e-01
    2.38823e+21         7.25559e-01    4.87377e-01
    2.38823e+21         6.87973e-01    4.87377e-01
    2.38823e+21         6.46167e-01    4.87377e-01
    2.38823e+21         5.98777e-01    4.87377e-01
    2.38823e+21         5.43589e-01    4.87377e-01
    2.38823e+21         5.10107e-01    4.87377e-01
    2.38823e+21         4.72086e-01    4.87377e-01
    2.38823e+21         4.27695e-01    4.87377e-01
    2.38823e+21         4.00652e-01    4.87377e-01
    2.38823e+21         3.69836e-01    4.87377e-01
    2.38823e+21         3.33670e-01    4.87377e-01
    2.38823e+21         3.11454e-01    4.87377e-01
    2.38823e+21         2.85957e-01    4.87377e-01
    2.38823e+21         2.70833e-01    4.87377e-01
    2.38823e+21         2.53974e-01    4.87377e-01
    2.38823e+21         2.34801e-01    4.87377e-01
    2.38823e+21         2.12370e-01    4.87377e-01
    2.38823e+21         1.98659e-01    4.87377e-01
    2.38823e+21         1.82992e-01    4.87377e-01
    2.38823e+21         1.73759e-01    4.87377e-01
    2.38823e+21         1.63519e-01    4.87377e-01
    2.38823e+21         1.51956e-01    4.87377e-01
    2.38823e+21         1.38567e-01    4.87377e-01
    2.38823e+21         1.30516e-01    4.87377e-01
    2.38823e+21         1.21441e-01    4.87377e-01
    2.38823e+21         1.10959e-01    4.87377e-01
    2.38823e+21         1.04681e-01    4.87377e-01
    2.38823e+21         9.76278e-02    4.87377e-01
    2.38823e+21         8.95184e-02    4.87377e-01
    2.38823e+21         8.46958e-02    4.87377e-01
    2.38823e+21         7.93083e-02    4.87377e-01
    2.38823e+21         7.31641e-02    4.87377e-01
    2.38823e+21         6.59445e-02    4.87377e-01
    2.38823e+21         6.15011e-02    4.87377e-01
    2.38823e+21         5.63924e-02    4.87377e-01
    2.38823e+21         5.33543e-02    4.87377e-01
    2.38823e+21         4.99603e-02    4.87377e-01
    2.38823e+21         4.60895e-02    4.87377e-01
    2.38823e+21         4.15413e-02    4.87377e-01
    2.38823e+21         3.87420e-02    4.87377e-01
    2.38823e+21         3.55235e-02    4.87377e-01
    2.38823e+21         3.36094e-02    4.87377e-01
    2.38823e+21         3.14711e-02    4.87377e-01
    2.38823e+21         2.90324e-02    4.87377e-01
    2.38823e+21         2.61668e-02    4.87377e-01
    2.38823e+21         2.44030e-02    4.87377e-01
    2.38823e+21         2.23750e-02    4.87377e-01
    2.38823e+21         2.11688e-02    4.87377e-01
    2.38823e+21         1.98213e-02    4.87377e-01
    2.38823e+21         1.82843e-02    4.87377e-01
    2.38823e+21         1.64781e-02    4.87377e-01
    2.38823e+21         1.53662e-02    4.87377e-01
    2.38823e+21         1.40875e-02    4.87377e-01
    2.38823e+21         1.33268e-02    4.87377e-01
    2.38823e+21         1.24768e-02    4.87377e-01
    2.38823e+21         1.15071e-02    4.87377e-01
    2.38823e+21         1.03670e-02    4.87377e-01
    2.38823e+21         9.66471e-03    4.87377e-01
    2.38823e+21         8.85662e-03    4.87377e-01
    2.38823e+21         8.37548e-03    4.87377e-01
    2.38823e+21         7.83747e-03    4.87377e-01
    2.38823e+21         7.22307e-03    4.87377e-01
    2.38823e+21         6.86138e-03    4.87377e-01
    2.38823e+21         6.46056e-03    4.87377e-01
    2.38823e+21         6.00845e-03    4.87377e-01
    2.38823e+21         5.48576e-03    4.87377e-01
    2.38823e+21         5.17223e-03    4.87377e-01
    2.38823e+21         4.81954e-03    4.87377e-01
    2.38823e+21         4.41335e-03    4.87377e-01
    2.38823e+21         4.17115e-03    4.87377e-01
    2.38823e+21         3.90000e-03    4.87377e-01
    2.38823e+21         3.58984e-03    4.87377e-01
    2.38823e+21         3.40680e-03    4.87377e-01
    2.38823e+21         3.20357e-03    4.87377e-01
    2.38823e+21         2.97373e-03    4.87377e-01
    2.38823e+21         2.70700e-03    4.87377e-01
    2.38823e+21         2.54605e-03    4.87377e-01
    2.38823e+21         2.36411e-03    4.87377e-01
    2.38823e+21         2.15309e-03    4.87377e-01
    2.38823e+21         2.02589e-03    4.87377e-01
    2.38823e+21         1.88221e-03    4.87377e-01
    2.38823e+21         1.71576e-03    4.87377e-01
    2.38823e+21         1.61560e-03    4.87377e-01
    2.38823e+21         1.50264e-03    4.87377e-01
    2.38823e+21         1.37206e-03    4.87377e-01
    2.38823e+21         1.29375e-03    4.87377e-01
    2.38823e+21         1.20567e-03    4.87377e-01
    2.38823e+21         1.10425e-03    4.87377e-01
    2.38823e+21         1.04380e-03    4.87377e-01
    2.38823e+21         9.76146e-04    4.87377e-01
    2.38823e+21         8.98787e-04    4.87377e-01
    2.38823e+21         8.53163e-04    4.87377e-01
    2.38823e+21         8.02529e-04    4.87377e-01
    2.38823e+21         7.45304e-04    4.87377e-01
    2.38823e+21         6.78955e-04    4.87377e-01
    2.38823e+21         6.38979e-04    4.87377e-01
    2.38823e+21         5.93845e-04    4.87377e-01
    2.38823e+21         5.41590e-04    4.87377e-01
    2.38823e+21         5.10177e-04    4.87377e-01
    2.38823e+21         4.74777e-04    4.87377e-01
    2.38823e+21         4.33902e-04    4.87377e-01
    2.38823e+21         4.09432e-04    4.87377e-01
    2.38823e+21         3.81949e-04    4.87377e-01
    2.38823e+21         3.50370e-04    4.87377e-01
    2.38823e+21         3.31605e-04    4.87377e-01
    2.38823e+21         3.10657e-04    4.87377e-01
    2.38823e+21         2.86789e-04    4.87377e-01
    2.38823e+21         2.58782e-04    4.87377e-01
    2.38823e+21         2.41584e-04    4.87377e-01
    2.38823e+21         2.21850e-04    4.87377e-01
    2.38823e+21         2.10149e-04    4.87377e-01
    2.38823e+21         1.97109e-04    4.87377e-01
    2.38823e+21         1.82287e-04    4.87377e-01
    2.38823e+21         1.64957e-04    4.87377e-01
    2.38823e+21         1.54375e-04    4.87377e-01
    2.38823e+21         1.42293e-04    4.87377e-01
    2.38823e+21         1.28072e-04    4.87377e-01
    2.38823e+21         1.19295e-04    4.87377e-01
    2.38823e+21         1.09178e-04    4.87377e-01
    2.38823e+21         1.03139e-04    4.87377e-01
    2.38823e+21         9.63722e-05    4.87377e-01
    2.38823e+21         8.86217e-05    4.87377e-01
    2.38823e+21         8.40390e-05    4.87377e-01
    2.38823e+21         7.89428e-05    4.87377e-01
    2.38823e+21         7.31674e-05    4.87377e-01
    2.38823e+21         6.64442e-05    4.87377e-01
    2.38823e+21         6.23680e-05    4.87377e-01
    2.38823e+21         5.77415e-05    4.87377e-01
    2.38823e+21         5.23439e-05    4.87377e-01
    2.38823e+21         4.90598e-05    4.87377e-01
    2.38823e+21         4.53213e-05    4.87377e-01
    2.38823e+21         4.09407e-05    4.87377e-01
    2.38823e+21         3.82565e-05    4.87377e-01
    2.38823e+21         3.51825e-05    4.87377e-01
    2.38823e+21         3.33652e-05    4.87377e-01
    2.38823e+21         3.13445e-05    4.87377e-01
    2.38823e+21         2.90548e-05    4.87377e-01
    2.38823e+21         2.63901e-05    4.87377e-01
    2.38823e+21         2.47751e-05    4.87377e-01


