              t                   M              a
    1.23833e-21         1.00000e+17    8.00000e-01
    2.47665e-21         1.00000e+17    8.00000e-01
    4.95331e-21         1.00000e+17    8.00000e-01
    9.90662e-21         1.00000e+17    8.00000e-01
    1.98132e-20         1.00000e+17    8.00000e-01
    3.96265e-20         1.00000e+17    8.00000e-01
    7.92530e-20         1.00000e+17    8.00000e-01
    1.58506e-19         1.00000e+17    8.00000e-01
    3.17012e-19         1.00000e+17    8.00000e-01
    6.34024e-19         1.00000e+17    8.00000e-01
    1.26805e-18         1.00000e+17    8.00000e-01
    2.53609e-18         1.00000e+17    8.00000e-01
    5.07219e-18         1.00000e+17    8.00000e-01
    1.01444e-17         1.00000e+17    8.00000e-01
    2.02888e-17         1.00000e+17    8.00000e-01
    4.05775e-17         1.00000e+17    8.00000e-01
    8.11550e-17         1.00000e+17    8.00000e-01
    1.62310e-16         1.00000e+17    8.00000e-01
    3.24620e-16         1.00000e+17    8.00000e-01
    6.49240e-16         1.00000e+17    8.00000e-01
    1.29848e-15         1.00000e+17    8.00000e-01
    2.59696e-15         1.00000e+17    8.00000e-01
    5.19392e-15         1.00000e+17    8.00000e-01
    1.03878e-14         1.00000e+17    8.00000e-01
    2.07757e-14         1.00000e+17    8.00000e-01
    4.15514e-14         1.00000e+17    8.00000e-01
    8.31027e-14         1.00000e+17    8.00000e-01
    1.66205e-13         1.00000e+17    8.00000e-01
    3.32411e-13         1.00000e+17    8.00000e-01
    6.64822e-13         1.00000e+17    8.00000e-01
    1.32964e-12         1.00000e+17    8.00000e-01
    2.65929e-12         1.00000e+17    8.00000e-01
    5.31858e-12         1.00000e+17    8.00000e-01
    1.06372e-11         1.00000e+17    8.00000e-01
    2.12743e-11         1.00000e+17    8.00000e-01
    4.25486e-11         1.00000e+17    8.00000e-01
    8.50972e-11         1.00000e+17    8.00000e-01
    1.70194e-10         1.00000e+17    8.00000e-01
    3.40389e-10         1.00000e+17    8.00000e-01
    6.80778e-10         1.00000e+17    8.00000e-01
    1.36156e-09         1.00000e+17    8.00000e-01
    2.72311e-09         1.00000e+17    8.00000e-01
    5.44622e-09         1.00000e+17    8.00000e-01
    1.08924e-08         1.00000e+17    8.00000e-01
    2.17849e-08         1.00000e+17    8.00000e-01
    4.35698e-08         1.00000e+17    8.00000e-01
    8.71395e-08         1.00000e+17    8.00000e-01
    1.74279e-07         1.00000e+17    8.00000e-01
    3.48558e-07         1.00000e+17    8.00000e-01
    6.97116e-07         1.00000e+17    8.00000e-01
    1.39423e-06         1.00000e+17    8.00000e-01
    2.78847e-06         1.00000e+17    8.00000e-01
    5.57693e-06         1.00000e+17    8.00000e-01
    1.11539e-05         1.00000e+17    8.00000e-01
    2.23077e-05         1.00000e+17    8.00000e-01
    4.46154e-05         1.00000e+17    8.00000e-01
    8.92309e-05         1.00000e+17    8.00000e-01
    1.78462e-04         1.00000e+17    8.00000e-01
    3.56924e-04         1.00000e+17    8.00000e-01
    7.13847e-04         1.00000e+17    8.00000e-01
    1.42769e-03         1.00000e+17    8.00000e-01
    2.85539e-03         1.00000e+17    8.00000e-01
    5.71078e-03         1.00000e+17    8.00000e-01
    1.14216e-02         1.00000e+17    8.00000e-01
    2.28431e-02         1.00000e+17    8.00000e-01
    4.56862e-02         1.00000e+17    8.00000e-01
    9.13724e-02         1.00000e+17    8.00000e-01
    1.82745e-01         1.00000e+17    8.00000e-01
    3.65490e-01         1.00000e+17    8.00000e-01
    7.30979e-01         1.00000e+17    8.00000e-01
    1.46196e+00         1.00000e+17    8.00000e-01
    2.92392e+00         1.00000e+17    8.00000e-01
    5.84784e+00         1.00000e+17    8.00000e-01
    1.16957e+01         1.00000e+17    8.00000e-01
    2.33913e+01         1.00000e+17    8.00000e-01
    4.67827e+01         1.00000e+17    8.00000e-01
    9.35654e+01         1.00000e+17    8.00000e-01
    1.87131e+02         1.00000e+17    8.00000e-01
    3.74261e+02         1.00000e+17    8.00000e-01
    7.48523e+02         1.00000e+17    8.00000e-01
    1.49705e+03         1.00000e+17    8.00000e-01
    2.99409e+03         1.00000e+17    8.00000e-01
    5.98818e+03         1.00000e+17    8.00000e-01
    1.19764e+04         1.00000e+17    8.00000e-01
    2.39527e+04         1.00000e+17    8.00000e-01
    4.79055e+04         1.00000e+17    8.00000e-01
    9.58109e+04         1.00000e+17    8.00000e-01
    1.91622e+05         1.00000e+17    8.00000e-01
    3.83244e+05         1.00000e+17    8.00000e-01
    7.66488e+05         1.00000e+17    8.00000e-01
    1.53298e+06         1.00000e+17    8.00000e-01
    3.06595e+06         1.00000e+17    8.00000e-01
    6.13190e+06         1.00000e+17    8.00000e-01
    1.22638e+07         1.00000e+17    8.00000e-01
    2.45276e+07         1.00000e+17    8.00000e-01
    4.90552e+07         1.00000e+17    8.00000e-01
    9.81104e+07         1.00000e+17    8.00000e-01
    1.96221e+08         1.00000e+17    8.00000e-01
    3.92442e+08         1.00000e+17    8.00000e-01
    7.84883e+08         1.00000e+17    8.00000e-01
    1.56977e+09         1.00000e+17    8.00000e-01
    3.13953e+09         1.00000e+17    8.00000e-01
    6.27907e+09         1.00000e+17    8.00000e-01
    1.25581e+10         1.00000e+17    8.00000e-01
    2.51163e+10         1.00000e+17    8.00000e-01
    5.02325e+10         1.00000e+17    8.00000e-01
    1.00465e+11         1.00000e+17    8.00000e-01
    2.00930e+11         1.00000e+17    8.00000e-01
    4.01860e+11         1.00000e+17    8.00000e-01
    8.03720e+11         1.00000e+17    8.00000e-01
    1.60744e+12         1.00000e+17    8.00000e-01
    3.21488e+12         1.00000e+17    8.00000e-01
    6.42976e+12         1.00000e+17    8.00000e-01
    1.28595e+13         1.00000e+17    8.00000e-01
    2.57191e+13         1.00000e+17    8.00000e-01
    5.14381e+13         1.00000e+17    8.00000e-01
    1.02876e+14         1.00000e+17    8.00000e-01
    2.05752e+14         1.00000e+17    8.00000e-01
    4.11505e+14         1.00000e+17    8.00000e-01
    8.23010e+14         1.00000e+17    8.00000e-01
    1.64602e+15         1.00000e+17    8.00000e-01
    3.29204e+15         1.00000e+17    8.00000e-01
    6.58408e+15         1.00000e+17    8.00000e-01
    1.31682e+16         1.00000e+17    8.00000e-01
    2.63363e+16         1.00000e+17    7.99999e-01
    5.26726e+16         9.99999e+16    7.99999e-01
    1.05345e+17         9.99998e+16    7.99998e-01
    2.10690e+17         9.99996e+16    7.99995e-01
    4.21381e+17         9.99993e+16    7.99991e-01
    8.42762e+17         9.99985e+16    7.99981e-01
    1.68552e+18         9.99970e+16    7.99963e-01
    3.37105e+18         9.99940e+16    7.99926e-01
    6.74210e+18         9.99881e+16    7.99851e-01
    1.34842e+19         9.99762e+16    7.99702e-01
    2.69684e+19         9.99524e+16    7.99405e-01
    5.39368e+19         9.99048e+16    7.98811e-01
    1.07874e+20         9.98098e+16    7.97627e-01
    2.15747e+20         9.96204e+16    7.95271e-01
    4.31494e+20         9.92441e+16    7.90610e-01
    8.62988e+20         9.85026e+16    7.81469e-01
    1.29448e+21         9.77690e+16    7.72649e-01
    1.72598e+21         9.70429e+16    7.64141e-01
    2.15747e+21         9.63241e+16    7.55938e-01
    2.58896e+21         9.56122e+16    7.48031e-01
    3.02046e+21         9.49001e+16    7.40369e-01
    3.45195e+21         9.41877e+16    7.32916e-01
    4.31494e+21         9.27620e+16    7.18420e-01
    5.17793e+21         9.13335e+16    7.04739e-01
    6.04092e+21         8.98872e+16    6.91686e-01
    6.90391e+21         8.84158e+16    6.79299e-01
    7.76689e+21         8.69139e+16    6.67528e-01
    8.62988e+21         8.53703e+16    6.56245e-01
    9.49287e+21         8.37801e+16    6.45446e-01
    1.03559e+22         8.21389e+16    6.35104e-01
    1.12188e+22         8.04397e+16    6.25039e-01
    1.20818e+22         7.86764e+16    6.15238e-01
    1.29448e+22         7.68397e+16    6.05725e-01
    1.38078e+22         7.49169e+16    5.96498e-01
    1.46708e+22         7.28881e+16    5.87579e-01
    1.55338e+22         7.07390e+16    5.78950e-01
    1.63968e+22         6.84506e+16    5.70613e-01
    1.72598e+22         6.59995e+16    5.62520e-01
    1.81228e+22         6.33655e+16    5.54387e-01
    1.89857e+22         6.05021e+16    5.46335e-01
    1.98487e+22         5.73548e+16    5.38332e-01
    2.07117e+22         5.38443e+16    5.30368e-01
    2.15747e+22         4.98510e+16    5.22269e-01
    2.24377e+22         4.51688e+16    5.14102e-01
    2.28692e+22         4.23028e+16    5.09948e-01
    2.33007e+22         3.90272e+16    5.05688e-01
    2.37322e+22         3.51698e+16    5.01251e-01
    2.39479e+22         3.27874e+16    4.98928e-01
    2.41637e+22         3.00424e+16    4.96460e-01
    2.42715e+22         2.84037e+16    4.95107e-01
    2.43794e+22         2.65668e+16    4.93630e-01
    2.44873e+22         2.44644e+16    4.91986e-01
    2.45412e+22         2.32221e+16    4.91006e-01
    2.45952e+22         2.18421e+16    4.89918e-01
    2.46491e+22         2.02801e+16    4.88657e-01
    2.47030e+22         1.84651e+16    4.87129e-01
    2.47300e+22         1.73694e+16    4.86207e-01
    2.47570e+22         1.61299e+16    4.85141e-01
    2.47839e+22         1.46911e+16    4.83867e-01
    2.47974e+22         1.38227e+16    4.83067e-01
    2.48109e+22         1.28409e+16    4.82127e-01
    2.48244e+22         1.17020e+16    4.80987e-01
    2.48311e+22         1.10153e+16    4.80230e-01
    2.48379e+22         1.02395e+16    4.79311e-01
    2.48446e+22         9.34095e+15    4.78199e-01
    2.48480e+22         8.80055e+15    4.77475e-01
    2.48514e+22         8.19139e+15    4.76617e-01
    2.48547e+22         7.48783e+15    4.75579e-01
    2.48564e+22         7.06661e+15    4.74931e-01
    2.48581e+22         6.59357e+15    4.74195e-01
    2.48598e+22         6.05004e+15    4.73327e-01
    2.48606e+22         5.72715e+15    4.72799e-01
    2.48615e+22         5.36679e+15    4.72210e-01
    2.48623e+22         4.95636e+15    4.71536e-01
    2.48632e+22         4.47506e+15    4.70744e-01
    2.48636e+22         4.17982e+15    4.70259e-01
    2.48640e+22         3.84137e+15    4.69708e-01
    2.48642e+22         3.64101e+15    4.69386e-01
    2.48644e+22         3.41797e+15    4.69031e-01
    2.48646e+22         3.16487e+15    4.68631e-01
    2.48648e+22         2.86965e+15    4.68174e-01
    2.48650e+22         2.69010e+15    4.67903e-01
    2.48651e+22         2.48579e+15    4.67598e-01
    2.48652e+22         2.24650e+15    4.67249e-01
    2.48652e+22         2.10000e+15    4.67042e-01
    2.48653e+22         1.93235e+15    4.66808e-01
    2.48653e+22         1.83334e+15    4.66671e-01
    2.48653e+22         1.72335e+15    4.66519e-01
    2.48653e+22         1.59887e+15    4.66346e-01
    2.48654e+22         1.45424e+15    4.66143e-01
    2.48654e+22         1.36682e+15    4.66015e-01
    2.48654e+22         1.26785e+15    4.65856e-01
    2.48654e+22         1.15280e+15    4.65644e-01
    2.48654e+22         1.08320e+15    4.65480e-01
    2.48654e+22         1.00434e+15    4.65259e-01
    2.48654e+22         9.12588e+14    4.64952e-01
    2.48654e+22         8.56999e+14    4.64733e-01
    2.48654e+22         7.93946e+14    4.64464e-01
    2.48654e+22         7.20439e+14    4.64103e-01
    2.48654e+22         6.75756e+14    4.63816e-01
    2.48654e+22         6.24919e+14    4.63409e-01
    2.48654e+22         5.65412e+14    4.62828e-01
    2.48655e+22         5.28995e+14    4.62320e-01
    2.48655e+22         4.87333e+14    4.61600e-01
    2.48655e+22         4.62749e+14    4.61072e-01
    2.48655e+22         4.35454e+14    4.60401e-01
    2.48655e+22         4.04587e+14    4.59480e-01
    2.48655e+22         3.68756e+14    4.58084e-01
    2.48655e+22         3.47140e+14    4.56981e-01
    2.48655e+22         3.22720e+14    4.55589e-01
    2.48655e+22         2.94419e+14    4.53676e-01
    2.48655e+22         2.77392e+14    4.52336e-01
    2.48655e+22         2.58200e+14    4.50749e-01
    2.48655e+22         2.36033e+14    4.48784e-01
    2.48655e+22         2.22762e+14    4.47545e-01
    2.48655e+22         2.07858e+14    4.46120e-01
    2.48655e+22         1.90736e+14    4.44446e-01
    2.48655e+22         1.80566e+14    4.43438e-01
    2.48655e+22         1.69217e+14    4.42306e-01
    2.48655e+22         1.56293e+14    4.41010e-01
    2.48655e+22         1.41141e+14    4.39488e-01
    2.48655e+22         1.31850e+14    4.38554e-01
    2.48655e+22         1.21203e+14    4.37480e-01
    2.48655e+22         1.14902e+14    4.36844e-01
    2.48655e+22         1.07891e+14    4.36136e-01
    2.48655e+22         9.99385e+13    4.35333e-01
    2.48655e+22         9.06685e+13    4.34386e-01
    2.48655e+22         8.50357e+13    4.33786e-01
    2.48655e+22         7.86311e+13    4.33092e-01
    2.48655e+22         7.11387e+13    4.32249e-01
    2.48655e+22         6.65603e+13    4.31711e-01
    2.48655e+22         6.13291e+13    4.31079e-01
    2.48655e+22         5.82470e+13    4.30689e-01
    2.48655e+22         5.48288e+13    4.30241e-01
    2.48655e+22         5.09695e+13    4.29709e-01
    2.48655e+22         4.65002e+13    4.29033e-01
    2.48655e+22         4.38129e+13    4.28580e-01
    2.48655e+22         4.07836e+13    4.28011e-01
    2.48655e+22         3.72840e+13    4.27260e-01
    2.48655e+22         3.51881e+13    4.26744e-01
    2.48655e+22         3.28332e+13    4.26098e-01
    2.48655e+22         3.01259e+13    4.25248e-01
    2.48655e+22         2.85163e+13    4.24664e-01
    2.48655e+22         2.67190e+13    4.23958e-01
    2.48655e+22         2.46705e+13    4.23084e-01
    2.48655e+22         2.22659e+13    4.21942e-01
    2.48655e+22         2.07888e+13    4.21150e-01
    2.48655e+22         1.90933e+13    4.20176e-01
    2.48655e+22         1.80878e+13    4.19562e-01
    2.48655e+22         1.69669e+13    4.18845e-01
    2.48655e+22         1.56924e+13    4.17991e-01
    2.48655e+22         1.42013e+13    4.16906e-01
    2.48655e+22         1.32899e+13    4.16164e-01
    2.48655e+22         1.22487e+13    4.15254e-01
    2.48655e+22         1.16351e+13    4.14653e-01
    2.48655e+22         1.09547e+13    4.13930e-01
    2.48655e+22         1.01867e+13    4.13067e-01
    2.48655e+22         9.29804e+12    4.11990e-01
    2.48655e+22         8.76440e+12    4.11291e-01
    2.48655e+22         8.16356e+12    4.10462e-01
    2.48655e+22         7.47082e+12    4.09464e-01
    2.48655e+22         7.05709e+12    4.08834e-01
    2.48655e+22         6.59334e+12    4.08106e-01
    2.48655e+22         6.06198e+12    4.07249e-01
    2.48655e+22         5.74763e+12    4.06725e-01
    2.48655e+22         5.39792e+12    4.06133e-01
    2.48655e+22         5.00141e+12    4.05450e-01
    2.48655e+22         4.53948e+12    4.04638e-01
    2.48655e+22         4.25909e+12    4.04133e-01
    2.48655e+22         3.94056e+12    4.03555e-01
    2.48655e+22         3.56844e+12    4.02872e-01
    2.48655e+22         3.34154e+12    4.02450e-01
    2.48655e+22         3.08277e+12    4.01967e-01
    2.48655e+22         2.77872e+12    4.01395e-01
    2.48655e+22         2.59161e+12    4.01040e-01
    2.48655e+22         2.37649e+12    4.00630e-01
    2.48655e+22         2.24858e+12    4.00385e-01
    2.48655e+22         2.10570e+12    4.00111e-01
    2.48655e+22         1.94277e+12    3.99796e-01
    2.48655e+22         1.75135e+12    3.99423e-01
    2.48655e+22         1.63357e+12    3.99185e-01
    2.48655e+22         1.49819e+12    3.98902e-01
    2.48655e+22         1.41771e+12    3.98724e-01
    2.48655e+22         1.32782e+12    3.98517e-01
    2.48655e+22         1.22534e+12    3.98268e-01
    2.48655e+22         1.10499e+12    3.97947e-01
    2.48655e+22         1.03096e+12    3.97704e-01
    2.48655e+22         9.45887e+11    3.97363e-01
    2.48655e+22         8.95328e+11    3.97099e-01
    2.48655e+22         8.38876e+11    3.96751e-01
    2.48655e+22         7.74537e+11    3.96255e-01
    2.48655e+22         6.99021e+11    3.95535e-01
    2.48655e+22         6.52631e+11    3.94972e-01
    2.48655e+22         5.99388e+11    3.94236e-01
    2.48655e+22         5.67812e+11    3.93738e-01
    2.48655e+22         5.32618e+11    3.93145e-01
    2.48655e+22         4.92607e+11    3.92424e-01
    2.48655e+22         4.45816e+11    3.91517e-01
    2.48655e+22         4.17239e+11    3.90923e-01
    2.48655e+22         3.84599e+11    3.90208e-01
    2.48655e+22         3.46157e+11    3.89288e-01
    2.48655e+22         3.22408e+11    3.88651e-01
    2.48655e+22         2.95009e+11    3.87831e-01
    2.48655e+22         2.78630e+11    3.87267e-01
    2.48655e+22         2.60256e+11    3.86579e-01
    2.48655e+22         2.39185e+11    3.85731e-01
    2.48655e+22         2.26702e+11    3.85170e-01
    2.48655e+22         2.12799e+11    3.84497e-01
    2.48655e+22         1.97016e+11    3.83695e-01
    2.48655e+22         1.78595e+11    3.82699e-01
    2.48655e+22         1.67383e+11    3.82052e-01
    2.48655e+22         1.54615e+11    3.81281e-01
    2.48655e+22         1.39649e+11    3.80340e-01
    2.48655e+22         1.30474e+11    3.79731e-01
    2.48655e+22         1.19962e+11    3.79015e-01
    2.48655e+22         1.13745e+11    3.78577e-01
    2.48655e+22         1.06828e+11    3.78080e-01
    2.48655e+22         9.89862e+10    3.77506e-01
    2.48655e+22         8.98522e+10    3.76821e-01
    2.48655e+22         8.43093e+10    3.76395e-01
    2.48655e+22         7.80132e+10    3.75902e-01
    2.48655e+22         7.06597e+10    3.75315e-01
    2.48655e+22         6.61777e+10    3.74949e-01
    2.48655e+22         6.10679e+10    3.74526e-01
    2.48655e+22         5.50671e+10    3.74021e-01
    2.48655e+22         5.13771e+10    3.73705e-01
    2.48655e+22         4.71379e+10    3.73337e-01
    2.48655e+22         4.46199e+10    3.73115e-01
    2.48655e+22         4.18096e+10    3.72865e-01
    2.48655e+22         3.86088e+10    3.72577e-01
    2.48655e+22         3.48553e+10    3.72235e-01
    2.48655e+22         3.25526e+10    3.72022e-01
    2.48655e+22         2.99124e+10    3.71774e-01
    2.48655e+22         2.83491e+10    3.71626e-01
    2.48655e+22         2.66085e+10    3.71460e-01
    2.48655e+22         2.46328e+10    3.71270e-01
    2.48655e+22         2.23273e+10    3.71045e-01
    2.48655e+22         2.09243e+10    3.70906e-01
    2.48655e+22         1.93268e+10    3.70747e-01
    2.48655e+22         1.74542e+10    3.70558e-01
    2.48655e+22         1.63062e+10    3.70440e-01
    2.48655e+22         1.49910e+10    3.70305e-01
    2.48655e+22         1.42128e+10    3.70223e-01
    2.48655e+22         1.33472e+10    3.70132e-01
    2.48655e+22         1.23656e+10    3.70028e-01
    2.48655e+22         1.12220e+10    3.69905e-01
    2.48655e+22         1.05278e+10    3.69829e-01
    2.48655e+22         9.73889e+09    3.69743e-01
    2.48655e+22         8.81704e+09    3.69641e-01
    2.48655e+22         8.25469e+09    3.69577e-01
    2.48655e+22         7.61312e+09    3.69505e-01
    2.48655e+22         6.85884e+09    3.69418e-01
    2.48655e+22         6.39420e+09    3.69364e-01
    2.48655e+22         5.85957e+09    3.69301e-01
    2.48655e+22         5.54125e+09    3.69263e-01
    2.48655e+22         5.18531e+09    3.69221e-01
    2.48655e+22         4.77882e+09    3.69172e-01
    2.48655e+22         4.53953e+09    3.69142e-01
    2.48655e+22         4.27435e+09    3.69110e-01
    2.48655e+22         3.97524e+09    3.69072e-01
    2.48655e+22         3.62942e+09    3.69029e-01
    2.48655e+22         3.42200e+09    3.69003e-01
    2.48655e+22         3.18866e+09    3.68973e-01
    2.48655e+22         2.91993e+09    3.68938e-01
    2.48655e+22         2.75969e+09    3.68917e-01
    2.48655e+22         2.58030e+09    3.68893e-01
    2.48655e+22         2.37510e+09    3.68866e-01
    2.48655e+22         2.25401e+09    3.68850e-01
    2.48655e+22         2.11956e+09    3.68832e-01
    2.48655e+22         1.96751e+09    3.68811e-01
    2.48655e+22         1.79104e+09    3.68786e-01
    2.48655e+22         1.68457e+09    3.68771e-01
    2.48655e+22         1.56421e+09    3.68755e-01
    2.48655e+22         1.42462e+09    3.68735e-01
    2.48655e+22         1.34048e+09    3.68722e-01
    2.48655e+22         1.24544e+09    3.68709e-01
    2.48655e+22         1.13534e+09    3.68692e-01
    2.48655e+22         1.06909e+09    3.68683e-01
    2.48655e+22         9.94385e+08    3.68671e-01
    2.48655e+22         9.08030e+08    3.68658e-01
    2.48655e+22         8.56250e+08    3.68650e-01
    2.48655e+22         7.98018e+08    3.68641e-01
    2.48655e+22         7.30977e+08    3.68631e-01
    2.48655e+22         6.91026e+08    3.68624e-01
    2.48655e+22         6.46321e+08    3.68617e-01
    2.48655e+22         5.95219e+08    3.68609e-01
    2.48655e+22         5.65092e+08    3.68604e-01
    2.48655e+22         5.31668e+08    3.68599e-01
    2.48655e+22         4.93908e+08    3.68592e-01
    2.48655e+22         4.50155e+08    3.68585e-01
    2.48655e+22         4.23819e+08    3.68581e-01
    2.48655e+22         3.94108e+08    3.68576e-01
    2.48655e+22         3.59748e+08    3.68570e-01
    2.48655e+22         3.39130e+08    3.68566e-01
    2.48655e+22         3.15929e+08    3.68562e-01
    2.48655e+22         2.89194e+08    3.68557e-01
    2.48655e+22         2.73242e+08    3.68554e-01
    2.48655e+22         2.55372e+08    3.68551e-01
    2.48655e+22         2.34913e+08    3.68547e-01
    2.48655e+22         2.22825e+08    3.68545e-01
    2.48655e+22         2.09389e+08    3.68543e-01
    2.48655e+22         1.94174e+08    3.68540e-01
    2.48655e+22         1.76480e+08    3.68536e-01
    2.48655e+22         1.65771e+08    3.68534e-01
    2.48655e+22         1.53633e+08    3.68532e-01
    2.48655e+22         1.39502e+08    3.68529e-01
    2.48655e+22         1.30932e+08    3.68527e-01
    2.48655e+22         1.21204e+08    3.68525e-01
    2.48655e+22         1.09851e+08    3.68523e-01
    2.48655e+22         1.02941e+08    3.68522e-01
    2.48655e+22         9.50720e+07    3.68520e-01
    2.48655e+22         8.58464e+07    3.68518e-01
    2.48655e+22         8.01890e+07    3.68517e-01
    2.48655e+22         7.37050e+07    3.68516e-01
    2.48655e+22         6.98676e+07    3.68515e-01
    2.48655e+22         6.55970e+07    3.68514e-01
    2.48655e+22         6.07523e+07    3.68513e-01
    2.48655e+22         5.51041e+07    3.68511e-01
    2.48655e+22         5.16713e+07    3.68511e-01
    2.48655e+22         4.77673e+07    3.68510e-01
    2.48655e+22         4.31991e+07    3.68509e-01
    2.48655e+22         4.04064e+07    3.68508e-01
    2.48655e+22         3.72143e+07    3.68507e-01
    2.48655e+22         3.53327e+07    3.68507e-01
    2.48655e+22         3.32453e+07    3.68506e-01
    2.48655e+22         3.08877e+07    3.68506e-01
    2.48655e+22         2.81563e+07    3.68505e-01
    2.48655e+22         2.65128e+07    3.68505e-01
    2.48655e+22         2.46592e+07    3.68504e-01
    2.48655e+22         2.25166e+07    3.68504e-01
    2.48655e+22         2.12316e+07    3.68503e-01
    2.48655e+22         1.97864e+07    3.68503e-01
    2.48655e+22         1.81224e+07    3.68503e-01
    2.48655e+22         1.71306e+07    3.68502e-01
    2.48655e+22         1.60207e+07    3.68502e-01
    2.48655e+22         1.47516e+07    3.68502e-01
    2.48655e+22         1.40032e+07    3.68501e-01
    2.48655e+22         1.31726e+07    3.68501e-01
    2.48655e+22         1.22340e+07    3.68501e-01
    2.48655e+22         1.11458e+07    3.68501e-01
    2.48655e+22         1.04903e+07    3.68500e-01
    2.48655e+22         9.75032e+06    3.68500e-01
    2.48655e+22         8.89376e+06    3.68500e-01
    2.48655e+22         8.37901e+06    3.68500e-01
    2.48655e+22         7.79907e+06    3.68500e-01
    2.48655e+22         7.12967e+06    3.68500e-01
    2.48655e+22         6.72918e+06    3.68499e-01
    2.48655e+22         6.27959e+06    3.68499e-01
    2.48655e+22         5.76332e+06    3.68499e-01
    2.48655e+22         5.45687e+06    3.68499e-01
    2.48655e+22         5.11503e+06    3.68499e-01
    2.48655e+22         4.72598e+06    3.68499e-01
    2.48655e+22         4.27023e+06    3.68499e-01
    2.48655e+22         3.99112e+06    3.68499e-01
    2.48655e+22         3.67161e+06    3.68498e-01
    2.48655e+22         3.48284e+06    3.68498e-01
    2.48655e+22         3.27305e+06    3.68498e-01
    2.48655e+22         3.03550e+06    3.68498e-01
    2.48655e+22         2.75933e+06    3.68498e-01
    2.48655e+22         2.59221e+06    3.68498e-01
    2.48655e+22         2.40286e+06    3.68498e-01
    2.48655e+22         2.18249e+06    3.68498e-01
    2.48655e+22         2.04892e+06    3.68498e-01
    2.48655e+22         1.89738e+06    3.68498e-01
    2.48655e+22         1.72066e+06    3.68498e-01
    2.48655e+22         1.61322e+06    3.68498e-01
    2.48655e+22         1.49099e+06    3.68498e-01
    2.48655e+22         1.34790e+06    3.68498e-01
    2.48655e+22         1.26036e+06    3.68498e-01
    2.48655e+22         1.16024e+06    3.68498e-01
    2.48655e+22         1.10117e+06    3.68498e-01
    2.48655e+22         1.03558e+06    3.68498e-01
    2.48655e+22         9.61429e+05    3.68497e-01
    2.48655e+22         8.75396e+05    3.68497e-01
    2.48655e+22         8.23509e+05    3.68497e-01
    2.48655e+22         7.64877e+05    3.68497e-01
    2.48655e+22         6.96912e+05    3.68497e-01
    2.48655e+22         6.55979e+05    3.68497e-01
    2.48655e+22         6.09777e+05    3.68497e-01
    2.48655e+22         5.56309e+05    3.68497e-01
    2.48655e+22         5.24189e+05    3.68497e-01
    2.48655e+22         4.88012e+05    3.68497e-01
    2.48655e+22         4.46272e+05    3.68497e-01
    2.48655e+22         4.21316e+05    3.68497e-01
    2.48655e+22         3.93316e+05    3.68497e-01
    2.48655e+22         3.61187e+05    3.68497e-01
    2.48655e+22         3.42137e+05    3.68497e-01
    2.48655e+22         3.20907e+05    3.68497e-01
    2.48655e+22         2.96776e+05    3.68497e-01
    2.48655e+22         2.68560e+05    3.68497e-01
    2.48655e+22         2.51332e+05    3.68497e-01
    2.48655e+22         2.31661e+05    3.68497e-01
    2.48655e+22         2.08508e+05    3.68497e-01
    2.48655e+22         1.94217e+05    3.68497e-01
    2.48655e+22         1.77746e+05    3.68497e-01
    2.48655e+22         1.67914e+05    3.68497e-01
    2.48655e+22         1.56897e+05    3.68497e-01
    2.48655e+22         1.44277e+05    3.68497e-01
    2.48655e+22         1.36816e+05    3.68497e-01
    2.48655e+22         1.28518e+05    3.68497e-01
    2.48655e+22         1.19115e+05    3.68497e-01
    2.48655e+22         1.08168e+05    3.68497e-01
    2.48655e+22         1.01530e+05    3.68497e-01
    2.48655e+22         9.39963e+04    3.68497e-01
    2.48655e+22         8.52065e+04    3.68497e-01
    2.48655e+22         7.98582e+04    3.68497e-01
    2.48655e+22         7.37694e+04    3.68497e-01
    2.48655e+22         6.66340e+04    3.68497e-01
    2.48655e+22         6.22614e+04    3.68497e-01
    2.48655e+22         5.72530e+04    3.68497e-01
    2.48655e+22         5.42915e+04    3.68497e-01
    2.48655e+22         5.09981e+04    3.68497e-01
    2.48655e+22         4.72655e+04    3.68497e-01
    2.48655e+22         4.29203e+04    3.68497e-01
    2.48655e+22         4.02854e+04    3.68497e-01
    2.48655e+22         3.72947e+04    3.68497e-01
    2.48655e+22         3.38050e+04    3.68497e-01
    2.48655e+22         3.16813e+04    3.68497e-01
    2.48655e+22         2.92634e+04    3.68497e-01
    2.48655e+22         2.64294e+04    3.68497e-01
    2.48655e+22         2.46922e+04    3.68497e-01
    2.48655e+22         2.27020e+04    3.68497e-01
    2.48655e+22         2.15248e+04    3.68497e-01
    2.48655e+22         2.02153e+04    3.68497e-01
    2.48655e+22         1.87306e+04    3.68497e-01
    2.48655e+22         1.70013e+04    3.68497e-01
    2.48655e+22         1.59517e+04    3.68497e-01
    2.48655e+22         1.47596e+04    3.68497e-01
    2.48655e+22         1.33670e+04    3.68497e-01
    2.48655e+22         1.25181e+04    3.68497e-01
    2.48655e+22         1.15501e+04    3.68497e-01
    2.48655e+22         1.04132e+04    3.68497e-01
    2.48655e+22         9.71375e+03    3.68497e-01
    2.48655e+22         8.90999e+03    3.68497e-01
    2.48655e+22         8.43234e+03    3.68497e-01
    2.48655e+22         7.89904e+03    3.68497e-01
    2.48655e+22         7.29130e+03    3.68497e-01
    2.48655e+22         6.57802e+03    3.68497e-01
    2.48655e+22         6.13984e+03    3.68497e-01
    2.48655e+22         5.63690e+03    3.68497e-01
    2.48655e+22         5.33854e+03    3.68497e-01
    2.48655e+22         5.00591e+03    3.68497e-01
    2.48655e+22         4.62761e+03    3.68497e-01
    2.48655e+22         4.18492e+03    3.68497e-01
    2.48655e+22         3.91428e+03    3.68497e-01
    2.48655e+22         3.60491e+03    3.68497e-01
    2.48655e+22         3.42254e+03    3.68497e-01
    2.48655e+22         3.22021e+03    3.68497e-01
    2.48655e+22         2.99166e+03    3.68497e-01
    2.48655e+22         2.72686e+03    3.68497e-01
    2.48655e+22         2.56749e+03    3.68497e-01
    2.48655e+22         2.38773e+03    3.68497e-01
    2.48655e+22         2.17988e+03    3.68497e-01
    2.48655e+22         2.05520e+03    3.68497e-01
    2.48655e+22         1.91492e+03    3.68497e-01
    2.48655e+22         1.75334e+03    3.68497e-01
    2.48655e+22         1.65697e+03    3.68497e-01
    2.48655e+22         1.54907e+03    3.68497e-01
    2.48655e+22         1.42562e+03    3.68497e-01
    2.48655e+22         1.35273e+03    3.68497e-01
    2.48655e+22         1.27179e+03    3.68497e-01
    2.48655e+22         1.18021e+03    3.68497e-01
    2.48655e+22         1.07386e+03    3.68497e-01
    2.48655e+22         1.00964e+03    3.68497e-01
    2.48655e+22         9.36982e+02    3.68497e-01
    2.48655e+22         8.52622e+02    3.68497e-01
    2.48655e+22         8.01683e+02    3.68497e-01
    2.48655e+22         7.44064e+02    3.68497e-01
    2.48655e+22         6.77176e+02    3.68497e-01
    2.48655e+22         6.36799e+02    3.68497e-01
    2.48655e+22         5.91140e+02    3.68497e-01
    2.48655e+22         5.38154e+02    3.68497e-01
    2.48655e+22         5.06188e+02    3.68497e-01
    2.48655e+22         4.70056e+02    3.68497e-01
    2.48655e+22         4.28157e+02    3.68497e-01
    2.48655e+22         4.02906e+02    3.68497e-01
    2.48655e+22         3.74391e+02    3.68497e-01
    2.48655e+22         3.41367e+02    3.68497e-01
    2.48655e+22         3.21506e+02    3.68497e-01
    2.48655e+22         2.99115e+02    3.68497e-01
    2.48655e+22         2.73247e+02    3.68497e-01
    2.48655e+22         2.57748e+02    3.68497e-01
    2.48655e+22         2.40329e+02    3.68497e-01
    2.48655e+22         2.20293e+02    3.68497e-01
    2.48655e+22         2.08370e+02    3.68497e-01
    2.48655e+22         1.95043e+02    3.68497e-01
    2.48655e+22         1.79833e+02    3.68497e-01
    2.48655e+22         1.61942e+02    3.68497e-01
    2.48655e+22         1.50910e+02    3.68497e-01
    2.48655e+22         1.38206e+02    3.68497e-01
    2.48655e+22         1.30633e+02    3.68497e-01
    2.48655e+22         1.22157e+02    3.68497e-01
    2.48655e+22         1.12463e+02    3.68497e-01
    2.48655e+22         1.06745e+02    3.68497e-01
    2.48655e+22         1.00397e+02    3.68497e-01
    2.48655e+22         9.32214e+01    3.68497e-01
    2.48655e+22         8.48986e+01    3.68497e-01
    2.48655e+22         7.98814e+01    3.68497e-01
    2.48655e+22         7.42141e+01    3.68497e-01
    2.48655e+22         6.76481e+01    3.68497e-01
    2.48655e+22         6.36970e+01    3.68497e-01
    2.48655e+22         5.92404e+01    3.68497e-01
    2.48655e+22         5.40881e+01    3.68497e-01
    2.48655e+22         5.09978e+01    3.68497e-01
    2.48655e+22         4.75216e+01    3.68497e-01
    2.48655e+22         4.35182e+01    3.68497e-01
    2.48655e+22         4.11313e+01    3.68497e-01
    2.48655e+22         3.84593e+01    3.68497e-01
    2.48655e+22         3.54031e+01    3.68497e-01
    2.48655e+22         3.35998e+01    3.68497e-01
    2.48655e+22         3.15978e+01    3.68497e-01
    2.48655e+22         2.93340e+01    3.68497e-01
    2.48655e+22         2.67073e+01    3.68497e-01
    2.48655e+22         2.51230e+01    3.68497e-01
    2.48655e+22         2.33324e+01    3.68497e-01
    2.48655e+22         2.12566e+01    3.68497e-01
    2.48655e+22         2.00060e+01    3.68497e-01
    2.48655e+22         1.85943e+01    3.68497e-01
    2.48655e+22         1.69600e+01    3.68497e-01
    2.48655e+22         1.59777e+01    3.68497e-01
    2.48655e+22         1.48711e+01    3.68497e-01
    2.48655e+22         1.35935e+01    3.68497e-01
    2.48655e+22         1.28290e+01    3.68497e-01
    2.48655e+22         1.19707e+01    3.68497e-01
    2.48655e+22         1.09849e+01    3.68497e-01
    2.48655e+22         1.03996e+01    3.68497e-01
    2.48655e+22         9.74653e+00    3.68497e-01
    2.48655e+22         9.00300e+00    3.68497e-01
    2.48655e+22         8.13159e+00    3.68497e-01
    2.48655e+22         7.59750e+00    3.68497e-01
    2.48655e+22         6.98567e+00    3.68497e-01
    2.48655e+22         6.62383e+00    3.68497e-01
    2.48655e+22         6.22137e+00    3.68497e-01
    2.48655e+22         5.76516e+00    3.68497e-01
    2.48655e+22         5.23388e+00    3.68497e-01
    2.48655e+22         4.91159e+00    3.68497e-01
    2.48655e+22         4.54560e+00    3.68497e-01
    2.48655e+22         4.11831e+00    3.68497e-01
    2.48655e+22         3.85803e+00    3.68497e-01
    2.48655e+22         3.56144e+00    3.68497e-01
    2.48655e+22         3.21340e+00    3.68497e-01
    2.48655e+22         2.99965e+00    3.68497e-01
    2.48655e+22         2.75434e+00    3.68497e-01
    2.48655e+22         2.60887e+00    3.68497e-01
    2.48655e+22         2.44672e+00    3.68497e-01
    2.48655e+22         2.26237e+00    3.68497e-01
    2.48655e+22         2.04674e+00    3.68497e-01
    2.48655e+22         1.91502e+00    3.68497e-01
    2.48655e+22         1.76456e+00    3.68497e-01
    2.48655e+22         1.67594e+00    3.68497e-01
    2.48655e+22         1.57772e+00    3.68497e-01
    2.48655e+22         1.46687e+00    3.68497e-01
    2.48655e+22         1.33865e+00    3.68497e-01
    2.48655e+22         1.26167e+00    3.68497e-01
    2.48655e+22         1.17500e+00    3.68497e-01
    2.48655e+22         1.07508e+00    3.68497e-01
    2.48655e+22         1.01540e+00    3.68497e-01
    2.48655e+22         9.48506e-01    3.68497e-01
    2.48655e+22         8.71837e-01    3.68497e-01
    2.48655e+22         8.26464e-01    3.68497e-01
    2.48655e+22         7.75972e-01    3.68497e-01
    2.48655e+22         7.18696e-01    3.68497e-01
    2.48655e+22         6.51926e-01    3.68497e-01
    2.48655e+22         6.11353e-01    3.68497e-01
    2.48655e+22         5.65216e-01    3.68497e-01
    2.48655e+22         5.11238e-01    3.68497e-01
    2.48655e+22         4.78250e-01    3.68497e-01
    2.48655e+22         4.40554e-01    3.68497e-01
    2.48655e+22         4.18342e-01    3.68497e-01
    2.48655e+22         3.93709e-01    3.68497e-01
    2.48655e+22         3.65897e-01    3.68497e-01
    2.48655e+22         3.33697e-01    3.68497e-01
    2.48655e+22         3.14340e-01    3.68497e-01
    2.48655e+22         2.92525e-01    3.68497e-01
    2.48655e+22         2.67336e-01    3.68497e-01
    2.48655e+22         2.52256e-01    3.68497e-01
    2.48655e+22         2.35319e-01    3.68497e-01
    2.48655e+22         2.15856e-01    3.68497e-01
    2.48655e+22         2.04290e-01    3.68497e-01
    2.48655e+22         1.91378e-01    3.68497e-01
    2.48655e+22         1.76665e-01    3.68497e-01
    2.48655e+22         1.59400e-01    3.68497e-01
    2.48655e+22         1.48795e-01    3.68497e-01
    2.48655e+22         1.36626e-01    3.68497e-01
    2.48655e+22         1.29409e-01    3.68497e-01
    2.48655e+22         1.21364e-01    3.68497e-01
    2.48655e+22         1.12218e-01    3.68497e-01
    2.48655e+22         1.01519e-01    3.68497e-01
    2.48655e+22         9.49837e-02    3.68497e-01
    2.48655e+22         8.75175e-02    3.68497e-01
    2.48655e+22         8.31203e-02    3.68497e-01
    2.48655e+22         7.82455e-02    3.68497e-01
    2.48655e+22         7.27444e-02    3.68497e-01
    2.48655e+22         6.63798e-02    3.68497e-01
    2.48655e+22         6.25580e-02    3.68497e-01
    2.48655e+22         5.82550e-02    3.68497e-01
    2.48655e+22         5.32928e-02    3.68497e-01
    2.48655e+22         5.03282e-02    3.68497e-01
    2.48655e+22         4.70040e-02    3.68497e-01
    2.48655e+22         4.31930e-02    3.68497e-01
    2.48655e+22         4.09364e-02    3.68497e-01
    2.48655e+22         3.84242e-02    3.68497e-01
    2.48655e+22         3.55727e-02    3.68497e-01
    2.48655e+22         3.22458e-02    3.68497e-01
    2.48655e+22         3.02214e-02    3.68497e-01
    2.48655e+22         2.79166e-02    3.68497e-01
    2.48655e+22         2.52157e-02    3.68497e-01
    2.48655e+22         2.35604e-02    3.68497e-01
    2.48655e+22         2.16643e-02    3.68497e-01
    2.48655e+22         2.05430e-02    3.68497e-01
    2.48655e+22         1.92961e-02    3.68497e-01
    2.48655e+22         1.78827e-02    3.68497e-01
    2.48655e+22         1.62371e-02    3.68497e-01
    2.48655e+22         1.52391e-02    3.68497e-01
    2.48655e+22         1.41061e-02    3.68497e-01
    2.48655e+22         1.27837e-02    3.68497e-01
    2.48655e+22         1.19787e-02    3.68497e-01
    2.48655e+22         1.10618e-02    3.68497e-01
    2.48655e+22         9.98666e-03    3.68497e-01
    2.48655e+22         9.32709e-03    3.68497e-01
    2.48655e+22         8.57094e-03    3.68497e-01
    2.48655e+22         8.12322e-03    3.68497e-01
    2.48655e+22         7.62478e-03    3.68497e-01
    2.48655e+22         7.05905e-03    3.68497e-01
    2.48655e+22         6.39900e-03    3.68497e-01
    2.48655e+22         5.99738e-03    3.68497e-01
    2.48655e+22         5.54017e-03    3.68497e-01
    2.48655e+22         5.00438e-03    3.68497e-01
    2.48655e+22         4.67605e-03    3.68497e-01
    2.48655e+22         4.30000e-03    3.68497e-01
    2.48655e+22         4.07765e-03    3.68497e-01
    2.48655e+22         3.83038e-03    3.68497e-01
    2.48655e+22         3.55017e-03    3.68497e-01
    2.48655e+22         3.22397e-03    3.68497e-01
    2.48655e+22         3.02620e-03    3.68497e-01
    2.48655e+22         2.80173e-03    3.68497e-01
    2.48655e+22         2.53985e-03    3.68497e-01
    2.48655e+22         2.38052e-03    3.68497e-01
    2.48655e+22         2.19914e-03    3.68497e-01
    2.48655e+22         1.98662e-03    3.68497e-01
    2.48655e+22         1.85641e-03    3.68497e-01
    2.48655e+22         1.70728e-03    3.68497e-01
    2.48655e+22         1.61913e-03    3.68497e-01
    2.48655e+22         1.52111e-03    3.68497e-01
    2.48655e+22         1.41006e-03    3.68497e-01
    2.48655e+22         1.28082e-03    3.68497e-01
    2.48655e+22         1.20250e-03    3.68497e-01
    2.48655e+22         1.11366e-03    3.68497e-01
    2.48655e+22         1.01006e-03    3.68497e-01
    2.48655e+22         9.47098e-04    3.68497e-01
    2.48655e+22         8.75482e-04    3.68497e-01
    2.48655e+22         7.91670e-04    3.68497e-01
    2.48655e+22         7.40422e-04    3.68497e-01
    2.48655e+22         6.81834e-04    3.68497e-01
    2.48655e+22         6.47289e-04    3.68497e-01
    2.48655e+22         6.08959e-04    3.68497e-01
    2.48655e+22         5.65652e-04    3.68497e-01
    2.48655e+22         5.15459e-04    3.68497e-01
    2.48655e+22         4.85237e-04    3.68497e-01
    2.48655e+22         4.51133e-04    3.68497e-01
    2.48655e+22         4.11679e-04    3.68497e-01
    2.48655e+22         3.87989e-04    3.68497e-01
    2.48655e+22         3.61318e-04    3.68497e-01
    2.48655e+22         3.30564e-04    3.68497e-01
    2.48655e+22         3.12193e-04    3.68497e-01
    2.48655e+22         2.91596e-04    3.68497e-01
    2.48655e+22         2.67987e-04    3.68497e-01
    2.48655e+22         2.54010e-04    3.68497e-01
    2.48655e+22         2.38454e-04    3.68497e-01
    2.48655e+22         2.20801e-04    3.68497e-01
    2.48655e+22         2.00213e-04    3.68497e-01
    2.48655e+22         1.87693e-04    3.68497e-01
    2.48655e+22         1.73447e-04    3.68497e-01
    2.48655e+22         1.56765e-04    3.68497e-01
    2.48655e+22         1.46554e-04    3.68497e-01
    2.48655e+22         1.34870e-04    3.68497e-01
    2.48655e+22         1.27973e-04    3.68497e-01
    2.48655e+22         1.20312e-04    3.68497e-01
    2.48655e+22         1.11644e-04    3.68497e-01
    2.48655e+22         1.01578e-04    3.68497e-01
    2.48655e+22         9.54980e-05    3.68497e-01
    2.48655e+22         8.86192e-05    3.68497e-01
    2.48655e+22         8.06312e-05    3.68497e-01
    2.48655e+22         7.58065e-05    3.68497e-01
    2.48655e+22         7.03483e-05    3.68497e-01
    2.48655e+22         6.40101e-05    3.68497e-01
    2.48655e+22         6.01824e-05    3.68497e-01
    2.48655e+22         5.58523e-05    3.68497e-01
    2.48655e+22         5.08247e-05    3.68497e-01
    2.48655e+22         4.77890e-05    3.68497e-01
    2.48655e+22         4.43554e-05    3.68497e-01
    2.48655e+22         4.03696e-05    3.68497e-01
    2.48655e+22         3.79638e-05    3.68497e-01
    2.48655e+22         3.52433e-05    3.68497e-01
    2.48655e+22         3.20867e-05    3.68497e-01
    2.48655e+22         3.01826e-05    3.68497e-01
    2.48655e+22         2.80306e-05    3.68497e-01
    2.48655e+22         2.55355e-05    3.68497e-01
    2.48655e+22         2.40323e-05    3.68497e-01


