              t                   M              a
    1.23833e-21         1.00000e+17    8.00000e-01
    2.47665e-21         1.00000e+17    8.00000e-01
    4.95331e-21         1.00000e+17    8.00000e-01
    9.90662e-21         1.00000e+17    8.00000e-01
    1.98132e-20         1.00000e+17    8.00000e-01
    3.96265e-20         1.00000e+17    8.00000e-01
    7.92530e-20         1.00000e+17    8.00000e-01
    1.58506e-19         1.00000e+17    8.00000e-01
    3.17012e-19         1.00000e+17    8.00000e-01
    6.34024e-19         1.00000e+17    8.00000e-01
    1.26805e-18         1.00000e+17    8.00000e-01
    2.53609e-18         1.00000e+17    8.00000e-01
    5.07219e-18         1.00000e+17    8.00000e-01
    1.01444e-17         1.00000e+17    8.00000e-01
    2.02888e-17         1.00000e+17    8.00000e-01
    4.05775e-17         1.00000e+17    8.00000e-01
    8.11550e-17         1.00000e+17    8.00000e-01
    1.62310e-16         1.00000e+17    8.00000e-01
    3.24620e-16         1.00000e+17    8.00000e-01
    6.49240e-16         1.00000e+17    8.00000e-01
    1.29848e-15         1.00000e+17    8.00000e-01
    2.59696e-15         1.00000e+17    8.00000e-01
    5.19392e-15         1.00000e+17    8.00000e-01
    1.03878e-14         1.00000e+17    8.00000e-01
    2.07757e-14         1.00000e+17    8.00000e-01
    4.15514e-14         1.00000e+17    8.00000e-01
    8.31027e-14         1.00000e+17    8.00000e-01
    1.66205e-13         1.00000e+17    8.00000e-01
    3.32411e-13         1.00000e+17    8.00000e-01
    6.64822e-13         1.00000e+17    8.00000e-01
    1.32964e-12         1.00000e+17    8.00000e-01
    2.65929e-12         1.00000e+17    8.00000e-01
    5.31858e-12         1.00000e+17    8.00000e-01
    1.06372e-11         1.00000e+17    8.00000e-01
    2.12743e-11         1.00000e+17    8.00000e-01
    4.25486e-11         9.99999e+16    7.99999e-01
    8.50972e-11         9.99999e+16    7.99998e-01
    1.70194e-10         9.99997e+16    7.99996e-01
    3.40389e-10         9.99994e+16    7.99992e-01
    6.80778e-10         9.99989e+16    7.99984e-01
    1.36156e-09         9.99978e+16    7.99969e-01
    2.72311e-09         9.99956e+16    7.99938e-01
    5.44622e-09         9.99912e+16    7.99876e-01
    1.08924e-08         9.99823e+16    7.99752e-01
    2.17849e-08         9.99646e+16    7.99504e-01
    4.35698e-08         9.99293e+16    7.99008e-01
    8.71395e-08         9.98588e+16    7.98019e-01
    1.74279e-07         9.97183e+16    7.96050e-01
    3.48558e-07         9.94392e+16    7.92144e-01
    6.97116e-07         9.88887e+16    7.84467e-01
    1.39423e-06         9.78071e+16    7.69509e-01
    2.09135e-06         9.67553e+16    7.55370e-01
    2.78847e-06         9.57324e+16    7.42015e-01
    3.48558e-06         9.47215e+16    7.29224e-01
    4.18270e-06         9.37241e+16    7.16935e-01
    4.87981e-06         9.27346e+16    7.05168e-01
    5.57693e-06         9.17416e+16    6.93868e-01
    6.27405e-06         9.07443e+16    6.83019e-01
    6.97116e-06         8.97415e+16    6.72605e-01
    7.66828e-06         8.87254e+16    6.62560e-01
    8.36540e-06         8.76919e+16    6.52889e-01
    9.06251e-06         8.66405e+16    6.43570e-01
    9.75963e-06         8.55705e+16    6.34554e-01
    1.04567e-05         8.44767e+16    6.25797e-01
    1.11539e-05         8.33570e+16    6.17296e-01
    1.18510e-05         8.22092e+16    6.09044e-01
    1.25481e-05         8.10317e+16    6.01028e-01
    1.32452e-05         7.98134e+16    5.93285e-01
    1.39423e-05         7.85477e+16    5.85850e-01
    1.46394e-05         7.72381e+16    5.78621e-01
    1.53366e-05         7.58807e+16    5.71594e-01
    1.60337e-05         7.44754e+16    5.64693e-01
    1.67308e-05         7.30081e+16    5.57979e-01
    1.74279e-05         7.14736e+16    5.51429e-01
    1.81250e-05         6.98628e+16    5.45070e-01
    1.88221e-05         6.81658e+16    5.38909e-01
    1.95193e-05         6.63707e+16    5.32960e-01
    2.02164e-05         6.44771e+16    5.26993e-01
    2.09135e-05         6.24505e+16    5.21269e-01
    2.16106e-05         6.02674e+16    5.15817e-01
    2.23077e-05         5.79002e+16    5.10627e-01
    2.30048e-05         5.53078e+16    5.05762e-01
    2.37020e-05         5.24398e+16    5.01203e-01
    2.43991e-05         4.92236e+16    4.96919e-01
    2.50962e-05         4.55312e+16    4.93150e-01
    2.57933e-05         4.11620e+16    4.90114e-01
    2.61419e-05         3.84596e+16    4.89057e-01
    2.64904e-05         3.53488e+16    4.88275e-01
    2.66647e-05         3.34955e+16    4.88153e-01
    2.68390e-05         3.14237e+16    4.88241e-01
    2.70133e-05         2.90635e+16    4.88519e-01
    2.71875e-05         2.62954e+16    4.89118e-01
    2.72747e-05         2.45999e+16    4.89632e-01
    2.73618e-05         2.26593e+16    4.90322e-01
    2.74054e-05         2.15138e+16    4.90787e-01
    2.74490e-05         2.02424e+16    4.91317e-01
    2.74925e-05         1.88051e+16    4.91954e-01
    2.75361e-05         1.71381e+16    4.92734e-01
    2.75579e-05         1.61339e+16    4.93220e-01
    2.75797e-05         1.50002e+16    4.93778e-01
    2.76015e-05         1.36883e+16    4.94423e-01
    2.76123e-05         1.29003e+16    4.94811e-01
    2.76232e-05         1.20129e+16    4.95248e-01
    2.76341e-05         1.09894e+16    4.95739e-01
    2.76396e-05         1.03777e+16    4.96027e-01
    2.76450e-05         9.69182e+15    4.96345e-01
    2.76505e-05         8.90529e+15    4.96701e-01
    2.76532e-05         8.43945e+15    4.96906e-01
    2.76559e-05         7.92076e+15    4.97127e-01
    2.76586e-05         7.33189e+15    4.97372e-01
    2.76614e-05         6.64460e+15    4.97647e-01
    2.76627e-05         6.22618e+15    4.97807e-01
    2.76641e-05         5.74962e+15    4.97982e-01
    2.76654e-05         5.19078e+15    4.98178e-01
    2.76661e-05         4.84795e+15    4.98291e-01
    2.76668e-05         4.45492e+15    4.98416e-01
    2.76671e-05         4.22221e+15    4.98486e-01
    2.76675e-05         3.96313e+15    4.98561e-01
    2.76678e-05         3.66906e+15    4.98644e-01
    2.76682e-05         3.32598e+15    4.98735e-01
    2.76683e-05         3.11722e+15    4.98787e-01
    2.76685e-05         2.87957e+15    4.98844e-01
    2.76687e-05         2.60107e+15    4.98907e-01
    2.76688e-05         2.43040e+15    4.98943e-01
    2.76688e-05         2.23493e+15    4.98982e-01
    2.76689e-05         2.11934e+15    4.99004e-01
    2.76689e-05         1.99081e+15    4.99027e-01
    2.76690e-05         1.84514e+15    4.99053e-01
    2.76690e-05         1.67557e+15    4.99081e-01
    2.76690e-05         1.57276e+15    4.99097e-01
    2.76691e-05         1.45606e+15    4.99114e-01
    2.76691e-05         1.31991e+15    4.99133e-01
    2.76691e-05         1.23706e+15    4.99144e-01
    2.76691e-05         1.14275e+15    4.99156e-01
    2.76691e-05         1.03222e+15    4.99169e-01
    2.76691e-05         9.64496e+14    4.99176e-01
    2.76691e-05         8.86921e+14    4.99184e-01
    2.76691e-05         8.41052e+14    4.99189e-01
    2.76691e-05         7.90043e+14    4.99193e-01
    2.76691e-05         7.32234e+14    4.99198e-01
    2.76691e-05         6.64938e+14    4.99204e-01
    2.76691e-05         6.24134e+14    4.99207e-01
    2.76691e-05         5.77821e+14    4.99211e-01
    2.76691e-05         5.23787e+14    4.99214e-01
    2.76691e-05         4.90907e+14    4.99217e-01
    2.76691e-05         4.53476e+14    4.99219e-01
    2.76691e-05         4.09611e+14    4.99221e-01
    2.76691e-05         3.82729e+14    4.99223e-01
    2.76691e-05         3.51939e+14    4.99224e-01
    2.76691e-05         3.33732e+14    4.99225e-01
    2.76691e-05         3.13484e+14    4.99226e-01
    2.76691e-05         2.90537e+14    4.99227e-01
    2.76691e-05         2.63821e+14    4.99228e-01
    2.76691e-05         2.47621e+14    4.99229e-01
    2.76691e-05         2.29232e+14    4.99230e-01
    2.76691e-05         2.07773e+14    4.99230e-01
    2.76691e-05         1.94714e+14    4.99231e-01
    2.76691e-05         1.79844e+14    4.99231e-01
    2.76691e-05         1.62413e+14    4.99232e-01
    2.76691e-05         1.51726e+14    4.99232e-01
    2.76691e-05         1.39481e+14    4.99232e-01
    2.76691e-05         1.32237e+14    4.99233e-01
    2.76691e-05         1.24176e+14    4.99233e-01
    2.76691e-05         1.15036e+14    4.99233e-01
    2.76691e-05         1.04385e+14    4.99233e-01
    2.76691e-05         9.79175e+13    4.99233e-01
    2.76691e-05         9.05673e+13    4.99233e-01
    2.76691e-05         8.19757e+13    4.99234e-01
    2.76691e-05         7.67322e+13    4.99234e-01
    2.76691e-05         7.07476e+13    4.99234e-01
    2.76691e-05         6.37077e+13    4.99234e-01
    2.76691e-05         5.93669e+13    4.99234e-01
    2.76691e-05         5.43680e+13    4.99234e-01
    2.76691e-05         5.13878e+13    4.99234e-01
    2.76691e-05         4.80520e+13    4.99234e-01
    2.76691e-05         4.42368e+13    4.99234e-01
    2.76691e-05         4.19861e+13    4.99234e-01
    2.76691e-05         3.94875e+13    4.99234e-01
    2.76691e-05         3.66628e+13    4.99234e-01
    2.76691e-05         3.33860e+13    4.99234e-01
    2.76691e-05         3.14102e+13    4.99234e-01
    2.76691e-05         2.91780e+13    4.99234e-01
    2.76691e-05         2.65912e+13    4.99234e-01
    2.76691e-05         2.50340e+13    4.99234e-01
    2.76691e-05         2.32770e+13    4.99234e-01
    2.76691e-05         2.12447e+13    4.99234e-01
    2.76691e-05         2.00248e+13    4.99234e-01
    2.76691e-05         1.86518e+13    4.99234e-01
    2.76691e-05         1.70692e+13    4.99234e-01
    2.76691e-05         1.61244e+13    4.99234e-01
    2.76691e-05         1.50656e+13    4.99234e-01
    2.76691e-05         1.38527e+13    4.99234e-01
    2.76691e-05         1.31355e+13    4.99234e-01
    2.76691e-05         1.23377e+13    4.99234e-01
    2.76691e-05         1.14335e+13    4.99234e-01
    2.76691e-05         1.03806e+13    4.99234e-01
    2.76691e-05         9.74191e+12    4.99234e-01
    2.76691e-05         9.01675e+12    4.99234e-01
    2.76691e-05         8.17027e+12    4.99234e-01
    2.76691e-05         7.65478e+12    4.99234e-01
    2.76691e-05         7.06753e+12    4.99234e-01
    2.76691e-05         6.37863e+12    4.99234e-01
    2.76691e-05         5.95577e+12    4.99234e-01
    2.76691e-05         5.47072e+12    4.99234e-01
    2.76691e-05         5.18328e+12    4.99234e-01
    2.76691e-05         4.86308e+12    4.99234e-01
    2.76691e-05         4.49933e+12    4.99234e-01
    2.76691e-05         4.07438e+12    4.99234e-01
    2.76691e-05         3.81528e+12    4.99234e-01
    2.76691e-05         3.51979e+12    4.99234e-01
    2.76691e-05         3.17260e+12    4.99234e-01
    2.76691e-05         2.95893e+12    4.99234e-01
    2.76691e-05         2.71329e+12    4.99234e-01
    2.76691e-05         2.56722e+12    4.99234e-01
    2.76691e-05         2.40406e+12    4.99234e-01
    2.76691e-05         2.21801e+12    4.99234e-01
    2.76691e-05         1.99943e+12    4.99234e-01
    2.76691e-05         1.86493e+12    4.99234e-01
    2.76691e-05         1.71034e+12    4.99234e-01
    2.76691e-05         1.61844e+12    4.99234e-01
    2.76691e-05         1.51581e+12    4.99234e-01
    2.76691e-05         1.39881e+12    4.99234e-01
    2.76691e-05         1.26142e+12    4.99234e-01
    2.76691e-05         1.17694e+12    4.99234e-01
    2.76691e-05         1.07990e+12    4.99234e-01
    2.76691e-05         1.02227e+12    4.99234e-01
    2.76691e-05         9.57960e+11    4.99234e-01
    2.76691e-05         8.84724e+11    4.99234e-01
    2.76691e-05         7.98861e+11    4.99234e-01
    2.76691e-05         7.46205e+11    4.99234e-01
    2.76691e-05         6.85856e+11    4.99234e-01
    2.76691e-05         6.50137e+11    4.99234e-01
    2.76691e-05         6.10386e+11    4.99234e-01
    2.76691e-05         5.65289e+11    4.99234e-01
    2.76691e-05         5.12709e+11    4.99234e-01
    2.76691e-05         4.80750e+11    4.99234e-01
    2.76691e-05         4.44402e+11    4.99234e-01
    2.76691e-05         4.01864e+11    4.99234e-01
    2.76691e-05         3.75853e+11    4.99234e-01
    2.76691e-05         3.46119e+11    4.99234e-01
    2.76691e-05         3.28587e+11    4.99234e-01
    2.76691e-05         3.09135e+11    4.99234e-01
    2.76691e-05         2.87158e+11    4.99234e-01
    2.76691e-05         2.61688e+11    4.99234e-01
    2.76691e-05         2.46353e+11    4.99234e-01
    2.76691e-05         2.29050e+11    4.99234e-01
    2.76691e-05         2.09034e+11    4.99234e-01
    2.76691e-05         1.97018e+11    4.99234e-01
    2.76691e-05         1.83491e+11    4.99234e-01
    2.76691e-05         1.67896e+11    4.99234e-01
    2.76691e-05         1.58583e+11    4.99234e-01
    2.76691e-05         1.48144e+11    4.99234e-01
    2.76691e-05         1.36182e+11    4.99234e-01
    2.76691e-05         1.29104e+11    4.99234e-01
    2.76691e-05         1.21228e+11    4.99234e-01
    2.76691e-05         1.12296e+11    4.99234e-01
    2.76691e-05         1.01887e+11    4.99234e-01
    2.76691e-05         9.55646e+10    4.99234e-01
    2.76691e-05         8.83780e+10    4.99234e-01
    2.76691e-05         7.99751e+10    4.99234e-01
    2.76691e-05         7.48443e+10    4.99234e-01
    2.76691e-05         6.89860e+10    4.99234e-01
    2.76691e-05         6.20905e+10    4.99234e-01
    2.76691e-05         5.78344e+10    4.99234e-01
    2.76691e-05         5.29289e+10    4.99234e-01
    2.76691e-05         5.00004e+10    4.99234e-01
    2.76691e-05         4.67188e+10    4.99234e-01
    2.76691e-05         4.29600e+10    4.99234e-01
    2.76691e-05         4.07374e+10    4.99234e-01
    2.76691e-05         3.82656e+10    4.99234e-01
    2.76691e-05         3.54641e+10    4.99234e-01
    2.76691e-05         3.22026e+10    4.99234e-01
    2.76691e-05         3.02248e+10    4.99234e-01
    2.76691e-05         2.79797e+10    4.99234e-01
    2.76691e-05         2.53598e+10    4.99234e-01
    2.76691e-05         2.37652e+10    4.99234e-01
    2.76691e-05         2.19494e+10    4.99234e-01
    2.76691e-05         1.98208e+10    4.99234e-01
    2.76691e-05         1.85157e+10    4.99234e-01
    2.76691e-05         1.70200e+10    4.99234e-01
    2.76691e-05         1.61350e+10    4.99234e-01
    2.76691e-05         1.51502e+10    4.99234e-01
    2.76691e-05         1.40332e+10    4.99234e-01
    2.76691e-05         1.27314e+10    4.99234e-01
    2.76691e-05         1.19405e+10    4.99234e-01
    2.76691e-05         1.10414e+10    4.99234e-01
    2.76691e-05         9.98992e+09    4.99234e-01
    2.76691e-05         9.34768e+09    4.99234e-01
    2.76691e-05         8.61416e+09    4.99234e-01
    2.76691e-05         8.18228e+09    4.99234e-01
    2.76691e-05         7.70360e+09    4.99234e-01
    2.76691e-05         7.16359e+09    4.99234e-01
    2.76691e-05         6.53910e+09    4.99234e-01
    2.76691e-05         6.16436e+09    4.99234e-01
    2.76691e-05         5.74268e+09    4.99234e-01
    2.76691e-05         5.25680e+09    4.99234e-01
    2.76691e-05         4.96688e+09    4.99234e-01
    2.76691e-05         4.64211e+09    4.99234e-01
    2.76691e-05         4.27032e+09    4.99234e-01
    2.76691e-05         4.05065e+09    4.99234e-01
    2.76691e-05         3.80650e+09    4.99234e-01
    2.76691e-05         3.53004e+09    4.99234e-01
    2.76691e-05         3.20856e+09    4.99234e-01
    2.76691e-05         3.01401e+09    4.99234e-01
    2.76691e-05         2.79352e+09    4.99234e-01
    2.76691e-05         2.53686e+09    4.99234e-01
    2.76691e-05         2.38124e+09    4.99234e-01
    2.76691e-05         2.20463e+09    4.99234e-01
    2.76691e-05         1.99858e+09    4.99234e-01
    2.76691e-05         1.87322e+09    4.99234e-01
    2.76691e-05         1.73051e+09    4.99234e-01
    2.76691e-05         1.56330e+09    4.99234e-01
    2.76691e-05         1.46086e+09    4.99234e-01
    2.76691e-05         1.34354e+09    4.99234e-01
    2.76691e-05         1.27419e+09    4.99234e-01
    2.76691e-05         1.19708e+09    4.99234e-01
    2.76691e-05         1.10973e+09    4.99234e-01
    2.76691e-05         1.00807e+09    4.99234e-01
    2.76691e-05         9.46481e+08    4.99234e-01
    2.76691e-05         8.76610e+08    4.99234e-01
    2.76691e-05         7.95157e+08    4.99234e-01
    2.76691e-05         7.45659e+08    4.99234e-01
    2.76691e-05         6.89372e+08    4.99234e-01
    2.76691e-05         6.23518e+08    4.99234e-01
    2.76691e-05         5.83268e+08    4.99234e-01
    2.76691e-05         5.37272e+08    4.99234e-01
    2.76691e-05         5.10167e+08    4.99234e-01
    2.76691e-05         4.80106e+08    4.99234e-01
    2.76691e-05         4.46163e+08    4.99234e-01
    2.76691e-05         4.06859e+08    4.99234e-01
    2.76691e-05         3.83226e+08    4.99234e-01
    2.76691e-05         3.56589e+08    4.99234e-01
    2.76691e-05         3.25823e+08    4.99234e-01
    2.76691e-05         3.07398e+08    4.99234e-01
    2.76691e-05         2.86698e+08    4.99234e-01
    2.76691e-05         2.62901e+08    4.99234e-01
    2.76691e-05         2.48751e+08    4.99234e-01
    2.76691e-05         2.32946e+08    4.99234e-01
    2.76691e-05         2.14923e+08    4.99234e-01
    2.76691e-05         1.93750e+08    4.99234e-01
    2.76691e-05         1.80724e+08    4.99234e-01
    2.76691e-05         1.65752e+08    4.99234e-01
    2.76691e-05         1.56852e+08    4.99234e-01
    2.76691e-05         1.46914e+08    4.99234e-01
    2.76691e-05         1.35587e+08    4.99234e-01
    2.76691e-05         1.22287e+08    4.99234e-01
    2.76691e-05         1.14112e+08    4.99234e-01
    2.76691e-05         1.04723e+08    4.99234e-01
    2.76691e-05         9.91497e+07    4.99234e-01
    2.76691e-05         9.29319e+07    4.99234e-01
    2.76691e-05         8.58542e+07    4.99234e-01
    2.76691e-05         7.75615e+07    4.99234e-01
    2.76691e-05         7.24811e+07    4.99234e-01
    2.76691e-05         6.66636e+07    4.99234e-01
    2.76691e-05         6.32250e+07    4.99234e-01
    2.76691e-05         5.94022e+07    4.99234e-01
    2.76691e-05         5.50715e+07    4.99234e-01
    2.76691e-05         5.00330e+07    4.99234e-01
    2.76691e-05         4.69808e+07    4.99234e-01
    2.76691e-05         4.35191e+07    4.99234e-01
    2.76691e-05         3.94847e+07    4.99234e-01
    2.76691e-05         3.70343e+07    4.99234e-01
    2.76691e-05         3.42489e+07    4.99234e-01
    2.76691e-05         3.09920e+07    4.99234e-01
    2.76691e-05         2.90033e+07    4.99234e-01
    2.76691e-05         2.67325e+07    4.99234e-01
    2.76691e-05         2.40595e+07    4.99234e-01
    2.76691e-05         2.24096e+07    4.99234e-01
    2.76691e-05         2.05078e+07    4.99234e-01
    2.76691e-05         1.93723e+07    4.99234e-01
    2.76691e-05         1.80998e+07    4.99234e-01
    2.76691e-05         1.66422e+07    4.99234e-01
    2.76691e-05         1.57801e+07    4.99234e-01
    2.76691e-05         1.48212e+07    4.99234e-01
    2.76691e-05         1.37342e+07    4.99234e-01
    2.76691e-05         1.24684e+07    4.99234e-01
    2.76691e-05         1.17004e+07    4.99234e-01
    2.76691e-05         1.08284e+07    4.99234e-01
    2.76691e-05         9.81022e+06    4.99234e-01
    2.76691e-05         9.18998e+06    4.99234e-01
    2.76691e-05         8.48318e+06    4.99234e-01
    2.76691e-05         7.65371e+06    4.99234e-01
    2.76691e-05         7.14421e+06    4.99234e-01
    2.76691e-05         6.55945e+06    4.99234e-01
    2.76691e-05         6.21261e+06    4.99234e-01
    2.76691e-05         5.82596e+06    4.99234e-01
    2.76691e-05         5.38630e+06    4.99234e-01
    2.76691e-05         4.87192e+06    4.99234e-01
    2.76691e-05         4.55756e+06    4.99234e-01
    2.76691e-05         4.19834e+06    4.99234e-01
    2.76691e-05         3.98667e+06    4.99234e-01
    2.76691e-05         3.75194e+06    4.99234e-01
    2.76691e-05         3.48691e+06    4.99234e-01
    2.76691e-05         3.18007e+06    4.99234e-01
    2.76691e-05         2.99561e+06    4.99234e-01
    2.76691e-05         2.78774e+06    4.99234e-01
    2.76691e-05         2.54771e+06    4.99234e-01
    2.76691e-05         2.40401e+06    4.99234e-01
    2.76691e-05         2.24263e+06    4.99234e-01
    2.76691e-05         2.05718e+06    4.99234e-01
    2.76691e-05         1.94698e+06    4.99234e-01
    2.76691e-05         1.82396e+06    4.99234e-01
    2.76691e-05         1.68378e+06    4.99234e-01
    2.76691e-05         1.51929e+06    4.99234e-01
    2.76691e-05         1.41827e+06    4.99234e-01
    2.76691e-05         1.30235e+06    4.99234e-01
    2.76691e-05         1.23361e+06    4.99234e-01
    2.76691e-05         1.15700e+06    4.99234e-01
    2.76691e-05         1.06991e+06    4.99234e-01
    2.76691e-05         9.68063e+05    4.99234e-01
    2.76691e-05         9.05860e+05    4.99234e-01
    2.76691e-05         8.34821e+05    4.99234e-01
    2.76691e-05         7.92999e+05    4.99234e-01
    2.76691e-05         7.46649e+05    4.99234e-01
    2.76691e-05         6.94367e+05    4.99234e-01
    2.76691e-05         6.33915e+05    4.99234e-01
    2.76691e-05         5.97649e+05    4.99234e-01
    2.76691e-05         5.56848e+05    4.99234e-01
    2.76691e-05         5.09849e+05    4.99234e-01
    2.76691e-05         4.81818e+05    4.99234e-01
    2.76691e-05         4.50430e+05    4.99234e-01
    2.76691e-05         4.14515e+05    4.99234e-01
    2.76691e-05         3.93311e+05    4.99234e-01
    2.76691e-05         3.69759e+05    4.99234e-01
    2.76691e-05         3.43111e+05    4.99234e-01
    2.76691e-05         3.12163e+05    4.99234e-01
    2.76691e-05         2.93469e+05    4.99234e-01
    2.76691e-05         2.72317e+05    4.99234e-01
    2.76691e-05         2.47752e+05    4.99234e-01
    2.76691e-05         2.32912e+05    4.99234e-01
    2.76691e-05         2.16122e+05    4.99234e-01
    2.76691e-05         1.96622e+05    4.99234e-01
    2.76691e-05         1.84842e+05    4.99234e-01
    2.76691e-05         1.71513e+05    4.99234e-01
    2.76691e-05         1.56031e+05    4.99234e-01
    2.76691e-05         1.46678e+05    4.99234e-01
    2.76691e-05         1.36094e+05    4.99234e-01
    2.76691e-05         1.23800e+05    4.99234e-01
    2.76691e-05         1.16371e+05    4.99234e-01
    2.76691e-05         1.07964e+05    4.99234e-01
    2.76691e-05         9.81960e+04    4.99234e-01
    2.76691e-05         9.22922e+04    4.99234e-01
    2.76691e-05         8.56090e+04    4.99234e-01
    2.76691e-05         7.78415e+04    4.99234e-01
    2.76691e-05         7.31439e+04    4.99234e-01
    2.76691e-05         6.78237e+04    4.99234e-01
    2.76691e-05         6.16360e+04    4.99234e-01
    2.76691e-05         5.78898e+04    4.99234e-01
    2.76691e-05         5.36431e+04    4.99234e-01
    2.76691e-05         4.86973e+04    4.99234e-01
    2.76691e-05         4.56966e+04    4.99234e-01
    2.76691e-05         4.22889e+04    4.99234e-01
    2.76691e-05         3.83099e+04    4.99234e-01
    2.76691e-05         3.58857e+04    4.99234e-01
    2.76691e-05         3.31228e+04    4.99234e-01
    2.76691e-05         2.98798e+04    4.99234e-01
    2.76691e-05         2.78872e+04    4.99234e-01
    2.76691e-05         2.55997e+04    4.99234e-01
    2.76691e-05         2.42425e+04    4.99234e-01
    2.76691e-05         2.27290e+04    4.99234e-01
    2.76691e-05         2.10072e+04    4.99234e-01
    2.76691e-05         1.89916e+04    4.99234e-01
    2.76691e-05         1.77585e+04    4.99234e-01
    2.76691e-05         1.63482e+04    4.99234e-01
    2.76691e-05         1.55162e+04    4.99234e-01
    2.76691e-05         1.45925e+04    4.99234e-01
    2.76691e-05         1.35483e+04    4.99234e-01
    2.76691e-05         1.23368e+04    4.99234e-01
    2.76691e-05         1.16062e+04    4.99234e-01
    2.76691e-05         1.07808e+04    4.99234e-01
    2.76691e-05         9.82421e+03    4.99234e-01
    2.76691e-05         9.24820e+03    4.99234e-01
    2.76691e-05         8.59822e+03    4.99234e-01
    2.76691e-05         7.84624e+03    4.99234e-01
    2.76691e-05         7.39473e+03    4.99234e-01
    2.76691e-05         6.88640e+03    4.99234e-01
    2.76691e-05         6.30026e+03    4.99234e-01
    2.76691e-05         5.95012e+03    4.99234e-01
    2.76691e-05         5.55756e+03    4.99234e-01
    2.76691e-05         5.10758e+03    4.99234e-01
    2.76691e-05         4.84120e+03    4.99234e-01
    2.76691e-05         4.54470e+03    4.99234e-01
    2.76691e-05         4.20825e+03    4.99234e-01
    2.76691e-05         3.81585e+03    4.99234e-01
    2.76691e-05         3.57722e+03    4.99234e-01
    2.76691e-05         3.30570e+03    4.99234e-01
    2.76691e-05         2.98774e+03    4.99234e-01
    2.76691e-05         2.79312e+03    4.99234e-01
    2.76691e-05         2.57044e+03    4.99234e-01
    2.76691e-05         2.43897e+03    4.99234e-01
    2.76691e-05         2.29294e+03    4.99234e-01
    2.76691e-05         2.12772e+03    4.99234e-01
    2.76691e-05         1.93585e+03    4.99234e-01
    2.76691e-05         1.81996e+03    4.99234e-01
    2.76691e-05         1.68883e+03    4.99234e-01
    2.76691e-05         1.53655e+03    4.99234e-01
    2.76691e-05         1.44458e+03    4.99234e-01
    2.76691e-05         1.34051e+03    4.99234e-01
    2.76691e-05         1.21966e+03    4.99234e-01
    2.76691e-05         1.14667e+03    4.99234e-01
    2.76691e-05         1.06409e+03    4.99234e-01
    2.76691e-05         9.68200e+02    4.99234e-01
    2.76691e-05         9.10285e+02    4.99234e-01
    2.76691e-05         8.44766e+02    4.99234e-01
    2.76691e-05         7.68690e+02    4.99234e-01
    2.76691e-05         7.22751e+02    4.99234e-01
    2.76691e-05         6.70785e+02    4.99234e-01
    2.76691e-05         6.10457e+02    4.99234e-01
    2.76691e-05         5.74036e+02    4.99234e-01
    2.76691e-05         5.32847e+02    4.99234e-01
    2.76691e-05         4.85044e+02    4.99234e-01
    2.76691e-05         4.56199e+02    4.99234e-01
    2.76691e-05         4.23592e+02    4.99234e-01
    2.76691e-05         3.85770e+02    4.99234e-01
    2.76691e-05         3.62970e+02    4.99234e-01
    2.76691e-05         3.37215e+02    4.99234e-01
    2.76691e-05         3.07376e+02    4.99234e-01
    2.76691e-05         2.89419e+02    4.99234e-01
    2.76691e-05         2.69165e+02    4.99234e-01
    2.76691e-05         2.45748e+02    4.99234e-01
    2.76691e-05         2.31702e+02    4.99234e-01
    2.76691e-05         2.15901e+02    4.99234e-01
    2.76691e-05         1.97702e+02    4.99234e-01
    2.76691e-05         1.86851e+02    4.99234e-01
    2.76691e-05         1.74703e+02    4.99234e-01
    2.76691e-05         1.60806e+02    4.99234e-01
    2.76691e-05         1.52605e+02    4.99234e-01
    2.76691e-05         1.43498e+02    4.99234e-01
    2.76691e-05         1.33200e+02    4.99234e-01
    2.76691e-05         1.21247e+02    4.99234e-01
    2.76691e-05         1.14034e+02    4.99234e-01
    2.76691e-05         1.05880e+02    4.99234e-01
    2.76691e-05         9.64211e+01    4.99234e-01
    2.76691e-05         9.07184e+01    4.99234e-01
    2.76691e-05         8.42763e+01    4.99234e-01
    2.76691e-05         7.68116e+01    4.99234e-01
    2.76691e-05         7.23187e+01    4.99234e-01
    2.76691e-05         6.72500e+01    4.99234e-01
    2.76691e-05         6.13886e+01    4.99234e-01
    2.76691e-05         5.78715e+01    4.99234e-01
    2.76691e-05         5.39139e+01    4.99234e-01
    2.76691e-05         4.93540e+01    4.99234e-01
    2.76691e-05         4.66332e+01    4.99234e-01
    2.76691e-05         4.35858e+01    4.99234e-01
    2.76691e-05         4.00973e+01    4.99234e-01
    2.76691e-05         3.80363e+01    4.99234e-01
    2.76691e-05         3.57459e+01    4.99234e-01
    2.76691e-05         3.31527e+01    4.99234e-01
    2.76691e-05         3.01378e+01    4.99234e-01
    2.76691e-05         2.83137e+01    4.99234e-01
    2.76691e-05         2.62471e+01    4.99234e-01
    2.76691e-05         2.38421e+01    4.99234e-01
    2.76691e-05         2.23848e+01    4.99234e-01
    2.76691e-05         2.07315e+01    4.99234e-01
    2.76691e-05         1.88041e+01    4.99234e-01
    2.76691e-05         1.76327e+01    4.99234e-01
    2.76691e-05         1.63005e+01    4.99234e-01
    2.76691e-05         1.47417e+01    4.99234e-01
    2.76691e-05         1.37887e+01    4.99234e-01
    2.76691e-05         1.26994e+01    4.99234e-01
    2.76691e-05         1.20573e+01    4.99234e-01
    2.76691e-05         1.13451e+01    4.99234e-01
    2.76691e-05         1.05406e+01    4.99234e-01
    2.76691e-05         9.60854e+00    4.99234e-01
    2.76691e-05         9.04774e+00    4.99234e-01
    2.76691e-05         8.41527e+00    4.99234e-01
    2.76691e-05         7.68416e+00    4.99234e-01
    2.76691e-05         7.24573e+00    4.99234e-01
    2.76691e-05         6.75264e+00    4.99234e-01
    2.76691e-05         6.18491e+00    4.99234e-01
    2.76691e-05         5.84654e+00    4.99234e-01
    2.76691e-05         5.46787e+00    4.99234e-01
    2.76691e-05         5.03494e+00    4.99234e-01
    2.76691e-05         4.77964e+00    4.99234e-01
    2.76691e-05         4.49635e+00    4.99234e-01
    2.76691e-05         4.17623e+00    4.99234e-01
    2.76691e-05         3.80516e+00    4.99234e-01
    2.76691e-05         3.58167e+00    4.99234e-01
    2.76691e-05         3.32942e+00    4.99234e-01
    2.76691e-05         3.03750e+00    4.99234e-01
    2.76691e-05         2.86213e+00    4.99234e-01
    2.76691e-05         2.66462e+00    4.99234e-01
    2.76691e-05         2.43675e+00    4.99234e-01
    2.76691e-05         2.30050e+00    4.99234e-01
    2.76691e-05         2.14764e+00    4.99234e-01
    2.76691e-05         1.97225e+00    4.99234e-01
    2.76691e-05         1.86826e+00    4.99234e-01
    2.76691e-05         1.75237e+00    4.99234e-01
    2.76691e-05         1.62065e+00    4.99234e-01
    2.76691e-05         1.46665e+00    4.99234e-01
    2.76691e-05         1.37263e+00    4.99234e-01
    2.76691e-05         1.26529e+00    4.99234e-01
    2.76691e-05         1.13896e+00    4.99234e-01
    2.76691e-05         1.06100e+00    4.99234e-01
    2.76691e-05         9.71175e-01    4.99234e-01
    2.76691e-05         9.17567e-01    4.99234e-01
    2.76691e-05         8.57513e-01    4.99234e-01
    2.76691e-05         7.88752e-01    4.99234e-01
    2.76691e-05         7.48116e-01    4.99234e-01
    2.76691e-05         7.02946e-01    4.99234e-01
    2.76691e-05         6.51784e-01    4.99234e-01
    2.76691e-05         5.92276e-01    4.99234e-01
    2.76691e-05         5.56242e-01    4.99234e-01
    2.76691e-05         5.15388e-01    4.99234e-01
    2.76691e-05         4.67800e-01    4.99234e-01
    2.76691e-05         4.38920e-01    4.99234e-01
    2.76691e-05         4.06113e-01    4.99234e-01
    2.76691e-05         3.67792e-01    4.99234e-01
    2.76691e-05         3.44431e-01    4.99234e-01
    2.76691e-05         3.17793e-01    4.99234e-01
    2.76691e-05         2.86503e-01    4.99234e-01
    2.76691e-05         2.67254e-01    4.99234e-01
    2.76691e-05         2.45132e-01    4.99234e-01
    2.76691e-05         2.31984e-01    4.99234e-01
    2.76691e-05         2.17304e-01    4.99234e-01
    2.76691e-05         2.00574e-01    4.99234e-01
    2.76691e-05         1.80936e-01    4.99234e-01
    2.76691e-05         1.68871e-01    4.99234e-01
    2.76691e-05         1.55019e-01    4.99234e-01
    2.76691e-05         1.46800e-01    4.99234e-01
    2.76691e-05         1.37635e-01    4.99234e-01
    2.76691e-05         1.27209e-01    4.99234e-01
    2.76691e-05         1.15004e-01    4.99234e-01
    2.76691e-05         1.07537e-01    4.99234e-01
    2.76691e-05         9.89976e-02    4.99234e-01
    2.76691e-05         9.39594e-02    4.99234e-01
    2.76691e-05         8.83665e-02    4.99234e-01
    2.76691e-05         8.20432e-02    4.99234e-01
    2.76691e-05         7.47076e-02    4.99234e-01
    2.76691e-05         7.02842e-02    4.99234e-01
    2.76691e-05         6.52864e-02    4.99234e-01
    2.76691e-05         5.94942e-02    4.99234e-01
    2.76691e-05         5.60067e-02    4.99234e-01
    2.76691e-05         5.20714e-02    4.99234e-01
    2.76691e-05         4.75188e-02    4.99234e-01
    2.76691e-05         4.47854e-02    4.99234e-01
    2.76691e-05         4.17082e-02    4.99234e-01
    2.76691e-05         3.81602e-02    4.99234e-01
    2.76691e-05         3.60410e-02    4.99234e-01
    2.76691e-05         3.36652e-02    4.99234e-01
    2.76691e-05         3.09423e-02    4.99234e-01
    2.76691e-05         2.93306e-02    4.99234e-01
    2.76691e-05         2.75370e-02    4.99234e-01
    2.76691e-05         2.55021e-02    4.99234e-01
    2.76691e-05         2.31296e-02    4.99234e-01
    2.76691e-05         2.16875e-02    4.99234e-01
    2.76691e-05         2.00472e-02    4.99234e-01
    2.76691e-05         1.81275e-02    4.99234e-01
    2.76691e-05         1.69535e-02    4.99234e-01
    2.76691e-05         1.56114e-02    4.99234e-01
    2.76691e-05         1.48200e-02    4.99234e-01
    2.76691e-05         1.39419e-02    4.99234e-01
    2.76691e-05         1.29496e-02    4.99234e-01
    2.76691e-05         1.17994e-02    4.99234e-01
    2.76691e-05         1.11067e-02    4.99234e-01
    2.76691e-05         1.03249e-02    4.99234e-01
    2.76691e-05         9.42027e-03    4.99234e-01
    2.76691e-05         8.87691e-03    4.99234e-01
    2.76691e-05         8.26498e-03    4.99234e-01
    2.76691e-05         7.55910e-03    4.99234e-01
    2.76691e-05         7.13716e-03    4.99234e-01
    2.76691e-05         6.66385e-03    4.99234e-01
    2.76691e-05         6.12093e-03    4.99234e-01
    2.76691e-05         5.79917e-03    4.99234e-01
    2.76691e-05         5.44072e-03    4.99234e-01
    2.76691e-05         5.03349e-03    4.99234e-01
    2.76691e-05         4.55769e-03    4.99234e-01
    2.76691e-05         4.26753e-03    4.99234e-01
    2.76691e-05         3.93657e-03    4.99234e-01
    2.76691e-05         3.54761e-03    4.99234e-01
    2.76691e-05         3.30816e-03    4.99234e-01
    2.76691e-05         3.03278e-03    4.99234e-01
    2.76691e-05         2.86895e-03    4.99234e-01
    2.76691e-05         2.68588e-03    4.99234e-01
    2.76691e-05         2.47700e-03    4.99234e-01
    2.76691e-05         2.23141e-03    4.99234e-01
    2.76691e-05         2.08009e-03    4.99234e-01
    2.76691e-05         1.90596e-03    4.99234e-01
    2.76691e-05         1.80226e-03    4.99234e-01
    2.76691e-05         1.68628e-03    4.99234e-01
    2.76691e-05         1.55380e-03    4.99234e-01
    2.76691e-05         1.47578e-03    4.99234e-01
    2.76691e-05         1.38930e-03    4.99234e-01
    2.76691e-05         1.29171e-03    4.99234e-01
    2.76691e-05         1.17882e-03    4.99234e-01
    2.76691e-05         1.11105e-03    4.99234e-01
    2.76691e-05         1.03476e-03    4.99234e-01
    2.76691e-05         9.46801e-04    4.99234e-01
    2.76691e-05         8.94272e-04    4.99234e-01
    2.76691e-05         8.35390e-04    4.99234e-01
    2.76691e-05         7.67915e-04    4.99234e-01
    2.76691e-05         7.27989e-04    4.99234e-01
    2.76691e-05         6.83562e-04    4.99234e-01
    2.76691e-05         6.33173e-04    4.99234e-01
    2.76691e-05         5.74446e-04    4.99234e-01
    2.76691e-05         5.38771e-04    4.99234e-01
    2.76691e-05         4.98215e-04    4.99234e-01
    2.76691e-05         4.50788e-04    4.99234e-01
    2.76691e-05         4.21822e-04    4.99234e-01
    2.76691e-05         3.88742e-04    4.99234e-01
    2.76691e-05         3.69266e-04    4.99234e-01
    2.76691e-05         3.47683e-04    4.99234e-01
    2.76691e-05         3.23337e-04    4.99234e-01
    2.76691e-05         2.95186e-04    4.99234e-01
    2.76691e-05         2.78298e-04    4.99234e-01
    2.76691e-05         2.59298e-04    4.99234e-01
    2.76691e-05         2.37412e-04    4.99234e-01
    2.76691e-05         2.24358e-04    4.99234e-01
    2.76691e-05         2.09741e-04    4.99234e-01
    2.76691e-05         1.93016e-04    4.99234e-01
    2.76691e-05         1.83141e-04    4.99234e-01
    2.76691e-05         1.72173e-04    4.99234e-01
    2.76691e-05         1.59763e-04    4.99234e-01
    2.76691e-05         1.45350e-04    4.99234e-01
    2.76691e-05         1.36643e-04    4.99234e-01
    2.76691e-05         1.26791e-04    4.99234e-01
    2.76691e-05         1.15349e-04    4.99234e-01
    2.76691e-05         1.08437e-04    4.99234e-01
    2.76691e-05         1.00616e-04    4.99234e-01
    2.76691e-05         9.15307e-05    4.99234e-01
    2.76691e-05         8.60418e-05    4.99234e-01
    2.76691e-05         7.98302e-05    4.99234e-01
    2.76691e-05         7.26144e-05    4.99234e-01
    2.76691e-05         6.82538e-05    4.99234e-01
    2.76691e-05         6.33183e-05    4.99234e-01
    2.76691e-05         5.75833e-05    4.99234e-01
    2.76691e-05         5.41162e-05    4.99234e-01
    2.76691e-05         5.01906e-05    4.99234e-01
    2.76691e-05         4.56269e-05    4.99234e-01
    2.76691e-05         4.28658e-05    4.99234e-01
    2.76691e-05         3.97375e-05    4.99234e-01
    2.76691e-05         3.60972e-05    4.99234e-01
    2.76691e-05         3.38915e-05    4.99234e-01
    2.76691e-05         3.13893e-05    4.99234e-01
    2.76691e-05         2.84723e-05    4.99234e-01
    2.76691e-05         2.66997e-05    4.99234e-01
    2.76691e-05         2.46838e-05    4.99234e-01


